0	291
0	598
0	614
1	56
1	115
1	133
1	387
1	823
1	923
1	960
2	5
2	69
2	269
2	295
2	315
2	461
2	466
2	783
2	834
2	853
2	888
2	913
2	955
2	981
3	105
3	232
3	337
3	466
3	541
3	582
3	662
3	670
3	887
3	950
3	984
4	42
4	145
4	229
4	264
4	313
4	319
4	671
4	714
4	728
4	774
4	871
5	32
5	86
5	256
5	312
5	425
5	571
5	618
5	744
5	754
5	854
5	881
5	907
6	175
6	180
6	256
6	378
6	481
6	507
6	640
7	83
7	144
7	156
7	277
7	581
7	612
7	643
7	678
7	757
7	807
7	814
7	946
8	42
8	166
8	210
8	236
8	289
8	402
8	507
8	556
8	670
8	702
8	714
8	720
8	735
8	756
8	996
9	35
9	103
9	124
9	145
9	173
9	245
9	439
9	525
9	550
9	606
9	660
9	745
9	816
9	834
10	312
10	319
10	323
10	478
10	503
10	556
10	633
10	763
10	779
10	782
10	950
10	971
11	82
11	667
11	670
12	414
12	530
12	713
12	729
12	801
12	924
13	266
13	397
13	439
13	458
14	47
14	274
15	63
15	471
15	539
15	729
15	846
15	966
15	990
16	116
16	167
16	490
16	525
16	662
16	772
16	793
16	810
16	866
16	943
17	152
17	239
17	324
17	358
17	360
17	415
17	544
17	646
17	754
17	824
17	863
17	926
19	197
19	509
20	115
20	131
20	286
20	426
20	458
20	740
20	742
20	750
20	951
20	965
20	982
21	265
21	304
21	346
21	443
21	451
21	460
21	599
21	750
21	787
21	872
21	914
21	933
22	64
22	103
22	133
22	161
22	394
22	457
22	636
22	651
22	709
22	785
22	815
22	902
22	985
24	35
24	37
24	55
24	70
24	78
24	96
24	101
24	301
24	340
24	658
24	729
24	831
24	846
24	851
24	878
24	992
25	118
25	269
25	511
25	611
25	646
25	696
25	727
25	853
25	860
26	384
26	419
26	467
26	639
26	658
26	660
26	729
26	792
26	861
27	32
27	39
27	54
27	168
27	247
27	256
27	305
27	328
27	363
27	372
27	389
27	646
27	697
27	702
27	799
27	815
27	881
27	890
27	933
27	962
28	57
28	77
28	136
28	166
28	242
28	258
28	324
28	373
28	377
28	400
28	590
28	791
28	902
28	912
28	978
28	997
30	82
30	224
30	269
30	638
30	829
30	871
31	918
32	91
32	270
32	604
32	621
32	640
32	665
32	709
32	790
32	854
32	879
32	888
32	893
32	919
32	937
33	233
33	499
34	91
34	226
34	381
34	462
34	631
34	771
35	37
35	55
35	202
35	208
35	384
35	463
35	531
35	576
35	812
36	57
36	78
36	225
36	334
36	373
36	447
36	464
36	733
36	738
36	750
36	758
36	825
36	832
36	845
36	900
36	927
37	218
37	221
37	318
37	439
37	531
37	768
37	888
37	969
38	44
38	239
38	246
38	248
38	403
38	545
39	103
39	159
39	201
39	421
39	472
39	591
39	594
39	619
39	714
39	734
39	745
39	770
39	787
39	793
39	815
39	846
39	893
39	902
39	909
39	986
40	112
40	298
40	348
40	462
40	544
40	707
40	727
40	737
40	739
40	780
40	913
40	934
40	959
41	258
41	316
41	480
41	593
41	645
41	748
41	836
42	130
42	229
42	271
42	307
42	336
42	378
42	477
42	486
42	527
42	702
42	799
42	818
42	914
42	950
42	981
43	46
43	147
43	180
43	413
43	477
43	529
43	772
43	971
44	66
44	184
44	214
44	324
44	358
44	363
44	453
44	573
44	626
44	679
44	758
44	820
44	835
44	927
45	76
45	90
45	219
45	221
45	236
45	271
45	294
45	304
45	307
45	361
45	472
45	529
45	533
45	591
45	656
45	702
45	709
45	728
45	734
45	745
45	812
45	848
45	907
45	930
46	69
46	130
46	180
46	369
46	416
46	421
46	449
46	453
46	477
46	529
46	542
46	609
46	663
46	714
46	736
46	761
46	779
46	866
46	898
46	949
47	87
47	110
47	315
47	403
47	440
47	557
47	727
47	730
47	913
47	949
47	972
48	66
48	112
48	134
48	192
48	274
48	415
48	428
48	481
48	872
48	955
49	79
49	282
49	333
49	579
49	922
49	940
49	982
50	68
50	147
50	153
50	161
50	183
50	201
50	432
50	525
50	532
50	533
50	636
50	659
50	738
50	818
50	930
50	949
50	985
50	986
51	95
51	122
51	246
51	455
51	880
51	923
51	939
51	954
52	124
52	139
52	201
52	286
52	335
52	434
52	471
52	472
52	517
52	793
52	846
52	938
52	964
53	177
54	116
54	219
54	287
54	325
54	335
54	397
54	425
54	451
54	546
54	619
54	674
54	697
54	709
54	879
54	904
54	962
55	262
55	340
55	384
55	531
55	770
55	826
55	857
56	67
56	306
56	330
56	446
56	483
56	650
56	666
56	704
56	766
56	823
57	79
57	88
57	131
57	266
57	469
57	477
57	854
57	858
57	892
58	110
58	226
58	239
58	260
58	489
58	580
58	590
58	626
58	674
58	807
59	447
59	483
59	581
59	717
59	750
59	757
59	786
59	900
59	927
60	303
60	390
60	795
60	828
61	111
62	149
62	190
62	292
62	679
62	911
63	235
63	891
64	73
64	704
64	740
64	795
64	833
64	894
64	965
65	109
65	123
65	319
65	336
65	630
65	683
65	711
65	722
65	899
66	153
66	192
66	312
66	348
66	360
66	697
66	754
66	796
66	798
66	879
66	913
67	90
67	365
67	891
67	966
68	69
68	96
68	122
68	472
68	534
68	685
68	731
68	815
68	883
68	926
68	949
68	964
69	185
69	307
69	348
69	471
69	527
69	532
69	533
69	569
69	591
69	736
69	817
69	826
69	832
69	926
69	986
70	283
70	304
70	497
70	655
71	104
71	210
71	215
71	363
71	525
71	662
71	711
71	735
71	765
71	782
71	783
71	817
72	276
72	548
72	666
72	695
73	78
73	286
73	329
73	465
73	471
73	517
73	686
73	740
73	840
73	851
73	895
73	969
74	95
74	125
74	352
74	419
74	488
74	491
74	509
74	750
74	832
74	879
75	519
75	715
75	800
75	946
75	968
76	101
76	153
76	215
76	221
76	241
76	242
76	271
76	298
76	339
76	496
76	507
76	523
76	532
76	594
76	735
76	774
76	967
76	990
77	366
77	489
77	558
77	600
77	744
77	794
77	879
77	886
77	902
77	919
78	286
78	397
78	429
78	617
78	635
78	685
78	833
78	990
79	124
79	266
79	520
79	567
79	733
79	747
79	758
79	827
79	902
79	994
80	485
81	175
81	264
81	487
81	514
81	540
81	578
81	718
81	772
81	914
81	949
82	207
82	386
82	388
82	505
82	645
82	696
83	87
83	159
83	212
83	220
83	405
83	538
83	565
83	766
83	868
83	923
84	249
84	463
84	700
84	752
85	435
85	557
85	661
85	813
85	908
85	934
86	188
86	289
86	361
86	389
86	536
86	615
86	830
86	917
86	930
87	136
87	159
87	165
87	188
87	373
87	437
87	451
87	561
87	773
87	790
87	848
87	858
87	907
87	908
88	144
88	169
88	254
88	495
88	643
88	920
89	96
89	142
89	185
89	429
89	508
89	573
89	606
89	650
89	701
89	854
89	937
89	974
90	286
90	372
90	429
90	471
90	476
90	521
90	522
90	567
90	586
90	655
90	674
90	701
90	894
90	964
91	168
91	246
91	251
91	256
91	289
91	475
91	476
91	551
91	594
91	626
91	727
91	744
91	937
92	273
92	345
92	846
93	278
93	408
93	466
93	484
93	640
93	647
93	792
94	156
94	239
94	436
94	569
94	666
94	720
95	296
95	297
95	355
95	695
95	987
96	287
96	329
96	333
96	394
96	472
96	523
96	636
96	639
96	654
96	712
96	716
96	792
96	821
96	832
96	848
96	879
97	118
97	373
97	389
97	400
97	453
97	536
97	590
97	599
97	644
97	773
97	796
97	850
97	890
98	131
98	176
98	244
98	329
98	380
98	389
98	436
98	565
98	568
98	587
98	615
98	625
98	631
98	655
98	674
98	738
98	777
98	945
98	971
98	985
98	997
99	115
99	343
99	726
99	965
100	122
100	147
100	270
100	361
100	527
100	594
100	777
100	803
100	814
100	844
100	879
100	902
100	904
101	117
101	181
101	237
101	487
101	567
101	579
101	674
101	753
101	808
101	831
101	863
101	893
102	158
102	187
102	457
102	583
102	807
102	954
103	147
103	161
103	183
103	425
103	437
103	443
103	460
103	523
103	525
103	544
103	664
103	724
103	745
103	890
103	917
103	990
104	164
104	175
104	232
104	307
104	319
104	320
104	367
104	452
104	477
104	577
104	774
104	991
105	107
105	224
105	401
105	452
105	481
105	503
105	528
105	670
105	862
105	899
105	963
105	984
106	285
107	116
107	170
107	263
107	512
107	528
107	838
108	171
108	205
108	231
108	254
108	405
108	469
108	502
108	726
108	833
108	843
108	894
108	965
109	207
109	872
110	150
110	260
110	270
110	386
110	457
110	489
110	600
110	805
110	813
110	919
110	955
111	238
111	271
111	272
111	279
111	452
111	507
111	647
112	242
112	269
112	557
112	588
112	620
112	661
112	748
113	188
113	230
113	253
113	389
113	437
113	509
113	589
113	594
113	626
113	674
113	790
113	803
113	812
113	819
113	854
114	183
114	503
114	714
115	277
115	284
115	570
115	613
115	825
115	965
116	170
116	582
116	630
116	662
116	675
116	707
116	761
117	188
117	265
117	277
117	282
117	303
117	411
117	436
117	453
117	476
117	597
117	650
117	674
117	766
117	803
117	922
117	945
118	125
118	165
118	176
118	304
118	494
118	534
118	590
118	626
118	720
118	795
118	890
118	907
118	997
119	209
119	249
119	669
119	705
119	718
119	909
120	168
120	289
120	312
120	471
120	496
120	600
120	611
120	671
120	709
120	721
120	731
120	759
120	771
120	796
120	844
120	863
120	960
120	996
121	337
121	342
121	838
122	159
122	276
122	320
122	400
122	494
122	654
122	668
122	749
122	909
122	926
122	933
122	997
123	323
123	466
123	484
123	500
123	571
123	702
123	763
123	834
123	847
124	139
124	173
124	286
124	305
124	517
124	524
124	573
124	586
124	615
124	720
124	822
124	833
125	153
125	164
125	357
125	472
125	546
125	650
125	695
125	758
125	867
125	912
125	997
126	570
126	628
126	631
126	749
126	796
126	815
126	825
127	421
127	487
127	731
127	745
127	787
127	837
128	691
128	703
130	146
130	161
130	215
130	289
130	346
130	348
130	366
130	646
130	709
130	728
130	736
130	744
130	854
130	860
131	302
131	411
131	631
131	726
131	733
131	785
131	903
131	970
132	264
132	337
132	401
132	503
132	663
132	847
133	165
133	188
133	246
133	465
133	483
133	560
133	599
133	628
133	965
134	192
134	227
134	261
134	269
134	431
134	435
134	568
134	607
134	620
134	626
134	676
134	698
134	783
134	853
134	871
134	963
135	257
135	441
136	153
136	159
136	220
136	296
136	363
136	415
136	488
136	509
136	648
136	860
136	880
137	187
137	442
137	696
137	730
138	300
139	328
139	429
139	465
139	494
139	615
139	685
139	747
139	808
139	823
139	848
139	898
139	903
139	969
139	974
140	186
140	649
140	995
141	269
141	289
141	312
141	346
141	361
141	477
141	501
141	532
141	577
141	600
141	633
141	734
141	782
142	384
142	639
142	692
142	815
142	861
143	285
143	515
144	266
144	372
144	373
144	773
144	823
144	858
145	202
145	220
145	309
145	531
145	663
145	760
145	841
146	183
146	219
146	360
146	533
146	556
146	633
146	670
146	805
146	860
146	872
146	930
147	153
147	203
147	302
147	348
147	475
147	608
147	709
147	712
147	728
147	756
147	768
147	844
147	862
147	948
148	326
148	365
148	471
148	733
148	827
149	166
149	377
149	886
149	954
150	166
150	366
150	536
150	604
150	679
150	874
150	946
151	223
151	314
151	358
151	551
152	386
152	415
152	471
152	534
152	765
152	972
152	977
152	983
153	223
153	305
153	324
153	375
153	559
153	563
153	636
153	648
153	740
153	805
153	955
154	303
154	469
154	522
154	548
154	617
154	747
154	766
154	894
156	165
156	296
156	326
156	363
156	561
156	590
156	626
156	814
156	874
157	225
157	489
157	664
157	786
157	807
157	995
158	246
158	260
158	489
158	551
158	626
158	754
158	886
159	188
159	203
159	296
159	460
159	488
159	569
159	570
159	572
159	619
159	724
159	815
159	890
159	907
159	948
159	987
159	997
160	180
160	263
160	486
160	662
160	711
160	847
161	178
161	183
161	278
161	287
161	335
161	348
161	361
161	376
161	449
161	501
161	608
161	627
161	635
161	728
161	734
161	756
161	782
161	971
162	439
162	463
162	510
162	751
162	831
163	209
163	562
163	603
163	669
163	692
163	700
164	208
164	210
164	214
164	229
164	288
164	339
164	369
164	449
164	491
164	542
164	608
164	670
164	716
164	745
164	772
164	943
164	998
165	220
165	223
165	251
165	270
165	296
165	349
165	434
165	437
165	475
165	476
165	491
165	536
165	668
165	724
165	850
165	933
166	188
166	346
166	349
166	377
166	395
166	505
166	545
166	571
166	589
166	626
166	798
166	888
166	914
166	993
167	172
167	339
167	367
167	376
167	492
167	783
168	214
168	312
168	325
168	348
168	529
168	659
168	720
168	722
168	734
168	756
168	805
168	904
168	927
168	935
168	937
168	948
169	383
169	690
170	367
170	413
170	461
170	662
170	683
171	252
171	434
171	741
171	790
171	795
172	210
172	278
172	424
172	562
172	732
172	924
172	957
173	181
173	236
173	306
173	463
173	468
173	543
173	639
173	716
173	826
173	830
173	841
173	851
173	866
174	843
175	662
175	667
175	670
175	865
176	328
176	345
176	357
176	437
176	453
176	491
176	668
176	883
176	922
176	990
177	694
177	792
177	857
177	924
178	192
178	316
178	338
178	403
178	457
178	528
178	544
178	620
178	676
178	829
178	863
178	934
179	715
179	778
180	221
180	241
180	313
180	577
180	702
180	721
180	763
180	782
180	818
180	826
180	883
181	340
181	352
181	394
181	658
181	665
181	859
181	926
181	990
182	399
182	687
183	241
183	271
183	289
183	309
183	313
183	421
183	449
183	467
183	482
183	542
183	610
183	683
183	734
183	756
183	848
183	926
183	944
183	971
183	986
184	203
184	236
184	346
184	348
184	363
184	569
184	677
184	727
184	804
184	879
184	888
184	919
184	927
185	295
185	369
185	433
185	478
185	506
185	720
185	721
185	722
187	886
188	196
188	357
188	375
188	380
188	587
188	621
188	628
188	648
188	724
188	740
188	758
188	759
188	803
189	583
190	381
190	406
190	480
190	932
191	299
191	553
191	696
191	800
191	954
192	270
192	428
192	478
192	489
192	574
192	671
192	748
193	658
194	381
194	911
195	595
195	602
195	779
195	801
195	967
195	990
196	230
196	333
196	334
196	346
196	411
196	590
196	758
196	787
196	797
196	854
197	300
197	989
199	612
200	338
200	661
200	737
200	934
200	972
201	202
201	277
201	312
201	419
201	453
201	472
201	560
201	606
201	668
201	745
201	750
201	773
201	803
201	832
201	945
201	949
201	974
202	384
202	610
202	639
202	713
202	747
202	816
202	846
202	898
202	909
203	225
203	270
203	346
203	349
203	529
203	621
203	622
203	648
203	664
203	719
203	745
203	758
203	759
203	796
203	807
203	833
203	931
205	277
205	436
205	474
205	483
205	555
205	560
205	570
205	708
205	796
205	827
206	359
206	467
206	478
206	642
206	713
206	718
206	751
206	957
207	224
207	315
207	535
208	432
208	576
208	592
208	606
208	694
208	729
208	736
208	816
208	967
209	255
209	280
209	510
210	264
210	288
210	335
210	449
210	478
210	503
210	596
210	609
210	663
210	667
210	736
210	763
210	830
210	930
210	949
211	213
211	296
211	939
211	956
212	341
212	715
212	717
212	758
212	791
212	835
212	920
212	978
213	814
213	868
213	894
213	995
214	291
214	312
214	765
214	768
214	935
214	955
215	302
215	307
215	433
215	437
215	532
215	604
215	606
215	664
215	665
215	720
215	949
215	964
217	266
217	282
217	303
217	391
217	454
217	650
217	825
217	940
217	960
218	237
218	318
218	367
218	669
218	792
218	992
219	425
219	477
219	533
219	534
219	591
219	606
219	611
219	619
219	635
219	656
219	787
219	832
219	893
219	990
220	225
220	372
220	380
220	474
220	536
220	590
220	594
220	599
220	900
220	927
221	413
221	468
221	546
221	576
221	588
221	702
221	816
221	822
221	830
222	301
222	305
222	451
222	523
222	533
222	556
222	608
222	659
222	674
222	702
222	818
222	834
222	881
222	914
222	949
222	964
222	985
223	230
223	305
223	314
223	487
223	754
223	764
223	807
223	871
223	898
223	902
223	919
223	926
223	930
224	315
224	371
224	410
224	452
225	326
225	372
225	389
225	494
225	526
225	738
225	769
225	854
225	912
225	923
225	937
225	978
226	276
226	349
226	459
226	561
226	571
226	932
227	557
227	908
227	946
228	354
228	519
228	547
229	295
229	542
229	543
229	556
229	596
229	606
229	622
229	663
229	711
229	734
229	736
229	813
229	871
229	878
229	913
229	949
229	996
230	256
230	536
230	648
230	740
230	835
230	890
230	892
230	919
230	937
231	266
231	326
231	454
231	785
231	892
231	904
232	323
232	438
232	702
232	714
232	806
232	887
234	642
235	397
235	429
235	432
235	548
235	694
235	808
235	898
235	901
235	966
236	242
236	305
236	335
236	348
236	482
236	654
236	697
236	702
236	709
236	736
236	756
236	779
236	812
236	914
236	917
236	930
236	944
236	948
236	949
236	971
237	335
237	404
237	413
237	611
237	635
237	701
237	772
237	841
238	512
238	737
238	942
239	327
239	355
239	583
239	585
239	626
239	804
239	873
241	289
241	302
241	309
241	416
241	449
241	622
241	633
241	697
241	812
241	948
241	949
241	967
241	991
242	246
242	294
242	312
242	323
242	361
242	433
242	453
242	463
242	532
242	550
242	590
242	610
242	734
242	744
242	871
242	935
243	473
243	480
243	842
244	275
244	583
244	614
244	715
244	771
245	249
245	280
245	398
245	703
245	973
245	976
246	260
246	270
246	377
246	538
246	659
246	850
247	304
247	347
247	429
247	685
247	686
247	738
247	757
247	785
248	415
248	495
248	585
248	723
249	448
249	642
250	406
250	505
250	575
250	620
250	673
250	676
251	473
251	604
251	727
251	794
251	908
252	612
252	823
253	276
253	289
253	341
253	587
253	644
253	759
253	803
253	804
253	874
253	927
253	978
254	446
254	767
255	531
256	712
256	804
256	908
256	923
258	311
258	442
258	583
258	601
258	652
258	780
260	266
260	320
260	366
260	415
260	459
260	462
260	626
260	880
261	337
261	427
261	441
261	640
261	670
261	869
261	963
261	999
262	309
262	384
262	432
262	450
262	603
262	757
262	976
263	264
263	512
263	667
263	838
263	847
263	887
264	279
264	295
264	484
264	609
264	711
264	735
265	419
265	434
265	436
265	469
265	476
265	650
265	651
265	666
265	738
265	749
265	811
265	815
265	867
265	904
266	282
266	286
266	357
266	469
266	517
266	589
266	597
266	938
267	292
267	583
267	730
267	954
268	287
268	424
268	578
268	707
268	752
269	853
270	360
270	387
270	504
270	569
270	590
270	876
271	295
271	475
271	482
271	697
271	722
271	735
271	860
271	962
271	981
272	412
272	440
272	558
273	421
273	450
273	576
273	821
273	830
273	938
273	964
273	992
273	998
274	780
275	364
275	385
275	780
276	320
276	471
276	723
276	815
276	911
277	383
277	411
277	429
277	465
277	471
277	494
277	522
277	589
277	651
277	701
277	738
277	740
277	769
277	827
277	912
278	367
278	418
278	544
278	582
278	609
278	670
278	774
278	811
278	929
279	295
279	452
279	466
279	512
279	541
279	774
279	998
281	953
282	884
282	891
282	909
283	332
283	499
285	711
285	936
285	988
286	303
286	347
286	357
286	522
286	586
286	686
286	688
286	742
286	784
286	898
286	961
287	542
287	619
287	660
287	711
287	713
287	745
287	949
287	971
288	309
288	413
288	556
288	578
288	670
288	734
288	760
288	774
288	929
288	950
288	996
289	307
289	572
289	600
289	606
289	636
289	670
289	736
289	764
289	792
289	799
289	860
289	926
289	944
289	997
291	653
291	727
291	820
291	977
292	299
293	381
294	309
294	325
294	421
294	487
294	674
294	709
294	720
294	728
294	799
294	860
294	991
295	367
295	672
295	702
295	783
295	817
295	838
295	869
295	959
296	455
296	538
296	587
296	804
298	350
298	954
299	331
299	652
299	653
301	421
301	578
301	627
301	851
301	998
302	328
302	376
302	429
302	443
302	468
302	523
302	556
302	674
302	720
302	763
302	768
302	808
302	844
302	867
302	881
302	917
302	943
302	964
302	971
303	365
303	426
304	340
304	451
304	521
304	546
304	586
304	625
304	787
304	807
304	990
305	312
305	348
305	349
305	416
305	437
305	472
305	529
305	904
305	926
305	948
305	985
305	986
306	439
306	548
306	625
306	639
306	668
306	694
306	701
306	845
306	992
307	361
307	395
307	443
307	487
307	526
307	532
307	533
307	611
307	664
307	720
307	761
307	768
307	812
307	917
307	926
308	776
308	988
309	335
309	527
309	595
309	610
309	686
309	711
309	720
309	751
309	760
309	772
309	830
310	452
310	512
310	647
310	862
310	869
310	942
311	519
311	908
311	932
312	361
312	451
312	482
312	529
312	720
312	721
312	736
312	744
312	764
312	860
312	902
312	913
313	335
313	501
313	527
313	540
313	594
313	635
313	659
313	731
313	736
313	844
313	889
313	917
313	971
314	386
314	798
314	919
315	440
315	575
315	676
316	338
316	403
316	505
316	575
316	673
317	344
317	355
317	561
317	587
317	823
317	850
318	445
318	660
319	336
319	667
319	774
319	838
319	950
320	880
320	919
322	417
322	531
322	624
323	452
323	478
323	482
323	484
323	490
323	806
323	967
324	325
324	425
324	475
324	488
324	590
324	604
324	618
324	621
324	730
324	815
324	879
324	888
324	890
324	915
324	948
325	335
325	369
325	373
325	453
325	465
325	472
325	488
325	591
325	594
325	611
325	664
325	937
326	341
326	344
326	347
326	447
326	474
326	483
326	561
326	599
326	740
326	788
326	825
326	874
326	900
326	907
326	945
326	978
327	386
327	544
327	580
327	607
327	696
327	712
327	794
327	983
328	394
328	395
328	439
328	467
328	567
328	635
328	745
328	902
328	930
328	990
329	334
329	521
329	701
329	766
329	840
329	845
329	969
330	617
330	731
330	757
330	969
330	982
331	553
331	583
331	836
331	932
332	387
332	499
332	891
333	469
333	831
334	360
334	375
334	380
334	436
334	471
334	474
334	685
334	740
334	769
334	787
334	854
335	395
335	525
335	596
335	606
335	610
335	669
335	734
335	831
335	938
335	944
335	992
335	997
336	410
336	501
336	577
336	672
336	763
336	862
336	998
337	401
337	486
338	362
338	402
338	457
338	676
338	928
338	953
339	437
339	487
339	550
339	563
339	588
339	665
339	792
339	967
340	347
340	395
340	521
341	355
341	372
341	587
341	590
341	814
341	835
341	978
342	378
342	410
342	431
342	507
342	528
342	774
342	862
342	869
344	487
344	518
344	564
344	634
344	678
344	907
344	945
345	531
345	891
346	358
346	442
346	581
346	712
346	719
346	754
346	834
346	879
346	935
347	625
347	808
347	841
347	903
347	969
347	986
348	533
348	563
348	709
348	773
348	805
348	835
348	879
348	893
348	935
348	971
349	353
349	536
349	560
349	796
349	799
349	879
350	842
350	916
351	386
351	388
351	568
351	842
352	380
352	419
352	451
352	464
352	471
352	664
352	678
352	688
352	701
352	822
352	833
352	837
352	945
352	962
352	990
353	502
353	618
353	788
353	835
353	978
353	987
354	553
355	380
355	538
356	381
357	436
357	476
357	522
357	648
357	738
357	766
357	827
357	837
357	922
357	945
358	362
358	568
358	574
358	748
358	786
358	892
359	603
359	669
359	700
359	718
359	752
359	957
360	395
360	428
360	646
360	702
360	754
360	817
360	955
361	618
361	679
361	722
361	724
361	872
361	890
361	930
361	935
361	944
361	991
362	396
362	916
363	496
363	561
363	594
363	621
363	754
363	790
363	804
363	807
363	927
363	931
363	993
364	572
364	644
364	769
364	892
364	970
365	397
365	419
365	458
365	524
365	747
365	894
366	380
366	385
366	406
366	581
366	728
366	771
366	880
367	478
367	556
367	887
369	376
369	542
369	608
369	663
369	711
369	782
369	792
369	881
370	485
370	958
371	412
371	418
371	853
371	864
371	999
372	453
372	668
372	867
372	880
372	883
372	907
372	923
373	488
373	560
373	565
373	594
373	631
373	636
373	740
373	750
373	767
373	803
373	892
373	894
373	907
374	603
374	691
374	861
375	408
375	411
375	451
375	488
375	664
375	736
375	750
375	890
375	919
375	931
376	443
376	477
376	533
376	534
376	578
376	992
377	601
377	798
377	946
378	402
378	418
378	431
378	869
380	465
380	475
380	599
380	636
380	738
380	785
380	788
380	933
380	971
381	457
381	696
381	739
381	916
382	427
382	630
382	667
383	894
383	920
384	627
384	694
384	716
384	969
384	990
385	623
385	679
385	908
385	911
385	956
386	442
386	459
386	505
386	551
386	623
386	645
386	916
386	955
386	958
387	391
387	411
387	454
387	597
387	678
387	686
387	726
387	785
387	795
388	908
388	953
389	453
389	471
389	475
389	594
389	599
389	764
389	788
389	796
389	927
391	891
391	940
393	447
393	565
393	581
393	587
393	599
393	788
394	464
394	468
394	517
394	556
394	636
394	755
394	770
394	815
394	826
394	830
394	964
395	556
395	738
395	740
395	745
395	759
395	795
395	962
395	991
396	406
396	575
396	811
396	897
397	419
397	961
397	966
398	595
398	691
399	401
399	478
399	528
400	564
400	571
400	590
400	668
400	754
400	790
400	844
400	871
400	884
400	926
400	937
400	985
401	667
401	670
402	410
402	440
402	535
402	774
402	860
402	872
402	981
403	457
403	696
403	794
403	908
404	752
404	775
404	924
405	483
405	536
405	769
405	873
406	580
406	916
408	514
408	550
408	556
408	627
408	779
408	816
408	917
408	964
408	992
408	998
410	415
410	574
410	702
410	720
410	786
410	813
410	847
410	869
410	980
411	434
411	494
411	686
411	726
411	833
411	845
411	894
411	965
412	418
413	443
413	506
413	534
413	663
413	712
413	721
413	740
413	760
413	783
413	866
413	949
413	991
414	530
414	878
414	961
415	435
415	677
415	863
415	876
416	506
416	534
416	622
416	654
416	728
416	736
416	745
416	758
416	759
416	760
416	904
416	914
416	962
416	994
417	530
417	878
418	853
418	869
418	963
419	471
419	926
419	966
420	518
420	566
420	968
421	569
421	578
421	611
421	631
421	635
421	646
421	734
421	779
421	881
421	902
421	913
421	914
421	944
422	440
422	794
423	629
424	630
424	705
424	847
425	488
425	525
425	531
425	604
425	677
425	803
425	986
426	579
426	817
426	951
427	885
428	442
428	620
428	671
428	765
428	983
429	453
429	464
429	546
429	611
429	658
429	747
429	784
429	969
430	584
431	671
431	853
431	928
432	540
432	669
432	718
432	818
432	930
432	964
432	992
433	439
433	534
433	619
433	664
433	782
433	866
434	495
434	773
434	882
435	459
435	529
435	544
435	765
435	768
435	786
435	863
435	886
435	977
436	536
436	685
436	701
436	740
436	803
436	837
436	990
437	451
437	476
437	501
437	509
437	561
437	623
437	756
437	812
437	854
437	930
438	484
438	541
438	802
438	885
438	984
439	514
439	531
439	713
439	816
439	826
439	851
439	967
440	466
440	484
440	748
440	899
441	558
442	671
443	449
443	531
443	532
443	624
443	664
443	684
443	787
443	826
443	917
443	930
445	700
445	707
446	726
447	469
447	561
447	581
447	597
447	717
447	741
447	758
447	769
447	922
448	616
449	478
449	527
449	702
449	774
449	944
449	964
450	755
450	770
450	857
451	472
451	475
451	709
451	777
451	937
451	985
451	990
452	503
452	535
452	763
452	853
452	963
453	674
453	731
453	758
453	787
453	803
453	883
453	904
453	933
453	945
453	986
454	808
455	819
455	987
456	473
456	995
457	824
457	896
457	954
457	972
458	520
458	548
458	966
459	601
459	727
460	491
460	494
460	560
460	731
460	740
460	797
460	845
460	867
460	907
460	945
461	608
461	782
461	869
461	904
462	927
463	467
463	523
463	550
463	753
463	760
463	772
463	792
463	967
464	533
464	546
464	627
464	701
464	816
464	844
464	848
464	851
465	650
465	655
465	688
465	777
465	785
465	815
465	831
465	833
465	912
465	945
465	961
465	969
466	484
466	711
466	772
466	806
466	862
466	869
467	534
467	594
467	611
467	619
467	624
467	656
467	767
467	816
467	841
467	848
468	517
468	611
468	627
468	639
468	655
468	734
468	770
468	974
468	982
469	678
469	787
469	814
469	892
469	894
469	895
470	504
470	778
471	487
471	591
471	709
471	741
471	902
471	938
472	517
472	599
472	654
472	709
472	716
472	731
472	844
472	888
472	933
472	943
473	780
473	856
474	538
474	560
474	569
474	599
474	960
474	987
474	994
475	494
475	496
475	564
475	567
475	599
475	767
475	881
475	886
475	890
475	990
476	572
476	668
476	758
476	797
476	881
477	542
477	611
477	881
478	492
478	512
478	515
478	527
478	697
478	711
480	645
480	856
481	486
481	503
481	707
481	714
481	774
481	847
481	862
482	664
482	745
482	756
482	817
482	913
482	963
483	565
483	612
483	710
483	923
483	946
484	512
484	588
484	735
485	870
485	958
486	630
486	732
487	525
487	573
487	731
487	740
487	832
487	851
487	859
487	903
487	969
488	563
488	599
488	604
488	618
488	628
488	709
488	715
488	759
488	771
488	824
488	835
488	893
488	898
488	931
489	626
489	679
490	630
490	670
490	714
490	779
490	838
491	572
491	597
491	599
491	618
491	658
491	759
491	787
491	919
491	986
492	663
493	552
493	587
494	586
494	650
494	701
494	726
494	740
494	797
494	892
494	909
494	945
495	690
495	741
495	791
496	565
496	599
496	600
496	626
496	636
496	648
496	720
496	773
496	786
496	898
496	960
496	985
497	522
497	539
497	689
498	566
498	968
499	766
500	512
500	734
500	735
500	763
500	887
501	526
501	633
501	671
501	735
501	764
501	782
501	853
501	887
502	545
502	824
503	528
503	762
504	820
504	875
506	526
506	577
506	640
506	676
506	722
506	744
506	765
506	786
506	834
506	948
506	955
507	535
507	647
507	672
507	783
508	546
508	619
508	654
508	701
508	808
508	830
508	881
508	922
508	945
508	990
509	563
509	621
509	803
509	854
509	937
509	971
509	990
510	592
510	603
510	705
510	718
510	976
510	996
511	551
511	661
511	736
511	765
511	813
511	862
511	934
512	630
512	662
512	792
512	865
513	958
514	607
514	760
514	996
515	857
517	524
517	567
517	731
517	852
517	938
519	547
519	855
519	875
520	809
520	898
521	617
521	678
521	685
521	710
521	738
521	827
521	903
522	686
522	840
522	845
523	606
523	610
523	622
523	634
523	665
523	741
523	808
523	822
524	548
524	784
524	816
524	898
525	532
525	540
525	550
525	573
525	606
525	608
525	635
525	683
525	783
525	830
525	881
526	933
526	943
526	971
527	534
527	540
527	542
527	556
527	592
527	660
527	772
527	981
528	869
529	532
529	611
529	728
529	832
529	883
530	624
530	637
530	731
530	973
531	606
531	637
531	639
531	660
531	716
531	729
531	753
531	859
531	898
532	533
532	540
532	636
532	764
532	768
532	805
532	834
532	844
532	848
532	879
532	883
532	944
533	634
533	646
533	712
533	724
533	799
533	879
533	930
533	933
533	949
533	980
534	543
534	571
534	604
534	660
534	736
534	881
534	985
534	990
535	640
535	673
535	736
535	887
536	563
536	572
536	650
536	803
536	912
536	987
537	864
538	545
538	585
538	587
538	621
538	666
538	773
538	814
538	970
539	901
539	973
540	660
540	716
540	731
540	753
540	822
540	944
540	992
541	662
541	984
542	578
542	595
542	596
542	943
543	550
543	595
543	635
543	709
543	716
543	751
543	818
543	822
543	826
543	830
543	841
543	852
543	909
543	943
543	944
544	551
544	621
544	765
544	813
544	872
544	934
545	652
545	695
545	771
545	799
545	912
546	567
546	713
546	716
546	724
546	747
546	831
546	837
546	848
548	576
548	898
549	583
549	601
549	730
549	977
550	610
550	665
550	909
551	709
551	790
551	799
551	805
551	926
551	977
551	980
552	820
553	730
553	972
555	561
555	565
555	717
555	773
555	787
555	814
555	858
555	874
555	902
555	987
556	577
556	610
556	639
556	709
556	735
556	782
556	830
557	862
557	977
558	620
558	768
559	719
559	863
559	963
559	983
560	648
560	650
560	664
560	758
560	822
561	631
561	769
561	790
562	753
563	571
563	648
563	730
563	734
563	804
563	808
563	949
563	997
564	590
564	611
564	668
564	684
564	709
564	794
564	811
564	994
565	570
565	825
565	850
565	858
565	907
567	639
567	797
567	812
567	822
567	826
567	837
567	895
568	580
568	798
568	834
569	599
569	733
569	769
569	792
569	832
569	867
569	881
569	890
569	909
569	960
569	997
570	612
570	724
570	773
570	797
570	823
571	654
571	850
571	854
571	902
571	904
571	907
571	914
571	931
572	674
572	773
572	867
572	883
572	990
573	591
573	639
573	664
573	770
573	808
573	909
574	676
574	765
574	799
574	824
574	834
576	602
576	801
577	588
577	600
577	734
577	763
577	782
577	783
577	786
577	959
578	595
578	760
578	779
578	917
579	766
579	785
580	671
580	730
580	794
580	824
580	871
581	664
581	679
581	803
581	907
581	994
582	630
582	662
582	683
582	702
582	762
582	806
582	866
582	887
582	950
582	971
583	671
583	954
585	695
585	797
585	858
585	939
585	987
586	637
586	688
586	747
586	796
586	801
586	808
586	832
586	903
587	814
587	815
587	946
588	633
588	659
588	671
588	991
589	590
589	750
589	796
589	820
589	911
589	927
589	933
589	993
590	618
590	668
590	797
591	634
591	668
591	697
591	734
591	756
591	826
591	893
591	986
592	669
592	753
592	996
594	618
594	668
594	697
594	722
594	764
594	797
594	804
594	814
594	937
594	959
595	606
595	610
595	664
595	753
595	816
595	830
595	865
595	944
596	702
597	655
597	685
597	790
597	961
599	724
599	750
599	915
599	927
599	960
600	744
600	807
600	874
600	883
600	948
601	696
601	730
601	886
602	627
602	941
603	798
603	857
603	941
603	976
604	626
604	659
604	799
604	815
604	879
604	926
606	627
606	689
606	692
606	736
606	745
606	751
606	777
606	793
606	832
606	969
607	620
607	661
607	864
607	865
608	667
608	683
608	711
608	768
609	634
609	735
609	818
609	826
609	913
609	943
609	949
609	991
610	635
610	639
610	702
610	711
610	768
610	967
610	998
611	636
611	665
611	709
611	724
611	759
611	770
611	812
611	832
611	844
611	881
611	904
611	933
612	741
612	758
612	814
612	825
612	858
613	643
613	666
613	750
613	970
614	794
614	939
615	701
615	731
615	773
615	837
615	851
615	854
615	894
615	912
617	651
617	733
617	738
617	740
618	634
618	635
618	654
618	754
618	771
618	798
618	879
618	915
618	919
619	639
619	685
619	716
619	728
620	889
620	963
621	724
621	804
621	900
621	937
621	997
622	654
622	720
622	751
622	768
622	844
622	883
622	914
622	944
622	986
623	880
624	793
624	822
624	861
625	654
625	655
625	694
625	893
626	679
626	796
626	835
627	716
627	817
627	974
628	666
628	769
628	787
628	823
628	825
629	742
629	828
630	662
630	950
630	996
631	773
631	788
631	833
631	923
632	884
633	671
633	774
633	804
633	980
634	659
634	697
634	728
634	734
634	812
634	886
634	914
634	926
634	948
634	971
634	991
635	665
635	782
635	830
635	944
635	949
635	964
635	967
635	981
636	677
636	697
636	745
637	655
637	938
637	961
639	694
639	713
639	770
639	822
639	840
639	926
640	647
640	768
640	870
643	717
643	819
644	778
644	880
644	939
645	916
646	659
646	697
646	763
646	805
646	829
646	860
646	904
646	991
647	942
648	668
648	854
648	912
648	915
648	997
649	696
650	701
650	740
650	845
650	915
650	960
650	965
651	790
651	796
651	803
651	818
652	956
653	682
654	832
654	894
654	990
655	701
655	808
655	837
655	846
655	851
655	859
655	891
655	930
655	969
656	751
656	782
656	881
656	944
656	974
658	713
658	792
658	832
658	969
659	697
659	728
659	735
659	756
659	812
659	871
659	917
659	981
660	684
660	898
660	992
661	696
662	806
663	665
663	779
663	806
664	734
664	740
664	787
664	879
664	883
664	909
664	937
664	997
665	734
665	751
665	770
665	805
665	848
665	974
666	717
666	741
666	750
666	814
666	825
666	896
666	923
667	714
668	679
668	740
668	790
668	909
668	945
668	974
668	986
669	700
669	753
669	998
670	887
671	676
671	712
671	811
671	842
671	886
671	959
672	736
672	802
672	984
674	722
674	805
674	812
674	867
674	883
674	917
674	930
674	949
674	990
675	984
676	765
676	963
677	790
677	931
677	948
678	733
678	827
678	894
679	933
680	802
681	690
683	711
683	929
683	943
684	689
684	733
684	736
684	831
684	837
685	688
685	742
685	801
686	747
686	833
686	840
686	867
686	940
686	982
687	984
688	694
688	758
688	793
688	903
689	878
690	921
692	716
692	760
694	713
694	801
694	822
694	831
694	846
694	974
695	723
695	799
695	850
695	880
695	888
696	897
696	919
696	972
696	993
697	734
697	736
697	744
697	817
697	844
697	872
697	902
697	929
697	935
697	949
697	962
699	718
699	760
699	857
700	752
701	716
701	733
701	808
701	811
701	891
701	938
701	982
702	711
702	832
704	789
704	903
705	905
707	943
707	974
708	956
709	750
709	759
709	811
709	880
709	944
709	962
710	758
710	759
710	892
710	909
710	945
711	761
711	779
711	838
712	720
712	754
712	817
712	834
712	935
713	729
713	917
714	885
714	996
715	956
716	770
716	816
716	841
716	848
716	857
716	944
717	858
718	752
718	976
719	798
719	934
719	959
720	770
720	805
720	917
720	948
720	990
721	935
722	736
722	756
722	764
722	914
723	886
723	987
724	731
724	893
726	733
726	894
727	754
727	844
727	908
727	910
727	934
727	977
728	736
728	902
728	930
729	826
730	954
731	740
731	793
731	881
731	893
731	902
731	937
731	938
732	950
733	785
734	832
734	837
734	962
734	991
735	756
735	774
735	872
736	764
736	782
736	817
737	963
738	750
738	831
739	946
740	814
740	854
740	891
740	930
740	937
740	945
741	825
743	767
744	790
744	811
744	844
745	881
747	827
747	933
748	889
749	825
749	867
749	940
749	991
750	777
750	787
751	832
751	846
751	949
751	998
752	775
753	847
754	799
754	811
754	876
754	949
754	950
754	977
756	774
756	798
756	805
756	967
757	767
757	951
757	982
758	795
758	854
758	922
759	790
759	796
759	803
759	850
759	922
759	927
759	933
760	826
760	909
761	943
762	806
762	887
762	962
763	899
764	829
764	887
764	955
765	786
765	799
765	813
765	834
765	853
765	863
765	991
766	845
767	785
767	823
767	940
767	965
768	782
768	817
768	876
768	913
768	914
768	943
768	962
769	790
769	912
769	982
769	997
770	826
770	938
770	964
771	835
771	900
771	911
772	779
772	792
772	872
772	996
773	785
773	883
773	923
774	805
774	872
775	857
775	901
777	833
777	867
777	961
778	956
779	818
781	789
781	947
782	783
782	887
782	930
782	959
782	981
783	847
783	872
784	892
786	959
787	848
787	985
788	790
788	814
788	888
788	892
788	912
788	920
790	881
790	907
790	931
790	933
790	937
790	997
791	978
792	976
792	992
793	809
793	831
793	840
793	926
793	960
793	985
793	992
794	886
794	934
795	823
795	827
795	923
796	803
796	824
797	915
797	922
798	811
798	977
799	811
799	939
800	820
801	821
801	895
801	901
802	847
802	942
803	822
803	893
803	915
803	961
803	985
804	807
804	880
805	847
805	935
805	980
805	991
806	950
807	919
807	981
808	848
808	851
808	898
808	901
808	938
809	878
810	957
811	934
811	977
812	879
812	883
812	914
812	944
813	834
813	853
813	871
814	907
814	923
815	881
815	883
815	909
815	962
816	848
817	821
817	935
817	962
818	832
818	872
818	879
818	967
819	858
819	968
820	911
820	954
821	841
822	846
822	851
822	938
822	964
822	974
823	892
823	894
823	970
824	860
824	926
824	986
825	994
827	833
829	889
829	963
829	991
831	841
831	898
831	955
832	844
832	881
832	912
832	961
835	912
836	984
837	867
837	898
838	887
840	903
841	895
842	953
844	879
844	913
844	930
844	935
844	944
844	980
845	867
845	892
845	894
845	900
845	922
846	878
846	895
847	943
848	985
848	990
850	874
851	974
852	901
853	889
853	914
854	890
854	902
854	927
854	931
854	937
854	948
854	959
858	900
859	898
860	980
862	899
862	959
863	909
863	919
863	931
863	955
863	993
867	892
867	898
867	907
867	909
867	912
867	933
868	920
871	913
871	917
871	971
871	981
874	909
874	933
875	939
876	881
876	935
879	980
880	915
880	939
880	978
883	915
883	971
883	981
883	990
886	910
887	913
887	943
890	904
890	931
891	966
891	969
892	894
893	944
893	948
893	949
893	985
893	990
894	903
894	982
899	999
900	907
901	905
902	904
902	915
902	926
902	985
902	986
904	917
904	937
907	933
908	934
908	972
908	977
909	945
909	948
912	960
912	978
912	985
913	955
913	962
914	949
914	980
915	978
917	990
919	959
919	977
919	983
922	960
922	994
927	930
927	987
927	993
929	950
929	967
930	944
931	937
931	945
933	937
933	965
937	950
937	997
940	982
944	948
946	956
949	981
949	991
950	998
955	986
960	994
961	985
962	971
962	986
971	991
976	992
977	998
980	990
986	997
