0	45
0	73
0	173
0	197
0	305
0	391
0	416
0	617
0	638
0	734
0	769
0	923
1	129
1	219
1	539
1	597
1	616
1	698
1	722
1	807
1	808
1	917
1	977
2	59
2	618
2	888
3	362
3	620
4	39
4	56
4	185
4	247
4	308
4	370
4	688
4	872
4	974
4	985
5	154
5	288
5	683
6	88
6	93
6	140
6	229
6	265
6	271
6	346
6	411
6	474
6	586
6	629
6	633
6	765
6	824
6	985
6	988
7	65
7	147
7	189
7	215
7	310
7	389
7	487
7	612
7	627
7	661
7	783
7	958
8	72
8	78
8	147
8	230
8	371
8	460
8	483
8	906
9	330
9	640
9	853
9	941
9	956
9	964
10	119
10	167
10	176
10	397
10	462
10	498
10	500
10	504
10	600
10	637
10	679
10	705
10	738
10	934
10	952
10	972
11	32
11	131
11	259
11	316
11	324
11	694
12	110
12	130
12	221
12	273
12	353
12	400
12	435
12	474
12	501
12	533
12	820
12	960
13	64
13	873
14	28
14	88
14	140
14	146
14	178
14	183
14	268
14	283
14	309
14	347
14	365
14	423
14	454
14	484
14	702
14	876
14	890
14	952
14	956
14	959
15	120
15	200
15	255
15	302
15	442
15	470
15	526
15	540
15	552
15	563
15	598
15	700
15	728
15	735
15	759
15	979
15	981
16	58
16	188
16	611
17	84
17	234
17	262
17	313
17	332
17	395
17	516
17	636
17	671
17	675
17	750
17	791
17	922
17	958
17	974
18	86
18	452
18	666
19	32
19	164
19	206
19	232
19	261
19	316
19	325
19	916
20	371
20	719
20	882
21	182
21	246
21	275
21	280
21	361
21	403
21	563
21	591
21	946
22	86
22	90
22	129
22	168
22	194
22	264
22	283
22	340
22	423
22	491
22	508
22	537
22	552
22	698
22	771
22	954
22	993
23	165
23	451
23	564
23	753
23	763
23	830
23	866
24	602
24	695
24	848
25	236
25	775
26	94
26	209
26	315
26	388
26	476
26	522
26	598
26	613
26	686
26	924
27	31
27	57
27	101
27	201
27	307
27	336
27	406
27	683
27	684
27	833
27	971
28	52
28	137
28	291
28	312
28	366
28	376
28	508
28	569
28	658
28	749
28	785
28	954
28	962
29	634
30	118
30	146
30	183
30	196
30	357
30	442
30	735
30	865
30	890
30	895
30	912
31	71
31	159
31	188
31	458
31	462
31	618
31	679
31	705
31	879
31	881
31	971
32	76
32	128
32	216
32	226
32	233
32	253
32	276
32	311
32	395
32	437
32	444
32	583
32	620
32	682
32	866
32	965
32	966
34	269
34	394
34	594
34	633
34	752
35	91
35	95
35	158
35	206
35	272
35	340
35	346
35	401
35	501
35	526
35	571
35	676
35	710
35	728
35	746
35	759
35	761
35	768
35	782
35	881
35	955
36	60
36	267
36	292
36	317
36	327
36	357
36	388
36	397
36	403
36	424
36	569
36	588
36	771
36	782
36	812
36	838
36	843
36	849
36	858
37	53
37	56
37	219
37	227
37	269
37	321
37	517
37	704
37	714
37	715
37	749
37	807
37	921
37	993
38	83
38	323
38	637
38	823
38	881
38	898
38	940
39	86
39	366
39	667
39	675
39	688
39	714
39	716
39	749
39	760
40	151
40	230
40	253
40	404
40	467
40	664
40	784
41	89
41	228
41	264
41	417
41	434
41	481
41	491
41	552
41	653
41	713
41	735
41	872
41	959
41	989
41	991
41	993
42	316
42	632
42	819
43	57
43	105
43	133
43	171
43	260
43	509
43	518
43	705
43	729
43	804
43	856
45	50
45	73
45	140
45	171
45	197
45	267
45	359
45	365
45	660
46	52
46	210
46	266
46	481
46	490
46	573
46	595
46	624
46	799
46	963
46	965
46	978
47	124
47	159
47	331
47	336
47	384
47	476
47	523
47	546
47	605
47	756
47	881
47	969
47	980
47	994
48	173
48	279
48	634
48	851
48	897
49	126
49	466
49	969
50	67
50	73
50	202
50	306
50	390
50	469
50	513
50	576
50	714
50	808
50	895
50	948
51	144
51	685
51	748
52	138
52	189
52	206
52	284
52	406
52	425
52	515
52	566
52	606
52	624
52	675
52	688
52	707
52	777
52	803
52	819
52	938
53	78
53	84
53	138
53	294
53	370
53	651
53	673
53	752
53	920
53	960
54	67
54	190
54	299
54	349
54	834
55	269
55	283
55	341
55	352
55	423
55	436
55	508
55	626
55	675
55	693
55	798
55	808
55	815
55	910
55	950
55	977
55	988
56	78
56	84
56	156
56	185
56	281
56	308
56	344
56	379
56	440
56	573
56	665
57	105
57	295
57	568
57	684
57	710
57	764
57	942
58	125
58	167
58	461
58	751
58	804
58	832
58	848
58	895
58	983
59	79
59	196
59	248
59	739
59	984
60	157
60	189
60	366
60	374
60	450
60	491
60	511
60	651
60	723
60	899
60	978
61	203
61	225
61	366
61	371
61	547
61	562
61	673
61	748
61	752
61	783
61	847
61	957
62	134
62	172
62	182
62	444
62	571
62	705
63	646
64	257
64	885
65	389
65	685
65	935
65	958
66	189
66	192
66	224
66	538
66	584
66	652
66	721
66	724
66	749
66	978
67	138
67	161
67	651
67	687
67	727
67	760
67	907
67	999
68	70
68	146
68	261
68	265
68	271
68	279
68	434
68	520
68	575
68	641
68	644
68	730
68	773
68	805
68	829
70	107
70	268
70	416
70	594
70	636
70	638
70	798
70	876
70	964
70	990
70	998
71	339
71	679
71	973
72	127
72	151
72	187
72	294
72	383
72	515
72	697
73	296
73	305
73	365
73	394
73	446
73	518
73	636
73	677
73	689
73	852
73	860
73	889
74	262
74	479
74	500
74	624
74	992
75	632
76	114
76	120
76	180
76	233
76	256
76	270
76	272
76	311
76	316
76	328
76	403
76	421
76	449
76	491
76	624
76	710
76	740
76	747
76	758
76	814
76	818
76	866
76	884
76	979
76	981
77	560
78	192
78	224
78	302
78	376
78	515
78	593
78	715
78	922
78	987
79	575
79	634
79	690
79	902
81	236
81	380
82	602
82	886
83	95
83	157
83	194
83	200
83	262
83	267
83	338
83	404
83	567
83	588
83	652
83	718
83	762
83	835
83	858
83	871
83	932
83	981
83	985
84	85
84	284
84	287
84	322
84	437
84	477
84	516
84	783
84	821
84	874
84	883
85	127
85	240
85	440
85	612
85	627
85	667
85	673
85	783
85	791
85	824
85	835
85	861
86	308
86	325
86	515
86	569
86	593
86	727
86	805
86	826
86	961
86	988
88	95
88	195
88	279
88	283
88	341
88	367
88	386
88	454
88	457
88	469
88	485
88	674
88	686
88	805
88	849
88	945
89	104
89	121
89	147
89	186
89	205
89	215
89	219
89	249
89	268
89	269
89	644
89	647
89	714
89	721
89	787
89	864
89	912
90	170
90	283
90	313
90	340
90	352
90	376
90	491
90	504
90	601
90	616
90	647
90	671
90	693
90	735
90	773
90	858
90	865
90	891
91	95
91	148
91	265
91	266
91	306
91	357
91	367
91	417
91	542
91	626
91	700
91	759
91	776
91	829
91	833
91	852
92	739
93	129
93	145
93	149
93	157
93	266
93	271
93	421
93	526
93	540
93	568
93	629
93	702
93	735
93	773
93	776
93	782
93	829
93	862
93	929
93	942
93	986
94	337
94	413
94	414
94	466
94	509
94	649
94	658
94	741
94	848
94	934
95	118
95	183
95	184
95	271
95	279
95	326
95	405
95	469
95	470
95	482
95	484
95	576
95	641
95	659
95	676
95	730
95	735
95	765
95	890
95	952
95	959
96	233
96	267
96	521
96	778
97	109
97	112
97	247
97	449
97	458
97	471
97	495
97	522
97	613
97	663
97	696
97	818
97	944
97	966
98	911
99	390
99	524
100	105
100	115
100	148
100	149
100	184
100	266
100	357
100	398
100	462
100	626
100	636
100	676
100	702
100	703
100	710
100	761
100	890
101	277
101	303
101	563
101	720
102	113
102	822
103	286
103	308
103	333
103	477
103	503
104	194
104	210
104	313
104	348
104	352
104	437
104	470
104	516
104	531
104	542
104	593
104	693
104	744
104	835
104	900
105	458
106	200
106	245
106	276
106	295
106	363
106	481
106	542
106	592
106	611
106	649
106	659
106	681
106	797
106	800
106	821
106	961
107	138
107	357
107	594
107	659
107	718
107	722
107	799
107	959
107	990
107	993
107	999
109	142
109	414
109	421
109	451
109	466
109	543
109	615
109	756
109	850
109	970
110	129
110	382
110	457
110	647
110	698
110	798
110	949
110	950
110	991
110	999
111	119
111	345
111	462
111	505
111	523
111	615
111	679
111	739
111	892
112	426
112	654
112	686
112	757
112	772
112	900
112	970
112	994
113	628
114	133
114	158
114	388
114	504
114	526
114	669
114	746
114	758
114	795
114	800
114	813
114	817
114	840
114	893
114	900
114	980
115	121
115	148
115	175
115	340
115	405
115	589
115	633
115	740
115	766
115	895
115	952
115	991
116	231
116	281
116	322
116	612
116	835
116	874
117	187
117	212
117	332
117	534
117	755
117	784
117	819
118	193
118	205
118	420
118	505
118	644
118	804
118	808
118	869
118	955
119	159
119	165
119	169
119	175
119	405
119	458
119	498
119	523
119	553
119	575
119	615
119	621
119	738
119	946
119	955
120	211
120	226
120	272
120	313
120	328
120	363
120	437
120	481
120	482
120	540
120	567
120	569
120	586
120	606
120	629
120	654
120	754
120	786
120	817
120	843
120	866
121	136
121	200
121	221
121	285
121	352
121	405
121	423
121	442
121	569
121	587
121	675
121	782
121	800
121	913
121	955
121	961
124	142
124	221
124	246
124	476
124	495
124	538
124	570
124	682
124	721
124	806
124	866
124	963
125	263
125	683
125	804
126	331
126	466
126	475
126	512
126	850
126	881
126	994
127	938
128	157
128	164
128	228
128	247
128	249
128	302
128	334
128	344
128	376
128	425
128	452
128	490
128	622
128	675
128	680
128	759
128	835
128	858
128	883
128	899
128	954
129	161
129	170
129	266
129	394
129	480
129	586
129	653
129	677
129	713
129	714
129	822
129	991
129	993
130	213
130	347
130	394
130	687
130	745
131	506
132	360
132	919
133	211
133	223
133	245
133	303
133	328
133	346
133	406
133	525
133	537
133	589
133	616
133	639
133	729
133	747
133	757
133	840
133	850
133	893
133	942
134	196
134	391
135	188
135	384
135	398
135	458
135	480
135	600
135	610
135	645
135	670
135	679
135	788
136	192
136	224
136	295
136	388
136	450
136	505
136	531
136	538
136	688
136	717
136	790
136	798
136	868
136	883
137	185
137	240
137	569
137	571
137	661
137	721
137	762
137	799
137	812
137	824
137	864
137	872
137	874
137	938
138	156
138	181
138	279
138	316
138	491
138	723
138	728
138	806
138	883
138	920
138	921
138	951
138	978
138	988
139	188
139	196
139	474
139	523
139	584
139	626
139	631
139	676
139	690
139	739
139	946
140	305
140	420
140	437
140	455
140	644
140	661
140	676
140	702
140	955
140	961
141	556
142	253
142	476
142	809
143	176
143	292
143	433
143	576
143	583
143	746
143	747
143	757
143	797
143	806
143	832
143	862
143	913
143	930
144	443
144	630
145	200
145	273
145	454
145	470
145	537
145	710
145	735
145	774
145	840
145	865
145	869
145	895
145	945
145	955
145	998
146	183
146	434
146	494
146	869
146	995
147	189
147	259
147	491
147	501
147	595
147	647
147	721
147	883
147	899
148	198
148	462
148	528
148	577
148	658
148	676
148	764
148	832
148	984
149	157
149	216
149	270
149	281
149	396
149	430
149	531
149	540
149	647
149	717
149	798
149	871
149	876
149	914
149	985
150	171
150	188
150	307
150	508
150	563
150	611
150	618
150	639
150	659
150	831
151	254
151	304
151	383
152	180
152	207
152	267
152	317
152	388
152	531
152	686
152	717
152	750
152	796
152	806
152	966
153	509
153	768
154	179
154	926
155	342
155	408
155	409
155	432
155	460
155	487
155	547
155	607
155	694
155	796
155	801
155	819
155	921
155	958
155	974
156	221
156	270
156	287
156	322
156	325
156	366
156	445
156	652
156	688
156	798
156	864
156	922
156	987
157	249
157	255
157	327
157	371
157	606
157	667
157	750
157	758
157	786
157	787
157	868
157	878
157	929
157	951
157	965
157	972
158	210
158	211
158	216
158	292
158	295
158	317
158	344
158	424
158	441
158	537
158	542
158	592
158	658
158	761
158	813
158	829
158	881
158	891
158	893
158	930
158	981
159	223
159	238
159	296
159	315
159	414
159	564
159	605
159	668
159	681
159	728
159	840
159	881
159	940
160	575
160	637
160	695
160	731
160	751
161	205
161	227
161	353
161	367
161	385
161	394
161	510
161	529
161	950
161	993
161	999
162	185
162	200
162	261
162	322
162	450
162	588
162	593
162	652
162	688
162	714
162	749
162	868
162	899
163	299
163	352
163	385
163	713
163	745
163	752
163	911
163	950
164	240
164	261
164	267
164	334
164	363
164	448
164	450
164	567
164	573
164	598
164	713
164	724
164	783
164	803
164	806
164	814
164	819
164	838
164	966
165	251
165	253
165	451
165	849
166	290
166	308
166	322
166	552
166	593
166	599
166	625
166	655
166	749
167	204
167	211
167	424
167	546
167	776
167	930
167	940
168	195
168	752
168	815
169	201
169	229
169	248
169	296
169	320
169	637
169	681
169	747
169	768
169	853
169	962
169	998
170	194
170	273
170	283
170	291
170	346
170	453
170	501
170	611
170	700
170	760
170	997
171	175
171	182
171	229
171	296
171	458
171	498
171	729
171	794
171	867
171	946
172	524
172	576
172	676
172	734
172	841
172	895
173	196
173	357
173	442
173	469
173	518
173	524
173	577
173	636
173	642
173	660
173	703
173	871
173	895
175	202
175	280
175	703
175	740
175	794
175	892
176	181
176	188
176	270
176	271
176	307
176	405
176	437
176	498
176	593
176	603
176	615
176	681
176	692
176	761
176	768
176	817
176	850
176	893
176	900
176	940
177	726
178	196
178	199
178	202
178	282
178	309
178	390
178	575
178	589
178	647
178	676
178	739
178	923
179	456
179	848
179	886
180	249
180	369
180	471
180	757
180	893
180	981
181	186
181	195
181	282
181	327
181	718
181	752
181	914
181	955
182	248
182	428
182	751
182	867
182	984
183	193
183	197
183	243
183	266
183	271
183	305
183	309
183	347
183	520
183	524
183	563
183	599
183	636
183	677
183	774
183	786
183	990
184	196
184	513
184	584
184	670
184	674
184	869
184	948
185	224
185	439
185	440
185	515
185	552
185	623
185	671
185	675
185	724
185	727
185	811
185	812
185	835
185	882
185	906
185	974
185	978
186	194
186	496
186	587
186	660
186	688
186	949
186	953
186	959
186	997
187	297
187	351
187	503
187	565
187	691
187	694
187	819
187	885
187	935
188	199
188	768
188	851
188	879
188	929
189	287
189	483
189	587
189	723
189	796
189	809
189	922
190	227
190	237
190	436
190	496
190	616
190	653
190	713
190	749
190	907
190	953
191	237
191	298
191	330
191	457
191	941
191	953
192	366
192	508
192	718
192	835
192	922
193	242
193	309
193	329
193	433
193	482
193	640
193	689
193	889
193	895
193	923
194	273
194	292
194	601
194	675
194	698
194	710
194	717
194	754
194	803
194	865
194	929
195	205
195	215
195	227
195	329
195	386
195	433
195	464
195	569
195	633
195	681
195	714
195	730
195	735
195	912
195	999
196	390
196	611
196	640
196	644
196	734
196	892
197	260
198	361
198	498
198	576
198	739
198	923
199	229
199	309
199	397
199	398
199	528
199	576
199	692
199	747
199	761
199	805
199	948
199	952
200	209
200	227
200	341
200	671
200	693
200	721
200	744
200	864
200	946
200	985
201	398
201	462
201	546
201	618
201	670
201	683
201	833
202	345
202	420
202	799
202	927
203	429
203	555
203	727
203	748
204	384
204	712
205	298
205	599
205	769
205	839
205	910
205	950
205	995
206	207
206	240
206	316
206	333
206	363
206	424
206	487
206	491
206	667
206	707
206	717
206	754
206	843
206	954
207	224
207	262
207	376
207	433
207	477
207	752
207	786
207	978
207	979
208	347
208	579
208	837
209	292
209	327
209	475
209	490
209	613
209	884
209	925
209	966
210	216
210	226
210	249
210	262
210	270
210	437
210	475
210	481
210	502
210	570
210	592
210	744
210	929
211	334
211	346
211	461
211	606
211	610
211	668
211	681
211	900
211	930
212	241
212	715
212	868
213	242
213	268
213	285
213	347
213	365
213	433
213	474
213	677
213	808
213	822
213	898
213	910
213	923
214	365
214	518
214	714
214	964
215	295
215	313
215	340
215	435
215	531
215	636
215	674
215	782
215	786
215	826
215	843
215	862
215	914
215	978
216	328
216	437
216	481
216	490
216	512
216	573
216	606
216	694
216	981
217	527
217	705
217	848
218	303
218	336
218	350
218	757
218	772
219	255
219	322
219	330
219	340
219	366
219	370
219	470
219	567
219	655
219	713
219	808
221	273
221	285
221	317
221	353
221	357
221	401
221	435
221	457
221	464
221	468
221	470
221	676
221	773
221	799
221	953
221	985
221	998
222	685
222	724
223	272
223	277
223	295
223	350
223	410
223	502
223	525
223	537
223	603
223	647
223	692
223	795
223	800
223	927
223	962
224	250
224	366
224	396
224	437
224	538
224	540
224	568
224	573
224	595
224	627
224	723
224	724
224	752
224	787
224	790
224	809
224	821
224	952
225	230
225	304
225	355
225	370
225	393
225	704
225	812
226	253
226	495
226	570
226	606
226	712
226	750
226	814
227	273
227	279
227	283
227	340
227	464
227	516
227	599
227	652
227	718
227	868
227	953
228	334
228	388
228	487
228	583
228	598
228	694
228	777
228	806
228	979
229	245
229	469
229	482
229	504
229	603
229	611
229	616
229	670
229	709
229	961
230	244
230	313
230	547
230	701
230	724
230	811
230	899
230	974
231	430
231	715
231	749
231	953
232	243
232	367
232	423
232	434
232	530
232	579
232	640
232	798
232	956
232	964
233	388
233	397
233	426
233	475
233	531
233	545
233	568
233	583
233	592
233	744
233	757
233	866
234	711
234	836
234	906
235	310
235	325
235	389
235	517
235	752
235	844
235	931
236	580
237	242
237	687
237	745
237	845
237	959
238	462
238	610
238	621
238	827
238	994
239	326
239	617
239	825
240	490
240	607
240	627
240	661
240	707
240	777
240	796
240	932
240	944
241	308
241	429
241	882
242	305
242	391
242	416
242	766
242	839
242	955
242	995
243	347
243	365
243	434
243	520
243	733
243	895
243	990
244	351
244	487
244	607
245	277
245	291
245	346
245	480
245	504
245	669
245	692
245	747
245	913
246	368
246	405
246	437
246	538
246	654
246	682
246	924
246	929
247	366
247	487
247	490
247	547
247	686
247	814
247	944
247	958
247	980
248	260
248	523
248	637
248	644
248	679
248	790
248	853
248	953
249	317
249	334
249	587
249	754
249	782
249	786
249	843
249	862
249	891
249	938
250	281
250	429
250	440
250	635
250	666
250	775
250	844
250	914
250	996
251	364
251	451
251	827
252	362
252	407
252	793
253	409
253	534
253	682
253	770
254	473
254	697
255	281
255	379
255	482
255	531
255	567
255	569
255	601
255	616
255	623
255	629
255	680
255	694
255	721
255	728
255	800
255	808
255	824
255	849
255	900
255	913
255	916
256	331
256	342
256	408
256	475
256	707
256	981
257	259
257	294
257	297
257	389
257	697
257	784
259	374
259	377
259	383
259	483
259	487
259	607
259	632
259	783
259	803
259	814
259	819
259	821
259	996
260	525
260	591
260	615
260	829
260	886
260	900
261	266
261	267
261	312
261	587
261	680
261	723
261	744
261	899
261	922
261	996
262	281
262	483
262	567
262	596
262	688
262	707
262	713
262	717
262	777
262	782
262	787
262	814
262	921
262	938
262	951
262	961
262	996
263	274
263	275
263	639
263	663
263	942
264	290
264	349
264	376
264	508
264	517
264	562
264	601
264	625
264	652
264	687
264	704
264	864
264	917
265	400
265	433
265	434
265	442
265	511
265	520
265	567
265	584
265	788
265	805
265	914
265	988
266	317
266	329
266	357
266	416
266	484
266	494
266	644
266	702
266	805
266	901
266	933
266	955
267	270
267	277
267	344
267	384
267	592
267	606
267	762
267	782
267	806
267	929
267	988
267	998
268	273
268	340
268	382
268	435
268	468
268	484
268	569
268	587
268	997
269	312
269	349
269	355
269	370
269	587
269	593
269	606
269	655
269	666
269	713
269	724
269	834
269	849
269	914
269	960
270	302
270	334
270	566
270	570
270	627
270	728
270	786
270	871
270	913
270	920
270	992
271	357
271	400
271	401
271	411
271	454
271	482
271	524
271	636
271	641
271	833
271	993
272	295
272	388
272	396
272	454
272	474
272	712
272	746
272	790
272	807
272	881
272	954
273	346
273	496
273	508
273	511
273	651
273	675
273	782
273	791
273	807
273	912
274	324
274	410
274	492
274	604
274	742
274	970
275	293
275	360
275	705
275	886
275	926
275	983
276	373
276	425
276	448
276	545
276	559
276	696
277	302
277	320
277	346
277	575
277	592
277	692
277	761
277	795
277	924
277	971
278	380
278	459
278	745
278	917
279	296
279	340
279	361
279	400
279	411
279	434
279	455
279	485
279	520
279	579
279	702
279	717
279	735
279	951
279	952
280	288
280	361
280	523
280	705
280	738
280	751
281	313
281	366
281	370
281	376
281	452
281	721
281	744
281	835
281	836
281	957
282	411
282	513
282	520
282	531
282	596
282	688
282	761
282	771
282	799
282	912
282	955
282	999
283	400
283	435
283	531
283	714
283	735
283	773
283	805
283	808
283	865
283	912
284	287
284	322
284	430
284	635
284	655
284	749
284	752
284	775
285	648
285	652
285	807
285	857
286	318
286	835
286	838
286	844
287	559
287	607
287	715
287	960
287	987
288	645
289	517
289	724
290	325
290	675
290	714
290	727
290	791
290	874
290	883
290	953
291	317
291	323
291	325
291	346
291	401
291	405
291	464
291	526
291	588
291	658
291	735
291	916
292	296
292	317
292	328
292	345
292	396
292	474
292	525
292	575
292	616
292	644
292	669
292	728
292	840
292	927
292	962
293	729
293	896
294	383
294	778
294	932
295	317
295	320
295	746
295	817
295	913
295	966
296	320
296	636
296	641
296	659
296	692
296	901
296	930
297	439
297	975
298	306
298	465
298	529
298	837
299	310
299	452
299	501
300	315
302	334
302	495
302	584
302	616
302	661
302	777
302	787
302	858
302	916
302	965
302	996
303	613
303	621
303	627
303	813
303	842
303	924
303	934
303	962
304	673
304	861
305	416
305	494
305	642
305	852
305	948
305	990
306	433
306	544
306	617
306	766
306	988
307	334
307	344
307	568
307	681
307	800
307	891
307	913
307	927
307	962
307	981
308	627
308	707
308	749
308	803
308	826
308	906
309	359
309	367
309	416
309	511
309	611
309	670
309	703
309	822
309	948
310	515
310	566
310	715
310	872
310	883
310	906
311	328
311	408
311	512
311	818
311	894
311	958
312	459
312	526
312	593
312	655
312	717
312	985
313	441
313	485
313	491
313	552
313	569
313	891
313	914
315	410
316	342
316	351
316	373
316	502
316	525
316	583
316	707
316	762
316	899
316	958
316	960
317	341
317	441
317	454
317	481
317	504
317	744
317	759
317	860
317	951
318	503
318	673
318	872
319	582
320	398
320	411
320	455
320	474
320	513
320	526
320	584
320	610
320	674
320	681
320	738
320	832
320	955
321	402
321	443
321	569
322	370
322	429
322	445
322	515
322	915
322	957
322	993
323	392
323	469
323	575
323	645
323	776
324	327
324	413
324	654
324	806
324	980
325	425
325	547
325	607
325	724
325	728
325	777
325	935
326	335
326	510
326	769
327	328
327	345
327	363
327	388
327	455
327	498
327	573
327	596
327	686
327	757
327	758
327	790
327	800
327	817
327	833
327	864
327	865
327	916
327	965
328	474
328	498
328	505
328	570
328	618
328	758
328	761
328	835
328	866
328	898
328	980
329	400
329	412
329	433
329	454
329	507
329	552
329	601
329	612
329	652
329	710
329	735
329	783
329	865
329	956
329	986
329	990
330	359
330	394
330	400
330	465
330	769
330	774
330	977
331	475
331	476
331	604
331	637
331	657
331	663
332	395
332	664
332	665
332	750
332	932
332	992
333	371
333	448
333	694
333	811
333	847
333	938
334	344
334	453
334	481
334	538
334	559
334	593
334	627
334	866
334	894
335	529
335	532
336	410
336	414
336	485
336	492
337	369
337	506
337	772
338	966
340	363
340	400
340	491
340	570
340	647
340	671
340	728
340	782
340	910
340	956
340	985
340	988
341	435
341	468
341	587
341	693
341	824
341	901
341	950
342	368
342	408
342	490
342	502
342	521
342	573
342	712
342	925
342	931
343	384
343	564
343	613
343	966
343	970
344	361
344	406
344	453
344	475
344	692
344	717
344	758
344	817
344	944
344	952
344	962
345	361
345	571
345	637
345	645
345	738
345	892
345	898
345	946
345	971
346	652
346	659
346	667
346	790
346	966
346	971
346	978
347	560
347	617
347	642
347	730
347	876
347	950
348	453
348	491
348	665
348	666
348	704
348	749
348	760
349	385
349	430
349	644
349	688
349	693
349	727
349	991
349	993
350	384
350	682
350	951
350	979
351	395
351	396
351	885
352	353
352	376
352	405
352	454
352	474
352	601
352	629
352	647
352	710
352	713
352	718
352	870
353	367
353	423
353	677
353	700
353	714
353	718
353	735
353	862
353	891
354	564
354	624
354	768
355	555
355	673
355	715
355	844
355	947
355	953
355	957
357	433
357	480
357	496
357	523
357	616
357	771
357	777
357	800
357	829
357	876
358	648
359	633
359	703
359	822
359	889
359	933
360	602
360	890
361	458
361	504
361	537
361	542
361	645
361	649
361	658
361	702
361	881
361	946
361	972
362	373
363	396
363	406
363	412
363	424
363	586
363	616
363	647
363	850
363	913
363	951
363	965
364	378
365	416
365	417
365	420
365	703
365	860
366	540
366	671
366	724
366	835
366	874
366	935
367	400
367	423
367	442
367	446
367	599
367	601
367	756
367	805
367	870
367	949
367	977
367	993
368	967
369	720
369	898
369	934
370	430
370	517
370	625
370	641
370	666
370	787
370	824
370	963
370	988
371	432
371	503
371	607
371	811
371	935
373	377
373	506
373	545
373	600
373	925
374	383
374	635
374	826
374	904
376	508
376	587
376	601
376	700
376	724
376	849
376	899
376	997
377	686
377	894
378	451
378	604
379	450
379	468
379	492
379	515
379	622
379	671
379	721
379	803
379	868
379	874
379	987
380	775
380	915
382	527
382	729
382	739
383	432
383	501
383	503
383	783
383	811
384	624
384	654
384	850
384	980
385	580
385	648
385	653
385	710
385	745
385	799
385	846
385	991
386	417
386	518
386	594
386	689
386	977
387	639
387	772
388	537
388	621
388	680
388	776
388	778
388	797
388	814
388	871
388	965
388	979
389	697
389	796
389	801
389	826
389	861
389	868
389	935
390	391
390	589
390	676
390	739
390	889
391	446
391	533
391	860
392	507
392	514
392	579
392	640
392	860
393	432
393	443
393	460
393	607
393	673
393	685
393	691
393	847
393	861
393	872
394	417
394	544
394	596
394	769
395	521
395	559
395	573
395	667
395	803
395	811
395	916
395	932
396	482
396	511
396	516
396	531
396	568
396	590
396	613
396	675
396	686
396	787
396	849
396	913
396	922
397	421
397	591
397	621
397	804
397	864
397	893
397	942
397	972
398	400
398	405
398	577
398	659
398	948
400	430
400	505
400	514
400	734
400	870
400	946
400	949
400	985
400	997
401	423
401	454
401	491
401	513
401	570
401	576
401	586
401	647
401	721
401	765
401	785
401	808
401	901
402	429
403	428
403	470
403	537
403	575
403	610
403	669
403	674
403	681
403	731
403	747
403	790
403	795
403	800
403	978
403	986
404	502
404	564
404	583
404	680
405	411
405	435
405	513
405	575
405	576
405	584
405	768
405	782
405	862
405	948
405	963
406	462
406	639
406	768
406	797
406	871
406	879
408	448
408	525
408	570
408	598
408	622
408	694
408	750
408	814
408	894
408	924
408	944
409	564
409	592
409	639
409	850
409	866
409	994
410	528
410	830
410	879
410	940
411	412
411	423
411	470
411	513
411	576
411	629
411	710
411	734
411	790
411	840
411	956
411	977
412	526
412	571
412	641
412	689
412	692
412	703
412	798
412	948
413	492
413	929
414	444
414	969
416	434
416	446
416	553
416	895
417	446
417	494
417	520
417	594
417	766
417	769
418	887
420	480
420	513
420	576
420	588
420	603
420	626
420	659
420	952
421	441
421	449
421	481
421	512
421	758
421	761
421	771
421	927
421	954
423	424
423	482
423	603
423	675
423	865
423	870
423	956
423	962
424	444
424	462
424	498
424	605
424	669
424	747
424	757
424	758
424	797
425	540
425	595
425	783
425	891
425	913
425	944
426	466
426	479
426	696
426	712
426	809
426	925
426	926
426	966
428	531
428	543
428	758
428	786
428	812
428	843
428	913
428	930
428	931
428	966
428	981
429	625
429	630
429	711
429	715
429	932
430	516
430	675
430	951
430	960
430	987
431	557
431	582
432	488
432	646
432	861
432	974
433	457
433	468
433	730
433	805
433	922
434	464
434	524
434	576
434	642
434	703
434	876
435	446
435	482
435	647
435	659
435	687
435	718
435	808
435	849
436	628
436	698
436	789
436	989
437	513
437	537
437	563
437	637
437	728
437	744
437	750
437	787
437	797
437	833
437	913
438	725
440	612
440	623
440	749
440	752
440	755
440	899
441	496
441	513
441	751
441	787
441	790
441	871
441	894
441	913
441	929
442	568
442	688
442	710
442	852
442	895
442	913
442	923
442	959
443	719
443	874
444	461
444	462
444	476
444	637
444	657
444	757
444	833
444	942
445	515
445	612
445	697
445	716
445	721
445	752
445	906
445	958
446	464
446	869
447	477
447	483
447	503
447	685
447	713
447	748
448	547
448	809
448	932
448	944
448	958
449	590
449	605
449	710
449	924
449	954
449	970
449	994
450	481
450	531
450	547
450	587
450	626
450	724
450	809
450	855
450	890
450	958
450	985
452	496
452	655
452	662
452	807
452	961
453	530
453	798
454	491
454	525
454	593
454	636
454	648
454	652
454	724
454	765
454	805
454	849
454	942
454	977
454	998
455	576
455	702
455	734
455	829
455	869
455	936
457	544
457	672
457	839
457	949
457	950
458	633
458	709
458	930
458	940
458	955
458	961
459	648
459	857
459	911
460	547
460	593
460	801
460	803
460	817
460	824
460	838
460	928
461	741
461	823
462	500
462	523
462	563
462	674
462	746
462	764
462	824
462	832
462	981
464	594
464	771
464	824
464	865
464	959
464	999
465	732
465	745
465	910
465	989
466	481
466	564
466	604
466	780
467	665
467	694
468	511
468	587
468	659
468	799
468	850
468	857
468	865
468	916
468	965
468	997
469	484
469	618
469	633
469	774
469	776
469	805
469	852
469	862
469	870
469	876
469	901
469	945
470	505
470	538
470	567
470	592
470	660
470	667
470	773
470	849
470	865
470	952
470	961
470	965
470	988
470	999
471	535
472	602
474	579
474	652
474	659
474	717
474	735
474	761
474	782
474	805
474	829
474	839
474	950
474	998
475	525
475	644
475	668
475	686
475	758
475	817
475	924
475	946
475	966
476	486
476	813
477	607
477	777
477	957
478	837
479	502
479	534
480	482
480	485
480	542
480	616
480	621
480	649
480	669
480	744
480	761
480	871
480	952
481	525
481	531
481	667
481	759
481	786
482	485
482	567
482	570
482	707
482	762
482	800
483	661
483	685
483	791
483	811
484	520
484	560
484	766
484	805
484	822
484	876
485	526
485	568
485	636
485	659
485	660
485	709
485	794
485	955
485	986
486	925
487	488
487	573
487	811
487	838
487	944
488	691
488	748
489	557
489	816
490	512
490	521
490	547
490	694
490	750
490	754
490	811
490	944
490	992
491	508
491	652
491	693
491	715
491	883
491	889
492	543
492	720
492	934
492	937
494	579
494	739
494	837
494	870
495	506
495	756
495	980
496	647
496	670
496	713
496	799
496	807
496	834
496	920
496	988
498	542
498	546
498	568
498	570
498	710
498	746
498	780
498	893
498	916
498	927
498	986
499	726
500	563
500	795
500	930
501	587
501	666
501	698
501	713
501	722
501	745
501	805
501	960
502	573
502	592
502	608
502	665
502	778
502	885
502	928
503	685
503	812
504	603
504	641
504	660
504	692
504	800
504	942
505	513
505	584
505	588
505	649
505	674
505	692
505	829
505	890
505	901
505	955
506	522
506	534
506	581
506	877
506	884
507	514
507	638
507	959
508	511
508	636
508	659
508	688
508	713
508	745
508	773
508	864
508	997
509	536
509	875
510	870
511	629
511	700
511	713
511	771
511	922
511	961
511	985
511	986
512	744
512	803
512	806
512	809
512	979
513	542
513	588
513	598
513	660
513	669
513	674
513	692
513	700
513	738
513	829
513	895
513	924
513	929
513	952
513	978
515	593
515	715
515	736
515	922
515	957
516	675
516	727
516	752
516	812
516	874
516	906
516	960
517	625
517	655
517	698
517	704
517	782
517	855
517	960
517	991
517	993
518	571
518	733
518	802
518	860
519	792
520	526
520	599
520	659
520	660
520	676
520	710
520	876
520	965
520	990
521	712
521	754
521	951
522	712
522	772
522	992
523	563
523	603
523	611
523	660
523	702
523	709
523	738
523	757
524	575
524	636
524	788
525	606
525	780
525	990
526	584
526	603
526	674
526	833
526	940
526	955
526	985
527	615
528	577
528	676
528	731
528	898
528	923
529	628
529	949
530	722
530	953
530	960
531	596
531	692
531	985
532	693
532	713
533	769
533	941
534	604
535	545
535	613
535	664
535	707
535	877
535	918
535	928
537	546
537	563
537	569
537	637
537	649
537	746
537	898
537	980
538	583
538	761
538	901
538	929
538	951
538	986
539	653
539	820
539	846
539	991
540	573
540	586
540	735
540	824
540	891
540	985
542	570
542	571
542	575
542	616
542	658
542	679
542	692
542	747
542	795
542	800
543	564
544	648
544	876
544	953
544	977
544	989
546	615
546	637
546	758
546	850
548	816
551	885
552	587
552	599
552	714
552	718
552	798
552	920
553	577
553	626
553	703
553	734
553	739
554	873
555	612
555	711
555	727
555	735
555	844
555	957
556	854
556	976
558	705
558	751
558	848
559	796
559	803
559	844
559	861
561	848
562	623
562	635
562	812
562	835
562	954
563	591
563	621
563	649
563	657
563	670
563	764
563	942
564	753
564	924
566	778
566	872
567	641
567	653
567	688
567	689
567	721
567	728
567	761
567	901
567	972
568	584
568	596
568	660
568	681
568	790
568	876
568	952
569	626
569	679
569	762
569	912
570	571
570	588
570	658
570	758
570	778
570	801
570	817
570	818
570	878
570	899
570	927
570	951
570	963
571	611
571	692
571	709
571	927
573	665
573	667
573	696
573	755
573	777
573	843
573	996
575	616
575	637
575	670
575	679
575	738
575	747
575	817
575	940
576	865
577	927
579	594
579	617
579	714
579	956
580	678
580	708
581	951
583	624
583	669
583	686
583	717
583	803
583	824
583	878
583	916
583	921
584	587
584	700
584	881
584	951
584	954
585	664
585	810
585	975
586	587
586	647
586	771
586	891
587	636
587	652
587	659
587	765
587	799
587	849
587	864
587	920
587	929
587	963
587	993
588	681
588	728
588	747
588	900
588	925
588	927
588	952
589	690
589	702
589	733
590	616
590	649
590	676
590	709
590	738
590	832
590	930
590	934
591	603
591	615
591	649
591	669
591	764
591	780
591	832
591	869
591	930
591	981
592	758
592	776
592	787
592	997
593	652
593	688
593	782
593	796
593	799
593	835
593	883
593	893
593	945
594	599
594	949
594	953
595	773
595	838
595	868
596	658
596	700
596	744
596	824
596	862
596	870
596	951
596	978
597	672
598	606
598	680
598	750
598	755
599	687
599	698
599	782
600	753
601	647
601	703
601	723
601	961
601	962
601	985
603	626
603	637
603	641
603	702
603	759
603	829
603	891
603	901
603	962
604	741
605	686
605	806
605	813
605	818
605	927
606	761
606	891
606	951
607	723
607	803
607	935
610	611
610	692
610	710
610	768
610	774
611	641
611	709
611	900
611	998
612	864
612	921
613	758
613	866
613	928
614	789
615	856
615	892
616	649
616	681
617	693
617	865
617	936
618	676
618	804
619	622
621	654
621	703
621	780
621	840
621	881
621	994
622	931
622	996
623	627
623	760
623	783
623	791
623	899
623	921
623	947
624	667
624	824
624	878
624	916
625	727
625	752
625	785
625	835
625	906
625	921
625	922
626	681
626	728
626	893
626	900
626	998
627	899
628	839
628	968
628	989
629	674
629	761
629	866
629	922
631	638
631	645
631	851
631	897
631	946
631	971
632	750
632	925
632	992
633	735
633	744
633	758
633	862
634	902
635	957
636	659
636	702
636	862
636	995
636	997
636	998
637	670
637	788
637	813
637	829
637	833
637	940
638	640
638	642
638	656
638	859
638	977
639	649
639	695
640	734
640	889
640	990
641	652
641	660
641	692
641	762
642	730
642	734
642	839
642	853
644	669
644	735
644	814
644	849
644	852
644	948
645	684
645	696
645	946
647	672
647	700
647	710
647	722
647	768
647	771
647	782
647	798
647	858
647	988
647	993
648	672
648	698
648	820
648	991
649	676
649	692
649	700
649	709
649	718
649	840
649	850
649	869
649	951
651	666
651	812
651	899
651	949
651	957
652	692
652	761
652	993
653	676
653	732
653	820
654	813
654	818
654	884
654	966
655	715
655	791
655	807
655	835
655	957
656	781
657	772
657	969
658	667
658	696
658	738
658	758
658	881
658	973
659	710
659	771
659	804
659	858
659	870
659	986
659	988
660	710
660	771
660	774
660	849
660	954
661	671
661	675
661	723
662	760
663	934
664	770
664	854
665	811
665	928
666	722
666	807
666	855
666	950
667	680
667	688
667	868
667	912
667	954
667	962
668	682
668	701
668	955
668	969
669	776
669	813
669	840
669	965
669	970
670	747
670	795
670	962
670	966
671	777
671	868
671	922
672	839
673	809
673	861
673	882
673	958
674	900
674	952
674	961
675	714
675	791
675	835
675	858
675	950
675	989
676	733
676	852
676	862
676	902
676	948
677	862
677	876
677	995
679	840
680	749
680	762
680	843
680	929
680	963
680	966
681	738
681	780
682	701
682	916
683	866
683	926
684	823
685	784
686	688
686	747
687	702
687	722
687	910
687	949
688	920
689	714
689	769
689	849
689	995
690	740
690	751
691	725
691	819
691	821
691	854
691	861
691	885
692	700
692	927
692	981
692	986
693	865
694	757
694	819
695	867
696	723
696	758
696	818
696	830
696	856
696	924
696	944
696	994
697	778
697	783
697	801
698	910
698	949
699	789
699	917
700	727
700	735
700	771
700	814
700	868
700	900
700	924
700	951
700	962
701	866
702	739
702	765
702	956
702	978
703	735
703	869
703	955
704	953
705	794
705	823
705	896
705	946
705	984
707	755
708	820
709	833
709	961
709	965
710	714
710	776
710	787
710	890
710	961
710	986
710	998
711	874
711	882
711	906
712	754
712	866
712	884
712	924
712	925
713	979
713	991
714	722
714	723
714	735
714	820
714	914
714	991
715	957
716	815
716	947
717	762
717	786
717	843
717	922
718	799
718	808
718	993
718	997
720	879
720	973
721	791
721	835
721	865
721	987
722	865
722	910
722	922
722	933
722	989
723	727
723	759
723	783
723	807
723	824
723	864
723	891
723	899
723	954
724	899
724	924
724	962
727	752
727	864
727	874
728	735
728	761
728	808
728	865
730	758
730	852
730	890
730	956
731	919
731	946
733	739
734	740
735	843
735	907
735	988
735	998
738	900
740	869
741	856
744	746
744	758
744	797
744	800
744	862
744	952
744	986
745	825
745	846
745	949
745	991
746	750
746	800
746	833
746	840
746	866
746	871
746	913
746	930
747	833
747	866
747	881
748	778
748	821
748	838
748	854
748	873
749	914
749	974
750	780
750	944
751	804
751	867
751	869
751	930
752	820
752	953
752	957
753	969
754	791
754	878
755	756
755	935
756	772
756	884
757	758
757	879
757	900
758	809
758	813
758	971
758	980
759	824
759	838
759	922
760	914
760	927
760	987
761	782
761	800
761	871
761	942
762	777
762	868
764	848
764	946
765	804
766	933
768	800
769	964
770	925
771	862
771	870
771	878
771	895
771	899
771	929
772	840
772	875
773	849
773	977
774	795
774	805
774	808
774	870
774	914
774	986
776	795
776	817
776	890
776	927
776	952
776	972
777	778
777	938
777	954
778	996
780	806
780	879
781	837
782	798
782	822
782	865
782	870
782	899
782	913
782	955
782	998
786	787
786	826
786	868
786	914
787	833
787	843
787	856
787	891
787	945
787	962
788	940
789	911
790	795
790	843
790	900
791	809
791	811
791	987
794	892
795	813
795	840
795	858
795	871
795	951
796	814
796	847
796	894
796	932
797	969
798	834
798	963
799	808
799	868
799	876
800	850
800	900
800	951
801	821
801	935
802	902
803	935
803	963
804	851
804	889
804	946
805	941
805	988
806	813
806	924
806	981
808	959
809	814
809	858
809	885
809	893
809	927
809	979
810	937
811	865
811	878
812	835
812	858
812	935
813	850
813	894
814	817
814	818
814	871
814	924
814	979
815	921
817	866
818	840
818	894
818	966
818	980
819	821
819	847
819	858
820	846
821	885
823	898
823	927
824	858
824	865
824	910
824	955
826	938
827	863
828	906
829	979
830	850
830	884
831	841
832	851
832	863
832	881
832	898
832	946
833	850
833	898
833	900
833	946
833	972
834	846
834	907
835	836
835	865
837	933
838	906
838	955
838	981
839	910
839	933
839	950
840	879
840	893
840	916
840	927
840	962
841	896
842	866
842	966
843	865
843	986
843	997
846	989
848	983
849	963
851	869
851	896
852	998
853	895
853	923
854	918
856	994
858	864
860	876
861	904
861	996
862	890
862	960
864	910
864	951
865	929
865	993
866	966
866	978
867	868
867	896
867	984
868	872
868	929
869	890
869	895
869	912
870	952
870	956
871	899
871	951
872	953
873	918
873	958
875	969
876	923
876	948
876	956
878	927
878	996
879	940
881	930
883	938
885	932
886	919
890	995
892	984
893	951
893	980
896	897
899	922
899	954
899	958
899	963
901	951
901	985
903	973
912	945
912	959
913	952
913	979
913	993
914	921
914	947
914	953
914	999
916	927
916	929
916	962
918	928
918	992
920	949
921	957
921	987
926	983
927	972
929	951
929	966
930	951
930	972
932	958
935	996
940	994
944	981
944	992
945	993
949	993
950	977
950	993
951	997
952	961
952	972
954	996
955	961
955	972
956	977
956	986
956	990
957	987
958	992
958	996
964	989
965	966
966	979
972	978
977	999
985	986
990	995
995	998
