0	223
0	633
1	509
1	517
1	545
1	611
1	763
1	968
2	168
2	191
2	403
2	491
2	677
3	50
3	72
3	133
3	197
3	671
3	727
3	791
3	805
3	897
4	101
4	274
4	278
4	293
4	324
4	466
4	539
4	575
4	624
4	855
4	937
4	946
4	947
5	896
6	57
6	61
6	92
6	320
6	457
6	463
6	771
6	777
6	935
6	984
6	988
7	33
7	38
7	87
7	88
7	240
7	324
7	522
7	573
7	750
7	767
7	814
7	882
7	885
8	113
8	121
8	196
8	315
8	389
8	415
8	419
8	522
8	573
8	624
8	641
8	763
8	830
8	944
9	31
9	98
9	118
9	247
9	259
9	263
9	274
9	324
9	379
9	466
9	481
9	485
9	555
9	563
9	609
9	623
9	720
9	753
9	947
10	31
10	78
10	97
10	161
10	190
10	247
10	299
10	376
10	689
10	725
10	735
10	803
10	925
10	939
10	966
11	86
11	103
11	108
11	117
11	143
11	169
11	179
11	224
11	263
11	282
11	366
11	374
11	399
11	459
11	577
11	768
11	814
11	855
11	935
11	954
11	958
12	257
12	602
12	627
12	637
13	218
13	305
13	406
13	418
13	689
13	812
14	101
14	121
14	131
14	240
14	409
14	422
14	432
14	564
14	682
14	703
14	714
14	720
15	33
15	34
15	112
15	201
15	233
15	234
15	352
15	356
15	407
15	423
15	549
15	611
15	642
15	677
15	899
15	943
16	56
16	59
16	102
16	313
16	382
16	437
16	438
16	555
16	595
16	703
16	742
16	753
16	755
16	885
17	537
17	708
17	709
17	815
18	50
18	133
18	183
18	209
18	296
18	398
18	697
18	992
19	79
19	281
19	298
19	383
19	466
19	563
19	580
19	619
19	626
20	85
20	97
20	150
20	255
20	320
20	379
20	383
20	415
20	466
20	486
20	524
20	563
20	574
20	612
20	654
20	902
20	986
22	146
22	165
22	310
22	328
22	345
22	388
22	451
22	470
22	472
23	153
23	303
23	401
23	568
23	679
24	55
24	130
24	485
24	631
24	922
24	944
24	988
25	80
25	232
25	271
25	329
25	414
25	493
25	714
25	810
25	847
25	899
25	937
26	308
26	318
26	436
26	491
26	542
26	550
26	938
27	35
27	45
27	459
27	463
27	471
27	552
27	767
27	840
27	864
27	955
27	956
28	29
28	213
28	303
28	335
28	384
28	401
28	486
28	568
28	592
28	765
28	857
28	868
28	947
28	966
29	188
29	293
29	315
29	446
29	549
29	631
29	877
30	79
30	112
30	127
30	139
30	198
30	229
30	247
30	275
30	324
30	356
30	376
30	562
30	864
30	943
31	46
31	48
31	67
31	98
31	121
31	124
31	169
31	246
31	285
31	297
31	353
31	407
31	661
31	665
31	782
31	810
31	833
31	859
31	925
31	948
32	148
32	149
32	227
32	394
32	612
32	874
32	962
33	59
33	93
33	125
33	158
33	214
33	216
33	240
33	263
33	300
33	391
33	550
33	819
33	867
33	915
33	929
33	945
33	964
34	52
34	124
34	131
34	297
34	298
34	409
34	563
34	652
34	720
34	739
34	794
34	819
34	853
34	855
34	925
34	982
34	989
34	995
35	55
35	399
35	458
35	570
35	769
35	922
35	972
36	277
36	509
37	40
37	41
37	92
37	291
37	350
37	769
37	777
37	806
37	819
37	871
37	976
38	87
38	118
38	235
38	277
38	362
38	368
38	493
38	515
38	604
38	915
38	937
38	965
39	91
39	294
39	429
39	483
39	506
39	757
40	311
40	330
40	433
40	463
40	474
40	561
40	576
41	355
41	735
42	154
42	534
42	630
42	760
42	825
42	893
42	897
42	916
42	942
42	953
43	266
43	526
43	690
43	781
43	998
44	88
44	134
44	162
44	336
44	617
44	724
44	805
44	813
44	880
45	83
45	175
45	195
45	355
45	383
45	427
45	542
45	656
45	806
46	69
46	118
46	131
46	163
46	233
46	286
46	297
46	446
46	665
46	689
46	866
46	880
47	132
47	434
47	618
47	786
48	78
48	196
48	436
48	500
48	562
48	634
48	721
48	785
48	839
48	968
49	77
49	91
49	203
49	430
49	437
49	443
49	470
49	472
49	602
49	894
49	980
49	992
50	63
50	461
50	470
50	529
50	791
51	290
52	182
52	220
52	223
52	422
52	481
52	513
52	567
52	617
52	637
52	987
53	56
53	114
53	174
53	294
53	313
53	461
53	521
54	204
54	289
54	375
54	416
54	606
54	620
54	669
54	734
54	810
54	841
54	909
54	936
55	175
55	192
55	216
55	247
55	282
55	294
55	299
55	382
55	476
55	630
55	726
55	750
55	792
55	885
55	917
55	945
56	87
56	226
56	336
56	374
56	377
56	414
56	444
56	472
56	822
56	867
56	897
56	898
56	903
57	178
57	181
57	355
57	474
58	76
58	87
58	217
58	258
58	313
58	336
58	361
58	564
58	605
58	630
58	786
58	847
58	882
58	929
58	937
58	974
59	212
59	278
59	446
59	555
59	559
59	604
59	609
59	755
59	797
59	814
59	889
60	104
60	200
60	378
60	629
60	674
60	914
60	928
61	65
61	130
61	236
61	274
61	458
61	483
61	534
61	576
61	852
61	984
61	987
61	988
62	211
62	821
63	225
63	495
63	760
63	928
64	258
64	342
64	389
64	406
64	423
64	670
64	682
64	749
64	788
64	859
64	994
65	83
65	85
65	176
65	208
65	474
65	694
65	800
66	180
66	217
66	289
66	382
66	523
66	674
66	701
66	755
66	797
67	240
67	262
67	366
67	379
67	383
67	436
67	563
67	654
67	718
67	771
67	787
67	907
67	915
67	949
67	988
69	71
69	118
69	124
69	158
69	234
69	414
69	464
69	493
69	600
69	611
69	637
69	703
69	721
69	948
69	982
69	983
70	72
70	311
70	338
70	339
70	419
70	532
70	726
70	757
70	885
70	957
70	984
71	131
71	340
71	446
71	625
71	734
71	795
71	810
71	915
72	213
72	225
72	433
72	570
72	662
72	744
72	863
72	871
72	885
73	276
73	301
73	748
73	749
74	131
74	591
74	644
74	687
74	689
74	758
74	853
74	855
74	869
74	874
74	902
74	921
74	925
74	937
75	227
75	788
75	799
75	826
75	890
75	997
76	167
76	260
76	375
76	416
76	421
76	510
76	669
76	691
76	981
77	167
77	319
77	505
77	529
77	566
77	629
77	827
77	879
78	113
78	139
78	153
78	196
78	631
78	670
78	772
78	785
78	943
79	85
79	195
79	227
79	333
79	383
79	512
79	654
79	771
79	832
80	116
80	198
80	289
80	439
80	504
80	620
80	637
80	913
80	939
81	101
81	118
81	140
81	277
81	286
81	432
81	439
81	527
81	670
81	797
81	810
81	828
81	833
81	944
82	277
82	293
82	314
82	573
82	575
82	616
82	669
82	717
83	320
83	469
83	654
83	869
83	925
83	926
83	933
83	962
83	976
84	320
84	445
84	451
84	452
84	492
84	562
84	614
84	636
84	652
84	762
84	851
84	907
85	419
85	526
85	706
85	768
85	769
85	915
85	967
86	98
86	161
86	299
86	337
86	445
86	630
86	747
86	755
86	767
86	805
86	843
86	991
87	91
87	102
87	134
87	253
87	263
87	485
87	551
87	600
87	623
87	646
87	668
87	695
87	929
87	937
87	958
88	226
88	253
88	328
88	388
88	724
88	854
88	928
88	953
88	974
88	980
89	91
89	97
89	130
89	143
89	169
89	274
89	338
89	383
89	399
89	425
89	476
89	542
89	706
89	758
89	907
89	986
90	104
90	106
90	183
90	192
90	397
90	472
90	602
90	695
90	964
90	983
91	158
91	253
91	292
91	310
91	451
91	544
91	552
91	586
91	605
91	755
91	914
91	945
91	987
92	103
92	209
92	350
92	426
92	433
92	532
92	678
92	838
93	236
93	255
93	428
93	436
93	526
93	577
93	660
93	778
93	957
93	960
94	114
94	304
94	317
94	676
95	227
95	414
95	436
95	524
95	614
95	677
95	733
95	869
95	906
95	962
95	995
96	312
96	335
96	386
96	490
96	512
96	736
96	741
96	799
96	933
97	144
97	175
97	279
97	308
97	389
97	485
97	619
97	652
97	714
97	753
97	807
97	820
98	179
98	183
98	315
98	379
98	382
98	485
98	591
98	619
98	646
98	654
98	807
99	103
99	211
99	273
99	294
99	501
99	684
99	726
99	770
99	856
100	250
100	352
100	560
100	588
100	810
100	843
100	944
100	993
101	118
101	125
101	167
101	175
101	193
101	341
101	381
101	529
101	603
101	753
102	107
102	138
102	551
102	559
102	695
102	705
102	876
102	903
102	977
102	983
103	259
103	445
103	784
104	162
104	279
104	430
104	437
104	461
104	470
104	880
104	965
105	129
105	244
105	284
105	343
105	469
105	503
105	524
105	593
105	643
105	644
105	672
105	679
105	890
106	183
106	250
106	430
106	437
106	483
106	552
106	796
106	808
106	897
107	121
107	124
107	248
107	263
107	298
107	366
107	587
107	661
107	714
107	794
107	882
107	933
107	956
108	116
108	138
108	200
108	217
108	286
108	481
108	533
108	560
108	794
108	898
109	179
109	247
109	281
109	285
109	298
109	306
109	320
109	366
109	458
109	547
109	569
109	636
109	693
110	121
110	140
110	179
110	212
110	226
110	271
110	278
110	282
110	359
110	378
110	602
110	761
110	897
110	983
111	174
111	251
111	310
111	543
111	598
111	664
111	760
111	893
112	159
112	239
112	316
112	341
112	353
112	453
112	500
112	535
112	583
112	673
112	682
112	710
112	714
112	748
112	902
112	912
113	193
113	286
113	362
113	478
113	491
113	493
113	549
113	645
113	665
113	682
113	689
113	732
113	788
113	947
114	183
114	397
114	430
114	655
114	992
115	886
116	248
116	362
116	368
116	374
116	410
116	468
116	502
116	560
116	642
116	670
116	796
116	828
116	944
117	150
117	247
117	353
117	379
117	415
117	652
117	654
117	807
117	830
117	844
117	905
117	933
117	949
118	121
118	131
118	160
118	204
118	432
118	636
118	652
118	678
118	866
119	181
120	128
120	313
120	391
120	608
120	724
120	974
121	158
121	179
121	195
121	212
121	237
121	248
121	352
121	374
121	394
121	429
121	446
121	476
121	624
121	652
121	661
121	720
122	147
122	428
122	465
122	744
122	777
122	838
122	860
122	941
123	634
123	670
123	717
123	908
123	913
123	994
124	131
124	240
124	297
124	300
124	425
124	549
124	591
124	629
124	665
124	668
124	737
124	742
124	747
124	753
124	797
124	937
124	987
124	991
125	250
125	292
125	481
125	540
125	555
125	646
125	695
125	925
126	349
126	691
126	911
127	173
127	179
127	263
127	297
127	306
127	414
127	425
127	604
127	623
127	646
127	767
127	792
127	808
127	957
128	136
128	199
128	226
128	359
128	414
128	527
128	767
128	809
128	842
128	880
128	974
129	394
129	591
129	631
129	693
129	803
129	907
130	263
130	568
130	830
130	852
130	922
130	948
130	957
130	979
131	143
131	161
131	243
131	275
131	307
131	429
131	516
131	600
131	782
131	855
131	859
132	152
132	610
132	627
132	666
133	225
133	296
133	331
133	437
133	613
133	655
134	145
134	184
134	250
134	505
134	525
134	552
134	594
134	767
134	779
134	814
134	879
134	914
134	959
134	983
135	174
135	179
135	213
135	298
135	299
135	365
135	463
135	555
135	661
135	905
135	925
135	935
135	984
136	392
136	494
136	632
136	965
137	509
137	776
138	258
138	289
138	319
138	444
138	493
138	629
138	720
138	919
138	970
139	159
139	278
139	343
139	353
139	420
140	173
140	195
140	259
140	427
140	446
140	525
140	542
140	552
140	572
140	905
140	945
140	995
141	663
143	247
143	297
143	368
143	451
143	485
143	551
143	600
143	605
143	611
143	652
143	807
143	830
143	855
144	236
144	520
144	524
144	556
144	580
144	729
145	190
145	220
145	226
145	445
145	473
145	483
145	504
145	540
145	586
145	671
145	792
145	853
145	979
146	152
146	197
146	203
146	397
146	398
146	651
146	678
146	914
146	953
147	933
148	150
148	229
148	287
148	288
148	353
148	436
148	500
148	512
148	611
148	998
149	156
149	376
149	404
149	679
149	717
149	721
149	960
149	966
149	997
150	184
150	255
150	299
150	308
150	350
150	353
150	457
150	587
150	677
150	739
150	803
150	906
151	264
151	326
151	558
151	666
152	684
152	801
152	854
153	156
153	191
153	332
153	376
153	439
153	509
153	643
153	844
153	997
154	174
154	208
154	209
154	224
154	273
154	279
154	311
154	338
154	471
154	473
154	504
154	577
154	700
154	758
154	856
154	955
154	977
155	301
155	555
155	730
156	254
156	337
156	500
156	707
156	832
156	998
157	167
157	240
157	314
157	396
157	402
157	560
157	637
157	639
157	725
157	742
158	159
158	179
158	278
158	306
158	354
158	369
158	409
158	447
158	518
158	559
158	611
158	720
158	737
158	742
158	794
158	795
158	830
158	833
158	915
159	234
159	276
159	354
159	453
159	486
159	516
159	624
159	714
159	912
159	982
160	277
160	278
160	324
160	356
160	453
160	563
160	624
160	670
160	763
160	822
160	833
160	905
160	915
160	925
160	947
161	436
161	568
161	592
161	644
161	707
161	839
161	895
161	966
162	279
162	313
162	472
162	495
162	506
162	521
162	671
162	676
162	724
162	817
162	897
162	914
162	942
162	959
163	342
163	553
164	260
164	349
165	192
165	377
165	388
165	395
165	479
165	558
165	610
165	724
165	914
166	184
166	200
166	352
166	505
166	523
166	544
166	639
166	841
166	842
167	455
167	513
167	597
167	601
167	981
168	500
168	634
168	799
168	824
168	844
169	216
169	259
169	263
169	280
169	282
169	459
169	817
169	905
169	921
170	218
170	358
170	628
171	643
171	687
171	877
172	875
173	174
173	183
173	216
173	259
173	292
173	333
173	339
173	425
173	552
173	577
173	695
173	840
173	872
173	935
173	949
173	953
173	995
174	224
174	294
174	339
174	435
174	457
174	473
174	504
174	532
174	747
174	796
175	213
175	272
175	425
175	431
175	445
175	451
175	463
175	534
175	700
175	705
175	852
176	222
176	238
176	330
176	350
176	664
176	692
176	762
176	838
176	888
176	917
176	926
177	209
177	222
177	236
177	238
177	255
177	519
177	561
177	576
177	692
177	735
177	778
177	830
177	984
178	499
178	762
179	476
179	577
179	619
179	758
179	805
179	840
179	860
179	885
180	523
180	539
180	623
180	639
180	822
180	843
180	929
180	936
180	978
181	541
181	768
181	806
181	941
182	309
182	448
182	553
182	823
182	843
182	861
182	980
183	235
183	251
183	461
183	932
183	954
184	212
184	215
184	271
184	279
184	297
184	346
184	407
184	446
184	542
184	544
184	595
184	620
184	794
184	795
184	848
184	905
184	915
184	925
184	974
184	982
185	241
185	401
185	649
185	837
187	213
187	259
187	288
187	445
187	461
187	471
187	800
187	921
188	191
188	249
188	305
188	337
188	420
188	788
188	912
189	224
189	269
189	339
189	472
189	504
189	557
189	574
189	863
189	885
190	213
190	253
190	280
190	292
190	338
190	485
190	611
190	689
190	739
190	873
190	921
190	953
190	954
191	198
191	284
191	314
191	376
191	401
191	417
191	491
191	517
191	545
191	644
191	677
191	748
191	890
191	997
192	250
192	310
192	336
192	430
192	483
192	525
192	595
192	674
192	779
192	808
192	897
192	928
192	964
193	214
193	285
193	293
193	302
193	810
194	380
194	613
195	243
195	292
195	353
195	369
195	451
195	459
195	542
195	592
195	600
195	612
195	714
195	752
195	926
196	239
196	308
196	592
196	680
197	225
197	543
197	697
197	726
197	757
197	791
198	580
198	631
198	641
198	707
199	361
199	391
199	618
200	310
200	322
200	544
200	559
200	588
200	604
200	814
200	937
201	237
201	270
201	371
201	573
201	575
201	763
202	237
202	439
202	477
202	510
202	599
202	606
202	620
202	669
202	670
202	691
202	718
202	859
202	899
202	902
202	937
203	319
203	674
203	854
204	276
204	357
204	411
204	481
204	673
204	981
205	967
206	628
206	663
207	644
208	372
208	528
208	984
208	986
209	296
209	590
209	676
209	757
209	806
209	863
210	241
210	360
210	535
210	670
210	908
210	920
210	994
211	317
212	282
212	292
212	347
212	422
212	429
212	595
212	625
212	915
212	973
213	291
213	292
213	311
213	338
213	350
213	427
213	577
213	784
213	945
213	954
213	956
213	958
213	983
214	297
214	463
214	540
214	573
214	795
215	379
215	425
215	427
215	471
215	473
215	518
215	577
215	611
215	807
215	873
215	988
216	263
216	310
216	313
216	473
216	577
216	876
216	977
216	991
217	564
217	566
217	698
217	742
218	301
218	406
218	517
218	535
218	579
218	687
218	715
218	824
219	367
220	691
220	797
220	981
221	242
221	545
221	644
221	649
222	692
222	751
222	869
222	884
222	917
222	972
223	300
223	309
223	396
223	498
223	510
223	566
223	632
223	639
223	805
223	843
224	433
224	473
224	504
224	539
224	792
224	840
225	304
225	380
225	699
225	723
226	240
226	272
226	319
226	391
226	529
226	564
226	808
226	814
226	823
226	894
226	974
227	335
227	442
227	536
227	593
227	656
227	707
227	839
227	857
227	858
228	309
228	650
228	866
228	978
229	371
229	628
229	740
229	785
230	593
230	952
231	276
231	368
231	418
231	510
231	522
231	588
231	606
231	648
231	734
231	923
231	939
231	981
232	416
232	510
232	622
232	691
232	731
232	749
232	968
233	262
233	315
233	423
233	462
233	518
233	555
233	624
233	810
233	833
233	839
233	944
233	948
234	356
234	408
234	478
234	549
234	583
234	611
234	692
234	748
234	763
234	795
234	877
235	352
235	409
235	439
235	447
235	648
235	753
235	882
235	947
236	266
236	312
236	348
236	534
236	686
236	706
236	787
236	838
236	922
237	246
237	376
237	515
237	545
237	652
237	732
237	749
237	772
237	833
237	877
237	943
238	288
238	412
238	458
238	690
238	769
238	784
239	371
239	410
239	710
239	943
240	462
240	464
240	515
240	637
240	714
240	742
240	753
240	882
240	993
241	420
241	968
242	332
242	376
242	549
242	615
242	789
243	281
243	324
243	409
243	425
243	432
243	476
243	557
243	573
243	595
243	600
243	758
243	830
243	853
243	921
243	958
244	312
244	729
244	864
244	998
246	420
246	634
246	968
247	270
247	415
247	563
247	595
247	631
247	830
247	833
247	925
248	291
248	307
248	391
248	407
248	555
248	652
248	661
248	758
248	782
248	822
248	876
248	943
249	276
249	611
249	616
249	802
250	313
250	345
250	437
250	724
250	774
250	921
251	347
251	397
251	461
251	483
251	504
251	542
251	543
251	774
251	775
252	849
252	940
253	382
253	430
253	558
253	564
253	600
253	695
253	705
253	814
253	953
253	983
254	442
254	460
254	636
254	793
255	291
255	340
255	352
255	783
255	800
255	860
255	884
255	955
255	984
257	488
257	618
258	444
258	494
258	523
258	632
258	734
258	843
259	280
259	291
259	493
259	518
259	570
259	739
259	797
259	860
259	932
259	935
259	958
260	441
260	650
260	691
261	269
261	317
261	506
261	570
261	655
261	694
261	928
262	451
262	475
262	631
262	636
262	641
262	834
262	845
263	298
263	318
263	459
263	486
263	515
263	518
263	580
263	595
263	611
263	654
263	700
263	758
263	876
263	905
263	915
263	948
263	982
263	988
263	993
265	514
265	546
265	869
266	759
266	836
267	268
267	633
267	927
268	326
268	738
268	823
268	919
268	985
269	279
269	501
269	671
269	699
270	354
270	409
270	606
270	625
270	859
271	286
271	354
271	540
271	563
271	586
271	750
271	782
271	903
272	319
272	322
272	552
272	754
272	797
272	817
272	958
272	979
273	304
273	334
273	572
273	699
273	784
273	871
274	275
274	299
274	316
274	348
274	425
274	432
274	527
274	575
274	587
274	714
274	739
274	839
274	915
274	943
274	995
275	285
275	316
275	371
275	563
275	653
275	665
275	752
275	805
275	895
275	946
276	293
276	603
276	606
276	670
276	673
277	286
277	446
277	513
277	516
277	555
277	575
277	624
277	669
277	682
277	866
277	913
277	989
278	311
278	324
278	354
278	366
278	446
278	573
278	670
278	748
278	810
278	855
278	932
278	948
278	987
278	995
279	461
279	674
279	779
279	842
279	921
279	945
279	959
280	362
280	425
280	445
280	476
280	557
280	623
280	779
280	784
280	789
280	956
280	987
281	371
281	389
281	415
281	436
281	491
281	563
281	677
281	756
281	769
282	391
282	425
282	433
282	770
282	792
282	840
282	855
282	977
282	993
283	660
283	694
283	716
283	777
284	287
284	665
284	799
284	864
284	895
284	940
285	318
285	439
285	446
285	591
285	682
285	944
286	313
286	414
286	439
286	447
286	489
286	527
286	669
286	853
287	679
287	765
287	845
287	857
288	490
288	562
288	591
288	826
288	906
289	360
289	522
289	575
289	599
289	653
289	763
289	812
289	920
291	306
291	339
291	476
291	541
291	706
291	735
292	559
292	569
292	595
292	739
292	807
292	814
292	852
292	983
293	352
293	368
293	406
293	446
293	653
293	859
293	899
294	306
294	311
294	333
294	461
294	504
294	590
294	716
294	921
294	977
295	364
295	427
295	492
296	495
296	726
296	863
296	954
297	464
297	737
297	795
297	830
297	876
298	320
298	340
298	365
298	369
298	394
298	527
298	587
298	636
298	692
298	853
298	935
299	307
299	560
299	625
299	714
299	720
299	758
299	796
299	822
299	905
300	374
300	383
300	444
300	489
300	540
300	544
300	595
300	668
300	753
300	795
300	915
300	993
301	773
302	409
302	416
302	418
302	513
302	533
302	802
302	886
303	593
303	741
303	759
304	572
304	699
304	856
304	987
305	788
305	906
305	920
305	994
306	452
306	466
306	654
306	855
306	905
306	906
306	915
307	336
307	337
307	379
307	451
307	466
307	587
307	665
307	753
307	834
307	993
308	352
308	591
308	864
309	444
309	448
309	530
309	798
310	322
310	337
310	429
310	472
310	623
310	724
310	885
310	959
311	350
311	427
311	557
311	623
311	744
311	929
311	932
311	957
311	988
312	556
312	640
312	683
312	793
313	336
313	544
313	695
313	767
313	779
313	921
313	982
313	993
314	510
314	611
314	648
314	653
314	669
314	763
314	989
315	356
315	375
315	407
315	423
315	567
315	575
315	763
315	877
315	943
315	947
315	984
316	439
316	486
316	520
316	583
316	636
316	772
316	820
316	902
317	339
317	590
317	757
317	921
318	446
318	453
318	516
318	575
318	645
318	784
318	810
318	830
318	902
319	347
319	391
319	525
319	632
320	366
320	512
320	518
320	524
320	619
320	683
320	834
320	839
320	966
320	995
321	322
321	377
321	437
321	479
321	506
321	602
321	754
321	801
322	346
322	359
322	377
322	388
322	479
322	586
322	697
322	724
322	750
322	801
322	817
322	979
323	454
323	828
323	898
323	959
324	410
324	415
324	496
324	520
324	611
324	637
324	661
324	670
324	758
324	855
324	913
324	960
325	628
325	788
326	392
326	440
326	443
326	618
326	666
326	827
327	392
327	865
327	919
327	923
328	346
328	388
328	391
328	438
328	698
328	841
328	879
328	880
328	983
329	337
329	368
329	430
329	483
329	485
329	518
329	646
329	853
329	885
329	937
329	982
330	427
330	512
330	631
330	690
331	473
331	570
331	697
331	916
332	497
332	913
333	339
333	435
333	473
333	476
333	518
333	577
333	832
333	840
333	860
334	348
334	452
334	692
334	851
335	385
335	389
335	467
335	500
335	677
335	710
335	799
335	874
335	940
335	997
336	472
336	642
336	698
336	865
336	964
336	983
337	433
337	552
337	555
337	623
337	674
337	737
337	753
337	867
337	874
337	889
337	929
338	445
338	664
338	747
338	758
338	792
338	882
338	984
338	987
339	350
339	366
339	471
339	519
339	557
339	569
339	654
339	699
339	728
339	758
339	863
340	482
340	542
340	577
340	678
340	716
340	873
340	884
340	957
341	632
341	713
341	981
342	545
342	839
343	403
343	615
343	631
343	756
343	799
343	868
343	940
343	968
344	404
344	634
344	772
345	479
345	928
346	380
346	505
346	530
346	790
347	472
347	591
347	754
347	755
347	767
347	893
347	897
347	953
348	419
348	427
348	475
348	834
348	922
348	976
349	455
349	606
349	870
349	898
350	369
350	427
350	457
350	706
351	386
351	562
351	793
351	961
352	513
352	560
352	580
352	599
352	661
352	682
352	689
352	731
352	788
352	833
352	877
352	915
353	432
353	527
353	583
353	587
353	631
353	641
353	707
353	733
353	771
353	832
353	874
353	943
353	962
354	453
354	468
354	522
354	599
354	717
354	782
354	866
354	903
354	939
355	541
356	423
356	453
356	527
356	549
356	624
356	682
356	737
356	772
356	855
356	912
357	487
357	691
357	862
359	393
359	515
359	698
359	801
360	441
361	489
361	642
361	817
361	865
361	970
361	980
362	502
362	522
362	724
362	725
362	779
362	782
362	820
362	847
362	898
364	458
364	692
364	744
365	383
365	415
365	469
365	536
365	540
365	592
365	636
365	758
365	795
365	807
365	906
365	925
365	962
366	451
366	452
366	466
366	557
366	800
366	873
366	935
366	988
368	493
368	505
368	555
368	559
368	560
368	567
368	646
368	810
368	841
368	848
368	994
369	379
369	425
369	485
369	491
369	619
369	783
369	885
371	580
371	611
371	626
371	641
371	665
371	673
371	913
371	925
371	960
372	419
372	506
372	519
372	541
372	550
372	692
373	401
373	634
374	523
374	861
374	894
374	982
375	489
375	535
375	575
375	606
375	616
375	717
375	734
375	944
376	385
376	403
376	512
376	545
376	547
376	626
376	707
377	393
377	493
378	461
378	542
378	694
378	700
378	779
378	889
379	383
379	457
379	542
379	717
379	753
379	792
379	902
379	949
380	470
380	676
380	854
380	991
381	663
381	820
382	391
382	444
382	466
382	544
382	586
382	599
382	629
382	695
382	701
382	720
382	853
382	885
382	958
382	979
382	987
383	550
383	587
383	693
383	758
383	784
383	807
383	855
383	954
383	995
384	491
384	536
384	656
384	834
384	890
384	906
385	403
385	634
385	643
385	844
387	911
388	397
388	602
388	724
389	641
389	874
389	962
390	442
390	683
390	962
391	610
391	629
391	724
391	742
391	801
391	808
391	843
391	894
392	601
392	712
392	813
392	842
392	919
393	455
393	529
393	980
394	520
394	636
394	737
394	756
394	906
395	842
395	889
396	444
396	594
396	742
396	880
396	942
397	900
399	465
399	474
399	519
399	678
399	838
399	852
399	860
399	884
399	922
400	507
400	708
401	417
401	693
402	539
402	601
402	620
402	719
403	749
403	943
404	536
404	729
404	768
404	772
404	869
404	961
404	963
406	420
406	653
406	824
407	447
407	636
407	661
407	714
407	763
407	833
407	838
408	484
408	859
409	422
409	577
409	606
409	645
409	670
409	707
409	753
409	944
410	560
410	575
410	624
410	703
410	833
410	913
411	418
411	502
411	626
411	701
411	908
412	501
412	695
413	482
414	636
414	637
414	689
414	691
414	899
414	947
414	989
415	645
415	874
416	622
416	668
416	669
416	670
416	713
416	990
417	496
417	644
417	732
417	857
418	622
418	713
418	742
418	812
419	524
419	800
419	888
420	643
420	673
420	687
420	788
420	812
420	859
421	448
421	622
422	432
422	448
422	464
422	481
422	753
422	848
422	899
422	995
423	516
423	714
423	895
425	747
425	840
425	852
425	905
425	925
425	955
427	457
427	471
427	557
427	577
427	623
427	932
428	458
428	474
428	519
428	576
428	728
428	735
428	763
428	768
428	793
428	804
428	819
428	884
429	472
429	559
429	604
429	739
429	742
429	958
430	559
430	779
430	801
430	805
430	817
431	465
431	519
431	876
431	917
432	455
432	560
432	645
432	701
432	737
432	797
432	925
432	939
433	504
433	532
433	888
433	955
433	986
434	488
435	519
435	556
435	576
435	739
435	769
435	778
435	811
436	466
436	522
436	525
436	550
436	592
436	631
436	656
436	822
436	907
437	724
437	879
437	928
437	945
437	953
437	959
437	964
437	979
438	632
438	698
438	823
438	843
438	898
438	990
439	462
439	522
439	524
439	540
439	648
439	653
439	682
440	558
440	738
440	813
440	827
441	484
441	581
441	621
441	622
441	924
442	667
442	857
442	884
442	892
442	962
443	608
443	928
444	505
444	539
444	564
444	632
444	639
444	641
444	642
444	805
444	809
444	974
444	983
445	532
445	543
445	577
445	678
445	747
445	795
445	885
445	905
446	453
446	522
446	580
446	646
446	648
446	782
446	848
446	915
446	929
446	982
447	560
447	670
447	682
447	865
447	994
448	828
449	511
449	672
450	783
451	485
451	555
451	557
451	572
451	775
451	796
451	830
451	867
451	905
451	942
451	954
451	983
452	518
452	562
452	692
452	820
452	988
453	512
453	715
453	731
453	920
454	862
455	480
455	493
455	564
455	810
455	841
456	655
456	723
456	872
457	492
457	557
457	572
457	577
457	942
457	957
457	984
458	485
458	519
458	534
458	561
458	781
458	884
458	922
459	542
459	591
459	598
459	630
459	700
459	705
459	929
460	706
460	926
460	940
461	543
461	662
461	750
461	767
461	792
461	796
461	879
461	942
461	958
462	540
462	648
462	653
462	668
462	701
463	506
463	705
463	935
463	942
464	489
464	609
464	782
464	929
465	474
465	568
465	739
465	811
465	892
465	926
466	518
466	550
466	577
466	612
466	636
466	652
466	739
466	787
466	876
466	902
467	736
468	489
468	523
468	564
468	701
468	866
469	524
469	562
469	592
469	612
469	656
469	803
469	819
469	869
469	962
469	995
470	594
471	755
471	878
472	525
472	609
472	695
472	796
472	805
472	954
472	987
473	956
473	958
474	692
474	746
475	524
475	534
475	611
475	631
475	758
475	778
475	783
475	787
475	819
475	907
475	926
476	608
476	652
476	720
476	796
476	840
476	891
476	921
476	925
476	945
476	977
476	988
477	487
477	691
477	816
478	516
478	599
478	753
478	756
478	788
478	943
479	602
479	674
479	918
480	711
481	523
481	540
481	604
481	618
481	646
481	648
481	797
481	853
481	959
483	506
483	700
483	724
483	760
483	774
483	796
483	797
483	801
483	852
483	893
483	953
484	571
484	621
484	764
485	542
485	569
485	572
485	612
485	822
485	885
485	933
485	987
485	988
486	527
486	587
486	603
486	624
486	925
486	962
489	494
489	535
489	603
489	624
489	717
489	753
489	944
490	762
490	826
490	961
491	648
491	656
491	765
491	783
491	819
491	864
491	895
491	907
491	913
491	966
492	678
492	681
492	728
492	757
492	976
492	986
493	652
493	689
493	822
493	853
493	902
493	944
494	553
494	798
494	828
495	664
495	724
496	722
496	803
496	857
496	997
497	517
497	710
497	837
498	588
498	648
498	841
498	934
500	681
500	686
500	707
500	756
500	785
500	839
500	876
500	913
501	504
501	598
501	796
501	967
502	828
502	899
502	903
503	511
505	564
505	625
505	718
505	944
506	817
506	856
506	957
507	680
507	850
507	963
508	740
510	522
510	588
510	620
510	731
511	675
512	654
512	686
512	771
512	803
512	969
513	753
513	789
513	794
513	899
514	531
514	568
514	686
514	751
514	793
515	620
515	668
515	842
515	939
516	689
516	839
516	877
516	946
516	968
517	788
517	812
517	994
518	534
518	695
518	768
518	781
518	800
518	852
518	933
519	574
519	681
519	800
519	851
519	873
520	524
520	562
520	615
520	834
521	676
522	653
522	703
522	773
522	859
522	913
522	944
522	968
523	597
523	639
523	719
523	828
523	865
523	889
523	989
524	550
524	657
524	803
524	819
524	998
525	605
525	724
525	750
525	854
525	958
525	973
526	807
526	926
527	661
527	785
527	789
527	832
527	867
529	564
529	566
529	617
529	842
529	980
530	633
530	711
530	999
531	793
532	542
532	550
532	705
532	769
532	804
532	838
532	932
532	988
533	637
533	718
533	734
533	870
534	556
534	576
534	949
535	620
535	648
535	673
535	713
535	934
536	591
536	672
536	906
536	960
537	736
538	548
538	731
538	745
538	924
539	566
539	597
539	639
539	642
539	761
539	843
539	889
539	939
540	648
540	653
540	720
540	797
540	810
540	847
541	838
541	867
542	591
542	795
543	590
543	774
543	842
543	916
543	942
543	954
544	559
544	629
544	646
544	695
544	868
544	929
544	958
544	982
545	625
545	628
545	748
546	686
546	751
546	759
546	793
546	883
546	926
547	649
548	749
549	631
549	988
550	756
550	771
550	804
550	807
550	906
550	984
551	609
551	625
551	830
551	882
551	945
551	959
551	987
552	586
552	694
552	774
552	885
552	921
553	601
553	633
553	798
553	899
555	562
555	600
555	624
555	795
555	848
555	852
555	876
555	925
555	948
555	987
556	667
556	781
557	570
557	705
557	706
557	739
557	796
557	852
557	932
557	942
557	945
558	610
558	627
558	633
558	724
558	801
559	591
559	625
559	853
559	866
559	880
560	609
560	652
560	703
560	820
560	822
560	894
561	800
562	769
562	780
562	787
562	803
562	832
562	845
563	670
563	748
563	833
563	876
563	995
564	734
564	843
565	657
565	811
565	996
566	567
566	767
566	782
566	809
566	846
566	939
567	859
567	987
568	803
568	857
568	940
568	960
568	969
569	577
569	692
569	770
569	803
571	622
572	590
573	587
573	624
573	636
573	661
573	812
573	848
573	855
573	902
573	906
573	944
573	946
574	598
574	806
575	599
575	731
575	753
575	763
575	812
575	859
576	681
576	692
576	769
576	777
577	752
577	758
577	954
577	957
579	909
579	971
580	641
580	673
580	864
580	906
581	621
581	909
581	924
582	687
582	696
582	837
583	611
583	665
583	714
583	749
583	767
583	833
584	818
585	719
586	609
586	623
586	854
587	591
587	654
587	737
587	820
587	832
587	885
587	905
587	949
587	995
588	620
588	668
588	725
588	994
589	951
590	770
590	975
590	986
591	763
591	819
591	921
591	937
592	612
592	619
592	631
592	680
592	759
592	830
592	873
592	874
592	922
592	966
593	672
593	765
593	850
594	790
595	609
595	852
595	905
596	744
597	639
597	698
597	763
597	847
598	609
598	747
598	774
598	893
598	975
599	734
599	763
599	782
599	810
599	833
599	902
599	994
600	625
600	636
600	661
600	763
600	855
600	876
600	906
601	934
601	981
602	724
602	779
602	801
602	918
602	964
603	648
603	722
603	763
604	652
604	867
604	922
604	937
604	949
604	958
604	994
605	610
605	630
605	724
605	914
605	959
605	991
606	703
606	773
606	782
606	936
608	914
608	980
609	737
609	742
609	768
609	794
609	822
609	958
610	813
610	854
610	914
611	689
611	721
612	641
612	729
612	762
612	787
612	838
614	771
614	800
615	693
615	740
616	701
616	753
616	912
617	761
617	841
617	870
617	923
619	680
619	693
619	762
619	838
620	637
620	720
620	795
620	903
620	944
620	980
620	989
621	650
621	773
621	789
621	934
623	695
623	873
623	921
623	929
623	977
623	979
624	648
624	833
624	855
624	913
625	661
625	742
625	840
625	894
626	693
626	710
626	721
626	962
628	776
629	639
630	671
630	724
630	742
630	760
630	915
630	918
630	953
631	771
631	787
631	803
631	890
632	978
634	890
635	657
635	736
636	676
636	689
636	720
636	737
636	797
636	819
636	920
636	925
637	669
637	763
637	794
637	847
637	939
639	642
640	690
640	781
640	811
640	845
641	907
641	925
641	993
641	997
642	930
643	710
643	802
643	968
644	673
644	693
644	710
644	834
644	890
645	682
645	703
645	717
645	763
645	902
645	946
646	807
646	921
647	910
647	930
647	965
648	782
648	853
648	989
649	780
649	896
651	757
651	770
651	975
652	714
652	882
652	925
652	956
652	977
653	731
653	911
653	934
654	787
654	966
654	969
655	825
655	872
656	672
656	864
656	946
657	759
657	783
657	864
658	870
660	806
660	901
660	967
660	975
661	689
661	742
661	748
661	822
661	852
661	855
661	915
662	726
662	727
663	829
663	924
663	971
664	676
664	752
664	856
664	872
664	878
664	916
665	737
665	762
665	803
665	902
665	946
665	949
666	790
666	978
666	983
667	741
667	850
668	701
668	734
668	753
668	828
668	847
668	981
669	877
669	981
670	938
670	947
671	699
671	726
671	809
671	921
672	736
672	892
672	961
673	677
673	718
674	754
674	921
675	826
676	774
676	893
677	679
677	756
677	799
677	868
677	895
677	998
678	871
678	957
679	940
680	819
680	830
680	834
680	852
680	907
681	692
681	760
681	871
682	689
682	710
682	718
682	720
682	810
682	944
685	963
686	803
686	969
687	802
687	944
689	822
689	833
689	947
690	759
690	836
690	933
691	816
691	886
691	902
691	981
692	700
693	844
693	907
693	966
694	863
694	967
695	775
695	921
695	956
697	700
697	856
697	893
697	977
697	992
698	761
698	798
699	863
699	878
699	900
699	964
700	739
700	758
700	784
700	792
700	863
700	880
700	894
701	847
701	902
701	925
702	910
703	848
705	752
705	800
705	855
705	893
705	954
705	976
706	984
707	714
707	785
707	858
707	895
707	906
708	868
710	772
710	869
713	899
713	912
714	740
714	789
714	855
714	907
714	982
716	757
717	749
718	866
720	774
721	785
721	807
721	968
722	968
724	801
724	805
724	914
724	918
726	760
726	791
726	863
726	916
726	992
727	821
728	777
728	941
729	819
729	834
729	874
729	906
729	926
729	961
730	924
731	812
732	756
732	839
732	943
732	997
733	759
733	884
733	969
735	975
735	984
737	822
737	848
737	853
737	867
737	921
738	919
739	752
740	756
741	781
741	783
742	795
742	822
742	840
742	882
742	958
742	965
742	982
742	989
746	851
746	963
747	760
747	784
747	945
748	859
748	874
750	792
750	814
750	929
752	758
752	855
752	932
752	935
752	954
752	984
752	987
753	761
753	810
753	882
753	944
754	801
754	879
754	914
754	928
755	814
755	929
755	983
756	943
757	979
758	832
758	852
758	867
758	945
758	956
759	765
760	932
761	965
761	990
762	768
762	874
762	906
762	907
762	998
763	848
763	866
763	994
764	824
765	997
766	878
767	973
767	979
767	993
768	819
769	811
769	860
770	957
771	784
771	822
772	785
772	832
772	859
775	979
775	983
777	871
777	972
778	907
778	933
779	805
779	937
779	979
779	983
782	810
782	847
782	855
782	939
784	830
784	893
784	957
784	977
785	907
785	940
785	966
787	844
787	902
788	802
789	866
792	852
792	893
792	957
793	926
794	795
794	915
795	797
795	822
795	853
795	959
795	981
795	993
796	867
796	933
796	973
797	814
797	882
797	929
797	937
797	987
799	895
800	840
800	884
800	926
800	933
800	988
801	805
803	869
803	895
803	906
803	969
804	901
805	840
805	964
806	869
806	888
809	889
809	891
810	820
810	867
810	925
812	859
813	854
813	879
813	919
814	853
814	929
818	961
820	866
820	876
822	830
822	876
822	915
822	954
823	910
823	970
824	912
825	900
826	868
828	934
829	971
830	876
831	941
832	907
833	867
834	839
834	984
838	888
838	957
838	984
839	844
839	995
840	937
840	942
840	954
840	956
840	958
840	991
842	898
843	861
845	969
846	853
846	881
847	989
848	939
850	883
851	926
852	991
853	897
853	916
853	929
853	982
855	876
856	871
860	922
860	945
861	887
861	923
861	934
861	970
862	886
864	902
864	960
864	969
866	903
867	921
867	937
868	997
869	906
869	984
870	990
872	950
873	907
874	906
876	921
876	947
877	912
878	967
879	880
879	980
880	942
880	979
880	992
881	910
881	923
882	929
882	993
883	906
885	937
889	993
890	940
891	903
891	919
893	921
893	954
893	964
894	928
894	980
896	946
897	914
897	918
897	979
899	903
901	917
902	947
905	935
906	987
907	932
911	924
912	920
913	966
914	918
914	928
915	987
919	965
923	936
929	939
929	958
933	995
937	939
939	974
940	962
942	992
943	962
944	947
945	949
945	954
945	991
947	997
948	977
949	954
953	956
953	992
954	982
954	995
956	977
956	983
959	964
961	969
969	998
972	996
982	993
984	988
985	990
986	988
