0	144
0	824
0	888
1	172
1	285
1	301
1	325
1	845
2	54
2	159
2	222
2	244
2	250
2	253
2	284
2	288
2	295
2	315
2	344
2	358
2	509
2	566
2	638
2	674
2	729
2	772
2	776
2	833
2	957
3	4
3	9
3	132
3	185
3	193
3	244
3	253
3	285
3	369
3	402
3	494
3	717
3	729
3	882
3	901
3	957
4	28
4	39
4	158
4	194
4	341
4	454
4	597
4	724
4	781
4	822
4	908
4	917
4	970
5	190
5	297
5	496
5	569
6	24
6	93
6	425
6	607
6	614
6	647
6	649
6	673
6	742
6	782
6	850
6	930
7	63
7	97
7	106
7	153
7	155
7	188
7	263
7	278
7	315
7	357
7	358
7	404
7	418
7	557
7	727
7	778
7	795
7	797
7	857
7	901
7	921
8	122
8	137
8	179
8	295
8	299
8	326
8	334
8	478
8	551
8	611
8	706
8	783
8	958
8	992
9	140
9	193
9	303
9	320
9	442
9	523
9	742
9	767
9	855
9	937
9	946
10	364
10	437
10	452
10	591
10	692
10	772
10	863
10	971
10	999
11	342
11	540
11	703
12	606
12	931
13	17
13	178
13	231
13	401
13	750
13	913
14	49
14	70
14	255
14	425
14	536
14	599
14	704
14	744
14	919
14	946
14	963
14	972
15	130
16	82
16	152
16	296
16	322
16	397
16	683
16	704
16	789
16	841
16	873
16	925
17	68
17	71
17	168
17	185
17	369
17	456
17	507
17	541
17	768
17	772
17	850
17	859
17	950
18	40
18	181
18	188
18	197
18	348
18	363
18	405
18	418
18	424
18	509
18	510
18	519
18	563
18	630
18	692
18	756
18	882
18	941
18	962
19	168
19	185
19	404
19	442
19	518
19	670
19	712
19	736
19	740
19	771
19	782
19	829
19	917
19	991
20	150
20	212
20	220
20	266
20	270
20	377
20	480
21	138
21	223
21	325
21	346
21	500
21	606
21	641
21	887
21	985
22	74
22	225
22	362
22	437
22	585
22	705
22	733
22	911
22	999
23	220
23	537
23	556
23	849
24	53
24	167
24	492
24	522
24	539
24	610
24	688
24	855
26	80
26	181
26	217
26	325
26	343
26	406
26	419
26	542
26	758
26	868
26	882
26	940
27	63
27	105
27	168
27	381
27	404
27	418
27	442
27	449
27	509
27	553
27	605
27	692
27	698
27	905
27	961
28	73
28	114
28	187
28	193
28	288
28	335
28	344
28	472
28	565
28	568
28	655
28	694
28	731
28	826
28	852
28	867
28	908
29	140
29	294
29	303
29	309
29	336
29	358
29	391
29	479
29	547
29	567
29	568
29	592
29	624
29	635
29	754
29	781
29	829
29	874
29	950
30	130
30	257
30	261
30	433
30	722
30	853
31	422
31	434
31	535
31	569
31	760
32	174
32	200
32	323
32	382
32	652
32	668
32	861
32	920
33	64
33	139
33	440
33	558
33	996
34	96
34	136
34	235
34	282
34	418
34	449
34	469
34	499
34	510
34	564
34	701
34	819
35	147
35	191
35	227
35	642
35	669
35	892
36	49
36	250
36	295
36	349
36	565
36	660
36	712
36	731
37	157
37	196
37	214
37	249
37	301
37	583
37	823
37	832
38	49
38	132
38	178
38	206
38	381
38	402
38	405
38	407
38	559
38	563
38	753
38	756
38	841
38	865
38	873
38	997
39	147
39	211
39	309
39	340
39	494
39	564
39	566
39	590
39	592
39	609
39	638
39	646
39	655
39	745
39	783
39	829
39	836
40	119
40	223
40	284
40	337
40	427
40	428
40	436
40	463
40	586
40	658
40	716
40	796
40	797
41	457
41	817
41	855
41	994
42	105
42	148
42	196
42	288
42	381
42	405
42	458
42	469
42	564
42	578
42	638
42	658
42	663
42	738
42	766
42	818
42	869
42	921
42	933
42	991
43	221
43	259
43	354
43	676
43	878
45	70
45	85
45	185
45	230
45	360
45	370
45	374
45	648
45	705
45	790
46	502
46	598
47	84
47	86
47	139
47	303
47	405
47	432
47	523
47	564
47	578
47	589
47	590
47	592
47	745
47	756
47	776
47	885
47	895
47	916
47	959
47	961
48	351
48	528
49	92
49	254
49	381
49	578
49	588
49	674
49	711
49	717
49	722
49	739
49	778
49	834
49	901
49	944
50	56
50	77
50	113
50	287
50	288
50	306
50	315
50	336
50	451
50	558
50	722
50	731
50	783
50	828
51	177
51	221
51	320
51	362
51	364
51	371
51	384
51	399
51	545
51	577
51	667
51	767
51	768
51	900
51	944
52	883
52	933
53	208
53	236
53	250
53	299
53	326
53	338
53	339
53	344
53	431
53	646
53	957
53	983
54	119
54	140
54	230
54	250
54	402
54	433
54	561
54	636
54	638
54	639
54	644
54	738
54	873
54	893
54	946
54	954
56	342
56	457
56	505
56	737
56	787
56	909
57	216
57	377
57	412
57	440
57	715
58	607
58	679
58	855
58	909
58	981
59	92
59	105
59	315
59	418
59	570
59	590
59	670
59	692
59	698
59	702
59	878
60	166
60	257
60	278
60	295
60	338
60	391
60	539
60	569
60	681
60	735
60	748
60	850
60	934
61	71
61	90
61	106
61	181
61	187
61	309
61	311
61	335
61	356
61	381
61	404
61	469
61	692
61	696
61	698
61	717
61	778
61	842
61	845
61	905
61	972
62	110
62	198
62	229
62	257
62	351
62	567
62	831
62	839
62	992
63	148
63	193
63	232
63	367
63	425
63	553
63	603
63	696
63	705
63	904
63	910
63	961
63	962
63	982
64	76
64	300
64	412
64	477
64	634
64	642
64	730
64	861
65	450
65	543
65	598
65	708
66	314
66	408
66	428
66	446
66	780
66	988
67	242
67	303
67	381
67	449
67	472
67	542
67	618
67	663
67	666
67	844
67	859
67	945
68	101
68	176
68	206
68	449
68	469
68	643
68	698
68	717
68	756
68	911
68	921
68	925
68	938
68	997
69	142
69	298
69	343
69	397
69	441
69	622
69	643
69	704
69	753
69	814
69	820
69	946
69	962
69	995
69	998
70	86
70	426
70	713
70	813
70	994
71	90
71	132
71	229
71	339
71	431
71	542
71	578
71	589
71	740
71	756
71	850
71	905
71	933
72	101
72	165
72	254
72	262
72	316
72	397
72	449
72	494
72	618
72	683
72	753
72	809
72	834
72	843
72	865
72	972
72	984
73	122
73	139
73	166
73	184
73	257
73	280
73	558
73	651
73	725
73	818
73	828
73	831
73	836
74	85
74	454
74	580
74	629
74	767
74	863
74	943
74	944
75	269
75	287
75	337
75	353
75	428
75	433
75	438
75	568
75	694
75	710
75	715
75	757
75	853
75	871
76	227
76	576
76	831
76	920
77	122
77	127
77	134
77	177
77	278
77	336
77	414
77	478
77	565
77	609
77	712
77	745
77	783
77	836
77	846
77	853
77	952
78	154
78	502
79	99
79	156
79	300
79	490
79	671
79	977
79	996
80	97
80	172
80	196
80	250
80	287
80	311
80	325
80	363
80	544
80	589
80	596
80	601
80	698
80	699
80	843
80	859
80	878
80	908
80	943
82	203
82	225
82	443
82	753
82	793
82	997
84	194
84	197
84	206
84	242
84	310
84	438
84	568
84	690
84	740
84	867
85	461
85	552
85	704
85	746
85	926
85	943
85	979
85	999
86	114
86	235
86	285
86	340
86	358
86	463
86	515
86	549
86	566
86	712
86	756
86	829
86	868
86	882
86	895
86	904
87	375
87	507
87	752
87	827
87	864
87	897
88	101
88	234
88	238
88	241
88	262
88	289
88	334
88	437
88	465
88	557
88	639
88	695
88	900
88	905
88	934
88	935
88	946
89	110
89	113
89	124
89	344
89	653
89	669
89	828
89	949
90	309
90	310
90	363
90	405
90	411
90	449
90	510
90	578
90	756
90	766
91	105
91	188
91	296
91	404
91	563
91	629
91	755
91	841
91	873
91	900
91	905
91	997
92	303
92	309
92	358
92	369
92	505
92	510
92	601
92	649
92	663
92	692
92	776
92	795
92	834
92	850
92	878
93	110
93	721
93	881
93	892
93	920
94	151
94	232
94	296
94	329
94	352
94	415
94	498
94	661
94	696
94	755
94	813
94	857
94	910
94	954
95	461
95	462
95	548
95	714
95	727
95	752
95	753
95	772
95	820
95	914
95	926
96	151
96	244
96	294
96	414
96	479
96	566
96	586
96	649
96	670
96	756
96	871
96	908
96	941
96	944
96	950
97	188
97	234
97	299
97	309
97	336
97	339
97	358
97	402
97	557
97	578
97	592
97	629
97	636
97	785
97	795
97	836
97	845
97	901
98	494
99	852
99	977
100	102
100	807
101	158
101	159
101	449
101	464
101	494
101	557
101	736
101	767
101	841
101	844
101	879
101	886
101	910
102	115
102	206
103	107
104	274
104	279
104	744
105	176
105	206
105	235
105	284
105	285
105	381
105	402
105	441
105	510
105	590
105	601
105	685
105	797
105	933
105	991
106	284
106	285
106	310
106	313
106	358
106	375
106	405
106	441
106	494
106	515
106	526
106	545
106	586
106	589
106	736
106	857
106	878
106	893
106	961
106	998
107	175
107	406
107	518
107	608
107	619
107	913
107	940
108	187
108	196
108	199
108	495
108	590
108	689
108	769
108	792
108	993
109	117
109	282
109	752
109	914
110	125
110	127
110	137
110	158
110	261
110	272
110	871
111	137
111	257
111	634
111	652
111	730
111	831
112	342
113	114
113	119
113	183
113	243
113	261
113	309
113	412
113	547
113	681
113	783
113	839
113	937
114	197
114	226
114	309
114	427
114	456
114	479
114	630
114	640
114	681
114	727
114	740
114	776
114	816
114	821
114	840
114	862
114	917
114	994
115	284
115	298
115	303
115	605
115	750
115	969
116	771
117	132
117	203
117	699
117	746
117	759
117	805
117	864
117	910
117	923
118	247
118	641
118	756
118	928
119	223
119	260
119	292
119	321
119	349
119	369
119	371
119	402
119	433
119	565
119	694
119	776
119	839
119	867
120	665
120	728
120	792
120	965
121	330
121	406
121	619
121	702
122	155
122	326
122	339
122	353
122	521
122	623
122	660
122	661
122	697
122	729
122	783
122	797
122	828
122	831
123	136
123	157
123	172
123	206
123	231
123	235
123	271
123	302
123	544
123	630
123	643
123	659
123	701
123	740
123	842
123	944
124	130
124	141
124	208
124	515
124	528
124	743
124	952
125	338
125	587
125	607
125	688
126	659
126	686
127	134
127	183
127	187
127	243
127	310
127	349
127	371
127	391
127	427
127	595
127	646
127	731
127	781
127	802
127	816
127	822
127	874
127	899
127	917
128	183
128	222
128	310
128	324
128	336
128	428
128	568
128	592
128	690
128	724
128	732
130	137
130	166
130	167
130	200
130	237
130	448
130	653
130	894
131	376
131	613
131	663
132	178
132	206
132	311
132	404
132	472
132	531
132	557
132	663
132	696
132	727
132	778
132	843
132	941
132	997
132	998
133	177
133	197
133	391
133	400
133	414
133	521
133	632
133	674
133	697
133	706
133	743
133	934
133	935
133	937
133	952
134	178
134	188
134	226
134	292
134	335
134	358
134	431
134	581
134	712
134	725
134	816
134	908
134	950
135	211
135	558
135	560
135	567
135	642
135	660
135	712
135	722
135	783
135	890
135	947
136	172
136	217
136	468
136	575
136	940
136	989
137	460
137	483
137	484
137	530
137	721
137	773
137	920
138	199
138	211
138	380
138	423
138	433
138	480
138	537
138	641
138	798
138	819
138	849
138	973
139	166
139	170
139	226
139	257
139	261
139	287
139	410
139	722
139	743
139	831
139	839
139	861
139	912
140	238
140	391
140	478
140	597
140	623
140	738
140	878
140	905
140	912
140	937
140	954
140	957
141	272
141	294
141	308
141	358
141	451
141	460
141	495
141	715
141	784
142	284
142	301
142	303
142	406
142	693
143	145
143	332
143	342
143	398
143	437
143	610
143	974
144	200
144	467
144	634
144	773
144	826
145	279
145	598
145	754
145	850
145	912
146	173
146	396
146	455
146	466
146	911
146	932
147	184
147	191
147	229
147	286
147	321
147	694
147	831
147	947
148	284
148	375
148	441
148	511
148	548
148	696
148	813
148	845
148	854
148	864
148	943
149	256
149	258
150	211
150	260
150	266
150	423
150	532
150	537
150	608
150	716
150	985
150	989
151	312
151	463
151	561
151	647
151	809
151	843
151	997
152	225
152	250
152	397
152	462
152	507
152	563
152	570
152	594
152	618
152	680
152	778
152	789
152	841
152	925
153	235
153	249
153	303
153	369
153	401
153	449
153	494
153	553
153	605
153	716
153	778
153	857
153	882
155	250
155	278
155	391
155	582
155	611
155	679
155	682
155	742
155	763
155	797
155	829
155	833
155	879
155	903
155	944
155	949
156	481
156	583
156	586
156	657
156	689
156	761
157	363
157	373
157	491
157	601
158	242
158	272
158	312
158	362
158	364
158	384
158	398
158	431
158	509
158	547
158	614
158	646
158	668
158	735
158	770
158	779
158	862
158	934
159	217
159	357
159	404
159	442
159	573
159	636
159	834
159	857
159	914
159	968
161	318
161	423
162	447
162	584
164	490
164	762
165	194
165	309
165	341
165	356
165	360
165	405
165	456
165	459
165	544
165	564
165	578
165	623
165	873
165	954
166	227
166	237
166	289
166	410
166	663
166	725
166	816
166	831
166	836
166	853
166	934
167	170
167	279
167	920
168	176
168	178
168	206
168	267
168	284
168	303
168	381
168	494
168	504
168	559
168	578
168	702
168	766
168	925
168	926
169	404
169	430
169	439
169	599
169	744
170	598
170	642
170	725
170	839
170	860
171	214
171	372
171	473
171	600
172	301
172	556
172	618
172	619
172	845
172	906
172	971
172	983
172	989
172	998
173	322
173	367
173	452
173	482
173	602
173	677
173	767
173	873
174	273
174	892
175	468
175	493
175	612
175	967
176	197
176	210
176	254
176	303
176	404
176	557
176	570
176	636
176	702
176	756
176	921
177	236
177	238
177	250
177	259
177	262
177	272
177	344
177	522
177	545
177	674
177	676
177	720
177	738
177	779
177	800
177	818
177	903
177	952
177	958
178	375
178	487
178	605
178	640
178	778
178	865
178	923
178	937
179	253
179	257
179	651
179	860
179	970
179	992
180	345
180	703
180	779
180	876
181	198
181	210
181	269
181	402
181	520
181	581
181	740
181	756
181	878
181	895
182	621
182	888
183	194
183	272
183	295
183	306
183	309
183	321
183	346
183	398
183	495
183	568
183	640
183	653
183	732
183	747
183	821
183	874
184	398
184	560
184	571
184	669
184	751
184	828
185	468
185	548
185	761
185	806
185	847
185	913
187	194
187	335
187	336
187	343
187	349
187	405
187	411
187	472
187	537
187	549
187	716
187	769
187	781
187	938
187	985
188	192
188	238
188	254
188	282
188	289
188	339
188	358
188	458
188	479
188	542
188	630
188	636
188	660
188	696
188	720
188	785
188	833
188	874
188	914
188	957
189	219
189	379
189	869
189	977
190	264
190	394
190	794
191	200
191	243
191	288
191	470
191	484
191	543
191	651
191	715
191	947
191	952
192	222
192	289
192	295
192	349
192	357
192	391
192	636
192	697
192	711
192	751
192	767
192	879
193	209
193	218
193	254
193	407
193	414
193	427
193	441
193	518
193	566
193	586
193	594
193	596
193	658
193	695
193	829
193	878
193	886
193	907
194	222
194	254
194	339
194	340
194	478
194	487
194	590
194	630
194	766
194	776
194	882
194	970
195	238
195	362
195	391
195	431
195	459
195	464
195	547
195	597
195	648
195	674
195	720
195	852
195	878
195	912
195	972
196	249
196	284
196	659
196	664
196	726
197	343
197	424
197	473
197	578
197	661
197	769
197	882
197	893
197	936
198	337
198	339
198	353
198	464
198	478
198	541
198	557
198	582
198	692
198	712
198	766
198	903
198	962
199	223
199	283
199	411
199	503
199	537
199	549
199	604
199	786
199	811
199	916
200	450
200	467
200	530
200	560
200	633
201	293
201	476
201	794
202	324
202	347
202	707
203	465
203	698
203	759
203	840
203	969
203	979
204	529
204	607
204	743
204	918
205	275
205	573
205	789
205	999
206	316
206	559
206	591
206	601
206	698
206	879
206	907
207	255
207	279
207	527
207	647
207	667
207	736
207	990
208	338
208	384
208	457
208	505
208	522
208	539
208	645
208	735
208	737
208	743
209	494
209	692
209	886
209	910
209	926
209	962
210	242
210	417
210	463
210	473
210	641
210	928
210	954
211	270
211	477
211	973
211	986
212	215
212	247
212	302
212	377
212	520
212	856
214	303
214	588
214	625
214	626
214	664
214	701
215	423
215	526
216	282
216	307
216	480
216	635
216	657
216	734
216	769
216	869
216	887
217	242
217	285
217	289
217	348
217	532
217	596
217	844
217	944
217	961
218	283
218	412
218	427
218	665
218	869
218	967
219	261
219	321
219	484
219	545
219	586
219	624
219	635
219	681
219	716
219	784
219	861
219	947
220	423
220	807
220	849
220	928
221	385
221	418
221	464
221	521
221	679
221	682
221	711
221	713
221	736
221	833
221	912
221	990
222	236
222	269
222	279
222	310
222	315
222	398
222	417
222	438
222	545
222	549
222	568
222	611
222	638
222	670
222	695
222	710
222	796
222	816
222	874
223	308
223	368
223	402
223	417
223	473
223	740
223	936
223	973
224	246
224	308
224	467
224	774
225	546
225	552
225	628
225	685
225	841
225	999
226	243
226	287
226	312
226	326
226	335
226	339
226	348
226	521
226	635
226	640
226	658
226	743
226	776
226	903
226	912
227	408
227	445
227	681
228	380
228	420
228	446
228	470
228	621
228	826
228	965
229	371
229	567
229	634
229	669
229	715
230	647
230	729
230	767
230	970
230	981
231	284
231	330
231	542
231	544
231	701
231	719
231	740
231	756
231	832
231	850
232	401
232	441
232	449
232	531
232	594
232	629
232	636
232	712
232	809
232	843
232	905
232	921
232	946
232	961
234	360
234	378
234	385
234	464
234	614
234	706
234	776
234	863
234	879
234	900
234	904
234	994
235	339
235	405
235	442
235	449
235	494
235	524
235	561
235	596
235	620
235	643
235	766
235	778
235	781
235	868
235	872
235	941
236	263
236	265
236	287
236	335
236	349
236	353
236	398
236	418
236	486
236	632
236	637
236	660
236	770
236	878
236	894
236	957
237	253
237	279
237	484
237	651
237	652
237	691
237	754
237	822
238	250
238	263
238	278
238	299
238	358
238	470
238	617
238	638
238	720
238	926
239	298
239	664
240	534
241	262
241	352
241	391
241	397
241	404
241	409
241	557
241	559
241	696
241	713
241	795
241	846
241	850
241	879
241	930
242	244
242	340
242	427
242	624
242	690
242	766
242	893
242	933
243	261
243	300
243	336
243	353
243	371
243	433
243	440
243	460
243	463
243	543
243	592
243	745
243	871
244	309
244	310
244	630
244	640
244	658
244	745
244	747
244	874
247	305
247	363
247	368
247	620
249	372
249	423
249	844
249	913
250	263
250	278
250	287
250	288
250	315
250	452
250	471
250	521
250	661
250	720
250	937
253	259
253	339
253	344
253	362
253	400
253	651
253	674
253	692
253	776
253	795
253	894
253	907
253	908
254	339
254	358
254	563
254	597
254	638
254	776
254	901
255	262
255	527
255	631
255	799
255	994
256	513
256	579
256	746
257	484
257	651
257	836
257	958
258	468
258	643
258	806
258	925
259	334
259	410
259	457
259	611
259	850
259	981
259	984
260	326
260	431
260	432
260	438
260	440
260	549
260	567
260	595
260	784
260	797
260	861
260	996
261	265
261	486
261	558
262	292
262	464
262	777
262	904
262	919
263	348
263	357
263	456
263	540
263	590
263	617
263	795
263	800
263	833
263	867
263	957
263	979
265	460
265	560
265	634
265	776
265	784
265	869
265	950
266	268
266	270
266	307
266	545
266	547
266	566
266	761
266	762
266	867
267	465
267	518
267	548
267	635
267	680
267	705
267	714
267	925
268	283
268	294
268	295
268	424
268	436
268	495
268	520
268	578
268	657
269	283
269	306
269	310
269	336
269	341
269	418
269	438
269	463
269	503
269	528
269	565
269	732
269	781
269	887
269	909
270	333
270	347
270	520
270	849
270	858
271	605
271	662
272	292
272	387
272	398
272	783
272	802
272	822
272	839
272	861
272	867
272	970
273	788
274	295
274	540
274	676
274	688
274	896
275	684
276	294
276	363
276	499
276	985
277	286
277	318
277	420
278	371
278	519
278	582
278	610
278	611
278	630
278	636
278	682
278	711
278	720
278	729
278	739
278	741
278	748
278	767
278	821
278	878
279	450
279	610
280	382
280	519
280	860
280	992
281	290
281	361
281	593
281	705
282	406
282	418
282	553
282	559
282	566
282	589
282	692
282	702
282	865
283	417
283	438
283	451
283	663
283	668
283	689
283	811
283	848
283	849
283	933
284	468
284	526
284	532
284	596
284	615
284	640
284	865
284	893
284	940
285	418
285	532
285	544
285	895
285	961
285	997
286	694
286	988
287	288
287	295
287	310
287	312
287	336
287	470
287	471
287	565
287	581
287	592
287	681
287	710
287	747
287	822
287	871
288	326
288	344
288	349
288	371
288	398
288	495
288	609
288	652
288	653
288	731
288	739
288	747
288	749
288	783
288	816
288	906
288	912
289	339
289	366
289	381
289	458
289	557
289	597
289	658
289	739
289	781
289	824
289	862
289	865
289	905
291	329
291	375
291	678
291	750
292	299
292	312
292	349
292	509
292	611
292	632
292	682
292	795
292	835
292	850
292	903
292	909
292	912
294	324
294	377
294	416
294	436
294	624
294	642
294	734
294	796
294	916
294	996
295	341
295	385
295	505
295	646
295	743
295	783
295	908
295	949
296	313
296	330
296	360
296	409
296	649
296	714
296	755
296	805
296	843
296	847
296	865
296	873
296	914
296	997
297	535
298	372
298	468
298	559
298	687
298	820
298	955
299	339
299	364
299	366
299	398
299	478
299	577
299	631
299	636
299	637
299	646
299	653
299	743
299	751
299	767
299	829
299	908
299	912
299	934
300	412
300	432
300	448
300	642
300	731
300	762
300	824
300	826
300	836
300	996
301	406
301	693
301	928
301	998
302	951
303	442
303	658
303	753
303	809
303	872
303	961
305	556
305	803
305	980
306	477
306	515
306	554
306	574
306	722
306	895
306	899
306	933
307	335
307	428
307	495
307	623
308	321
308	398
308	634
308	681
308	858
309	398
309	407
309	478
309	510
309	561
309	614
309	710
309	781
309	839
309	862
309	894
309	908
309	950
309	983
309	996
310	428
310	545
310	581
310	663
310	732
310	796
310	878
311	404
311	465
311	515
311	545
311	573
311	594
311	643
311	727
311	857
311	865
311	902
311	905
312	313
312	360
312	426
312	464
312	632
312	736
312	904
312	930
312	944
312	970
312	994
313	357
313	479
313	596
313	692
313	698
313	702
313	882
313	893
313	905
313	933
313	959
313	991
314	351
314	386
314	416
314	448
314	517
315	495
315	545
315	547
315	586
315	609
315	660
315	661
315	756
315	829
315	867
315	937
316	402
316	441
316	443
316	553
316	727
316	847
316	879
316	907
316	925
317	436
317	440
317	445
317	477
317	480
317	670
317	681
317	722
317	815
317	861
317	893
318	451
318	707
319	382
319	387
319	471
319	509
319	516
319	774
319	828
319	892
319	992
320	378
320	546
320	639
320	736
320	744
320	785
320	787
320	795
320	981
321	353
321	377
321	438
321	445
321	565
321	568
321	655
321	690
321	724
321	950
322	374
322	409
322	454
322	462
322	603
322	704
322	755
322	790
322	813
322	972
322	979
323	342
323	688
323	748
324	565
324	657
324	660
324	693
324	715
324	732
324	745
325	493
325	517
325	557
325	568
325	576
325	588
325	600
325	859
325	884
326	335
326	344
326	407
326	438
326	739
326	758
326	770
326	783
326	816
326	822
326	900
326	908
326	952
326	958
327	338
327	425
327	580
327	684
327	705
327	744
327	791
327	804
328	439
328	700
328	817
328	966
329	330
329	468
330	413
330	506
330	532
330	566
330	570
330	605
330	618
330	622
330	921
331	382
331	502
331	551
331	760
332	584
333	986
334	380
334	431
334	521
334	571
334	582
334	597
334	660
334	674
334	900
335	336
335	353
335	566
335	568
335	590
335	592
335	710
335	776
335	874
335	954
336	364
336	389
336	440
336	559
336	566
336	567
336	630
336	653
336	731
336	776
336	839
336	950
337	427
337	576
337	635
338	457
338	571
338	610
338	676
338	742
338	748
338	835
339	358
339	401
339	521
339	609
339	674
339	697
339	776
339	778
339	781
339	907
339	933
339	952
340	349
340	431
340	557
340	609
340	681
340	776
340	908
340	997
341	353
341	427
341	431
341	440
341	463
341	505
341	547
341	577
341	595
341	597
341	610
341	649
341	917
341	952
342	382
342	385
342	645
342	751
343	411
343	532
343	906
343	911
343	941
344	353
344	387
344	400
344	470
344	637
344	646
344	652
344	660
344	697
344	720
344	729
344	735
344	739
344	836
345	708
346	380
346	528
346	574
346	728
346	780
346	826
347	503
347	973
347	985
348	411
348	417
348	459
348	566
348	600
348	612
348	714
348	941
349	402
349	521
349	566
349	658
349	681
349	696
349	741
349	781
349	903
349	908
349	937
349	944
349	958
350	828
351	634
351	715
351	861
352	370
352	454
352	585
352	599
352	705
352	733
352	772
352	795
352	801
352	870
352	879
352	911
352	919
353	544
353	545
353	547
353	582
353	653
353	655
353	745
353	774
353	811
353	821
353	835
353	836
353	874
354	378
354	504
354	514
354	896
354	919
355	909
356	472
356	503
356	526
356	588
356	600
356	796
356	848
356	944
356	989
357	358
357	486
357	578
357	614
357	684
357	879
357	902
357	904
357	957
358	393
358	638
358	653
358	661
358	692
358	797
358	829
358	847
358	917
358	954
358	957
358	983
360	381
360	594
360	649
360	843
360	846
360	902
361	366
361	409
361	425
361	647
361	863
361	910
361	946
362	486
362	645
362	855
362	863
362	949
363	493
363	993
364	458
364	486
364	509
364	661
364	816
364	835
364	896
364	900
364	937
364	954
364	991
365	870
366	409
366	547
366	566
366	591
366	639
366	696
366	813
366	910
366	919
366	972
366	979
367	464
367	617
367	658
367	663
367	695
367	733
367	907
368	940
369	559
369	619
369	643
369	680
369	698
369	753
369	827
369	845
369	865
369	872
370	390
370	801
370	851
371	398
371	470
371	545
371	670
371	903
371	970
372	544
372	619
372	664
373	375
373	413
373	575
373	615
373	664
374	485
374	793
374	963
374	995
376	455
376	593
376	804
377	389
377	436
377	480
377	517
377	554
377	796
377	869
377	959
378	509
378	614
378	683
378	851
378	863
378	889
378	970
378	972
379	446
380	386
380	432
380	824
381	432
381	544
381	553
381	563
381	575
381	594
381	605
381	624
381	681
381	702
381	772
381	873
381	914
381	923
382	399
382	598
382	773
384	540
384	673
385	399
385	402
385	457
385	476
385	498
385	540
385	551
385	577
385	591
385	611
385	631
385	637
385	697
385	711
385	720
385	737
385	949
386	451
386	480
386	517
386	554
386	715
386	826
386	947
386	965
387	391
387	433
387	539
387	545
387	644
387	651
387	660
387	720
387	725
387	735
387	739
387	747
387	770
387	894
388	411
388	413
388	608
388	758
388	980
388	986
389	438
389	586
389	595
389	715
389	815
389	853
389	858
389	996
390	425
390	474
390	948
391	431
391	456
391	545
391	547
391	577
391	582
391	609
391	649
391	651
391	660
391	688
391	743
391	781
391	833
391	908
391	912
391	937
391	957
392	890
393	401
393	546
393	677
393	744
393	801
393	902
393	911
393	946
393	979
394	703
394	866
395	977
396	474
397	409
397	462
397	573
397	752
397	795
397	840
397	841
397	864
397	968
398	428
398	609
398	623
398	778
398	783
398	815
398	829
398	871
398	902
398	937
399	457
399	519
399	539
399	540
399	667
399	682
399	748
399	791
399	821
399	880
399	981
400	646
400	653
400	688
400	735
400	739
400	743
400	770
400	781
400	818
400	917
400	935
400	952
400	958
400	970
401	559
401	612
401	658
401	727
401	845
401	873
401	926
402	407
402	458
402	486
402	557
402	559
402	663
402	926
403	840
403	914
403	982
404	473
404	596
404	755
404	846
404	859
404	868
404	901
405	463
405	479
405	564
405	740
405	766
405	868
405	895
405	938
405	950
405	996
406	756
406	832
406	838
406	916
406	938
406	940
406	986
407	456
407	582
407	586
407	682
407	696
407	741
407	849
407	900
407	907
407	930
408	567
409	452
409	465
409	746
409	772
409	811
409	904
410	452
410	521
410	546
410	632
410	697
410	735
410	747
410	751
410	802
411	503
411	570
411	657
411	838
411	916
411	917
411	938
412	420
412	516
412	624
412	633
412	745
412	757
413	449
413	487
413	596
413	605
413	885
413	991
414	509
414	631
414	653
414	732
414	937
415	744
415	794
415	946
417	438
417	493
417	583
417	600
417	620
417	740
417	761
417	811
417	849
417	940
417	980
418	442
418	452
418	564
418	594
418	601
418	905
418	941
419	525
419	555
419	556
420	621
420	988
421	600
422	836
422	860
423	786
423	993
424	428
424	517
424	542
424	581
424	655
424	732
424	784
424	985
425	439
425	523
425	663
425	736
425	889
425	933
425	990
426	614
426	711
426	738
426	767
426	777
427	515
427	635
427	716
428	436
428	438
428	515
428	681
428	739
428	815
429	982
430	580
430	817
430	932
431	442
431	582
431	610
431	611
431	661
431	732
431	908
431	949
432	433
432	438
432	451
432	470
432	499
432	515
432	517
432	564
432	655
432	734
432	811
432	868
433	516
433	668
433	741
433	774
433	839
433	874
433	908
433	912
434	935
435	447
435	530
435	543
435	610
436	576
436	689
436	734
436	786
436	936
436	985
437	573
437	705
437	723
437	746
437	904
437	907
437	943
437	979
438	451
438	495
438	576
438	635
438	640
438	710
438	725
439	813
440	495
440	624
440	681
440	722
440	734
440	888
440	958
440	996
441	629
441	750
441	778
441	813
441	845
442	456
442	469
442	494
442	544
442	666
442	692
442	727
442	809
442	893
442	933
443	814
443	865
443	939
444	951
445	568
445	757
445	780
445	824
446	480
446	707
447	788
447	920
448	694
448	977
449	459
449	578
449	589
449	712
449	714
449	778
449	846
449	847
449	954
450	484
450	797
451	470
451	861
452	486
452	552
452	596
452	617
452	663
452	670
452	742
452	795
452	842
452	904
452	997
454	504
454	772
454	782
454	990
456	458
456	509
456	547
456	702
456	706
456	742
456	770
456	893
456	902
456	914
456	944
457	540
457	748
457	768
457	909
457	934
458	557
458	578
458	643
458	663
458	670
458	698
458	797
458	816
458	906
459	525
459	532
459	601
459	638
459	658
459	692
459	698
459	841
459	905
459	998
460	558
460	784
460	822
460	871
461	599
461	873
461	907
461	962
461	994
462	545
462	759
462	785
462	814
462	841
462	979
463	532
463	561
463	581
463	590
463	662
463	740
463	868
463	882
463	938
464	479
464	564
464	636
464	639
464	695
464	880
464	946
465	511
465	753
465	841
465	962
465	968
465	994
465	997
467	773
468	659
468	842
468	872
469	658
469	756
469	842
469	893
469	895
470	516
470	521
470	545
470	549
470	621
470	738
470	741
470	784
470	941
471	653
471	691
471	954
472	499
472	524
472	620
472	786
472	928
472	989
473	555
473	596
473	663
473	745
473	829
473	844
473	868
473	893
473	906
473	940
473	967
475	589
475	612
475	628
476	509
476	546
476	639
476	649
476	663
476	667
476	684
476	736
476	782
476	785
476	994
477	554
477	600
477	669
477	757
477	784
477	893
477	931
478	630
478	669
478	821
478	853
478	874
478	908
479	545
479	561
479	566
479	601
479	630
479	661
479	727
479	797
479	841
479	844
480	811
480	858
481	500
481	549
481	588
481	640
481	844
482	994
483	560
483	773
483	992
484	558
484	881
485	552
485	603
485	946
486	557
486	586
486	630
486	717
486	785
486	816
486	840
486	904
486	926
486	957
487	615
487	740
487	820
487	843
488	953
490	635
491	562
491	687
491	849
491	872
491	955
491	982
492	502
492	611
492	706
492	720
492	729
492	741
492	748
492	751
492	912
492	958
493	803
493	810
493	838
494	547
494	578
494	594
494	629
494	680
494	756
494	791
494	926
494	962
495	516
495	545
495	655
495	745
495	757
495	822
495	952
496	587
496	667
496	918
497	527
497	550
498	546
498	607
498	610
498	637
498	737
498	742
498	744
498	834
498	835
498	855
498	946
498	972
499	515
499	689
499	844
499	928
499	985
500	503
500	623
500	769
500	810
500	856
502	830
503	666
504	552
504	582
504	919
504	932
504	994
505	522
505	547
505	551
505	577
505	912
507	513
507	562
507	619
507	683
507	699
507	753
507	806
507	872
507	925
507	943
509	539
509	582
509	631
509	636
509	644
509	672
509	713
509	747
509	802
509	912
509	944
509	970
510	537
510	557
510	630
510	716
510	878
510	923
510	941
511	943
512	537
513	585
513	613
513	805
515	588
515	674
515	692
515	716
515	811
515	912
516	565
516	568
516	623
516	655
516	715
516	869
516	878
517	520
517	554
517	581
517	642
517	694
517	757
517	871
518	640
518	692
518	699
518	778
518	827
518	943
518	999
519	539
519	577
519	718
519	745
519	748
520	758
520	761
520	986
521	610
521	688
521	713
521	767
521	818
521	937
521	944
522	646
522	653
522	735
522	779
522	835
522	871
523	611
523	632
523	636
523	695
523	697
523	713
523	833
523	834
523	903
523	946
524	615
524	940
524	989
525	986
526	576
526	588
526	600
526	766
526	985
527	942
528	861
530	668
530	828
530	830
530	960
530	974
531	682
531	776
531	842
532	658
532	698
532	921
532	998
534	570
536	599
536	763
536	778
536	863
536	889
536	919
536	990
537	858
537	980
538	775
539	546
539	611
539	645
539	673
539	676
539	718
539	802
539	984
540	569
541	548
541	719
541	806
541	814
541	859
541	989
542	575
542	649
542	693
542	829
542	842
542	862
542	868
542	923
542	961
543	743
543	881
543	996
544	666
544	683
544	746
544	753
544	805
544	813
544	921
544	923
544	933
545	547
545	597
545	617
545	630
545	670
545	674
545	756
545	818
545	912
545	962
545	970
546	550
546	767
546	942
547	592
547	611
547	636
547	646
547	724
547	882
547	901
547	937
547	958
548	805
548	827
548	914
548	982
548	999
549	594
549	617
549	734
549	824
549	944
550	924
551	595
551	609
551	667
551	718
551	787
552	628
552	817
553	559
553	568
553	590
553	750
553	752
553	820
553	943
554	581
554	728
555	608
555	701
555	838
555	859
555	967
556	618
556	662
556	986
557	570
557	638
557	655
557	661
557	729
557	747
557	802
557	809
557	846
557	871
558	574
558	651
558	660
558	739
558	828
559	605
559	805
559	827
559	874
559	885
559	926
560	634
560	730
561	690
561	753
561	780
561	797
561	900
563	663
563	680
563	698
563	712
563	842
563	882
563	961
564	695
564	697
564	781
564	849
564	917
564	937
564	991
565	595
565	681
565	722
565	757
565	783
565	853
565	871
565	912
566	636
566	660
566	692
566	867
566	944
567	721
567	725
567	933
567	950
568	595
568	635
568	766
568	853
568	938
569	597
569	924
570	615
570	658
570	886
571	611
571	653
571	751
571	821
571	835
571	958
572	865
572	872
573	813
573	841
574	600
574	694
574	747
574	822
575	664
575	719
575	723
575	746
575	752
575	906
575	913
576	690
576	728
576	740
576	815
577	679
577	907
577	970
578	589
578	590
578	596
578	695
578	706
578	712
578	717
579	746
579	820
580	744
580	889
580	963
581	592
581	732
581	794
582	661
582	829
582	862
582	894
582	937
582	970
583	928
584	609
585	746
585	789
586	624
586	712
586	738
586	829
586	878
586	952
586	957
587	799
587	876
587	896
587	918
588	716
588	810
588	980
589	619
589	717
589	921
590	670
590	747
590	797
590	893
591	663
591	704
591	800
591	801
591	834
591	846
591	873
591	879
591	937
591	997
592	624
592	724
592	831
592	871
592	908
592	912
593	723
594	695
594	809
594	833
594	862
594	902
594	910
594	972
595	681
595	732
595	831
595	874
595	959
595	996
596	756
596	815
596	963
597	611
597	649
597	655
597	713
597	717
597	738
597	818
597	821
597	867
597	930
597	949
597	972
597	983
598	650
599	684
599	782
599	804
600	630
600	756
600	803
600	985
600	989
601	756
601	820
601	921
601	991
602	777
603	759
603	857
603	865
603	910
604	810
604	840
605	719
605	827
605	844
605	971
605	998
606	780
606	899
606	977
607	799
608	662
608	693
608	769
608	810
608	832
608	838
608	905
609	651
609	681
609	731
609	739
609	821
609	934
609	935
610	624
610	660
610	735
610	779
610	947
611	735
611	743
611	917
611	952
612	622
612	750
612	840
612	859
614	639
614	737
614	785
614	795
614	870
614	948
614	954
615	618
615	686
615	702
615	955
617	718
617	720
617	857
618	719
618	758
618	859
618	940
619	659
620	798
620	887
621	890
622	752
622	809
622	872
623	640
623	732
623	741
623	874
624	630
624	637
624	660
624	661
624	674
624	781
624	802
624	882
624	893
624	937
624	952
624	954
625	626
625	641
625	758
625	906
625	980
626	887
626	936
628	680
628	752
628	820
628	939
628	982
628	995
629	663
629	696
629	698
629	755
629	809
629	834
629	873
629	930
629	963
629	983
630	638
630	781
630	802
630	816
630	874
630	902
630	937
630	950
631	676
631	720
631	748
631	816
631	833
631	958
632	649
632	673
632	706
632	736
632	850
632	880
632	900
632	907
633	888
634	996
635	655
635	724
636	653
636	672
636	738
636	743
636	756
636	759
636	862
636	954
636	983
637	644
637	674
637	817
637	828
637	893
637	937
637	952
638	818
638	917
638	954
639	673
639	785
639	857
639	867
639	907
639	930
639	972
639	994
640	795
640	912
640	950
641	941
642	715
642	784
643	923
643	968
644	660
644	697
644	714
644	732
644	739
644	831
644	867
644	954
644	972
644	983
645	720
645	748
645	886
645	935
645	949
646	674
646	737
646	850
646	867
646	908
646	954
647	700
647	705
647	713
647	952
647	966
648	801
648	879
648	961
649	658
649	696
649	731
649	738
649	767
649	930
650	718
650	860
652	821
652	828
652	831
652	920
653	706
653	739
653	770
653	774
653	779
653	783
653	784
653	831
653	878
653	894
653	952
655	822
655	869
655	874
658	670
658	690
658	716
658	813
658	829
658	862
658	905
658	912
658	937
658	957
658	991
659	913
660	717
660	738
661	670
661	802
661	833
661	851
661	912
661	983
662	803
663	695
663	696
663	746
663	972
664	807
665	707
665	988
666	702
667	672
667	711
667	729
668	749
668	892
670	700
670	729
670	734
670	892
670	908
671	780
671	853
672	713
672	736
672	737
672	739
672	756
672	774
672	785
672	834
672	873
673	713
673	738
673	763
673	768
673	835
673	855
673	879
673	896
673	990
673	995
674	738
674	776
674	833
674	867
674	874
674	878
674	902
677	840
677	889
678	723
678	827
678	972
678	982
679	682
679	697
679	742
679	907
679	930
679	937
680	753
680	850
680	925
681	697
681	732
681	776
681	869
681	991
681	996
682	713
682	767
682	768
682	785
682	795
682	904
682	990
683	814
683	910
683	943
684	705
684	910
684	911
684	919
684	963
685	995
688	835
688	909
688	990
689	858
689	959
690	694
690	908
690	944
691	725
691	743
691	830
691	893
691	900
692	712
692	842
692	882
692	901
692	902
693	702
693	810
693	916
694	715
694	824
695	851
695	902
695	997
696	793
696	857
696	863
696	879
696	886
696	900
696	902
696	904
696	918
696	968
696	997
697	737
697	818
697	957
697	992
698	797
698	843
698	865
698	897
698	905
698	925
698	962
698	998
699	750
699	955
699	969
700	911
701	844
701	895
701	941
702	842
702	885
702	940
702	961
703	866
703	974
705	789
705	864
705	919
705	946
706	735
706	738
706	748
706	751
706	836
706	862
706	892
706	934
708	908
709	860
710	796
710	848
710	869
710	926
710	933
711	763
711	833
711	909
712	802
713	736
713	742
713	767
713	829
713	846
713	851
713	855
713	900
713	904
713	907
713	917
713	930
713	972
714	841
714	902
714	905
714	943
714	998
715	724
715	731
715	732
715	996
716	796
716	959
716	985
716	986
717	741
717	850
717	902
717	903
717	943
718	748
718	835
719	832
719	859
719	913
719	943
720	729
720	739
720	756
721	860
722	745
722	783
722	871
723	805
724	871
725	828
725	903
725	917
725	935
725	958
725	992
727	750
727	774
727	805
727	806
727	809
727	813
727	829
727	886
729	738
729	741
729	779
729	802
729	818
729	862
729	873
729	874
729	900
729	908
729	970
730	888
731	822
731	912
731	992
732	871
733	746
733	846
733	889
733	979
734	802
735	770
735	779
735	831
735	935
736	785
736	797
736	841
736	907
737	748
737	833
737	984
738	901
738	970
739	912
739	934
739	949
740	822
740	859
740	895
740	912
740	917
741	776
741	842
741	903
741	970
742	785
742	873
742	997
743	748
743	779
744	763
744	777
744	919
744	990
744	997
745	781
746	793
746	814
746	897
746	946
746	999
747	821
747	941
747	983
748	830
748	909
748	934
749	958
749	996
750	753
750	885
750	971
751	894
751	994
752	827
752	943
752	961
752	982
753	768
753	772
753	785
753	809
753	873
753	914
753	930
753	971
753	983
755	778
755	813
755	834
755	840
755	867
755	944
756	882
756	905
757	784
757	852
758	838
759	840
759	914
759	999
761	769
761	783
761	798
761	826
761	832
761	849
762	774
762	973
763	889
763	907
763	910
763	932
764	951
766	868
766	882
767	785
767	795
767	802
767	990
767	997
768	833
768	990
769	941
769	985
770	901
770	908
770	953
771	864
772	778
772	841
772	897
772	939
774	836
774	853
776	829
776	868
776	874
776	894
777	948
778	805
778	905
778	998
780	824
781	950
782	880
782	909
782	979
783	821
783	867
783	950
784	815
784	839
784	935
785	850
785	851
785	904
785	944
786	803
788	892
789	995
790	840
791	813
791	886
791	910
791	932
792	973
793	863
793	946
793	990
793	999
794	880
794	976
795	879
795	907
795	910
795	944
795	970
796	940
797	821
797	917
797	937
797	954
797	958
797	983
798	856
798	887
798	938
799	898
800	817
800	851
800	907
801	889
801	919
801	932
801	990
802	829
802	934
802	952
802	954
802	957
806	971
807	820
807	845
807	941
809	878
809	905
809	923
810	868
810	928
810	959
811	848
811	959
811	985
813	840
813	907
813	963
814	827
814	859
814	939
815	952
816	871
816	917
816	952
817	948
818	937
818	952
818	970
820	844
820	847
820	859
820	961
821	950
821	983
822	908
822	988
823	951
824	826
824	867
824	899
825	830
825	866
827	838
827	897
828	958
829	867
829	991
830	953
831	996
832	838
833	935
833	949
834	846
834	873
834	926
834	961
834	970
835	876
835	952
838	906
840	872
840	998
841	886
841	946
841	968
841	998
842	865
842	874
842	926
843	921
844	859
844	933
846	934
847	859
847	906
849	959
851	903
852	947
853	894
855	946
855	981
855	984
857	907
857	926
858	933
859	879
859	923
862	944
862	957
863	904
863	997
864	873
864	979
865	971
866	924
867	917
867	983
868	907
870	919
870	963
871	996
872	895
872	923
873	904
873	907
873	962
873	963
873	972
873	997
874	908
874	952
878	950
879	889
879	901
879	919
879	932
882	895
885	991
886	926
889	981
889	994
890	965
891	945
893	917
893	983
893	996
895	928
895	933
895	941
896	981
899	977
900	907
900	930
900	984
901	954
901	957
901	994
901	999
903	954
905	950
905	961
907	908
907	972
908	970
908	983
909	984
911	963
912	937
916	959
921	983
923	961
924	976
925	943
926	944
928	945
928	980
928	985
930	949
930	983
930	997
933	943
933	991
934	958
936	988
937	957
938	980
939	961
939	969
940	989
941	959
943	963
943	969
945	951
946	972
949	950
950	983
952	970
952	992
953	960
958	992
961	962
972	994
979	984
985	989
