0	343
0	656
0	796
0	866
1	2
1	72
1	100
1	135
1	166
1	342
1	460
1	489
1	591
1	600
2	21
2	249
2	287
2	526
2	659
2	739
2	845
2	860
2	878
2	891
2	915
2	937
3	198
3	798
3	903
3	950
3	961
4	28
4	197
4	205
4	278
4	291
4	296
4	303
4	408
4	612
4	632
4	664
4	684
4	740
4	779
4	791
4	910
5	122
5	232
5	323
5	457
5	549
5	562
5	578
5	856
5	887
6	100
6	178
6	616
6	704
6	796
6	900
7	470
7	498
7	706
7	778
7	883
8	70
8	74
8	119
8	257
8	282
8	616
9	27
9	64
9	162
9	168
9	192
9	632
9	647
9	708
9	720
9	863
9	976
9	988
10	89
10	108
10	160
10	161
10	244
10	430
10	507
10	632
10	667
10	722
10	845
10	867
10	891
10	974
10	988
11	33
11	250
11	263
11	354
12	41
12	493
12	558
12	581
12	764
12	777
12	851
12	878
12	970
13	113
13	261
13	393
13	717
13	828
13	846
13	919
13	960
13	980
14	24
14	154
14	538
14	550
14	733
14	738
14	807
14	958
14	997
15	105
15	118
15	167
15	248
15	269
15	279
15	304
15	389
15	406
15	561
15	581
15	584
15	592
15	738
15	836
15	876
15	922
15	942
16	120
16	225
16	231
16	300
16	338
16	354
16	383
16	419
16	632
16	718
16	724
16	781
16	782
16	784
16	933
16	962
17	147
17	154
17	177
17	339
17	364
17	819
17	909
18	29
18	46
18	380
18	401
18	642
18	716
19	201
19	641
19	736
19	783
19	810
19	859
20	48
20	134
20	272
20	331
20	374
20	517
21	70
21	107
21	130
21	295
21	302
21	329
21	565
21	615
21	645
21	711
21	849
21	933
21	949
22	78
22	216
22	221
22	314
22	324
22	509
22	511
22	622
22	690
22	712
22	758
22	769
22	771
22	810
22	881
22	902
23	382
23	660
23	665
24	222
24	380
24	563
24	779
24	791
24	809
24	895
24	920
25	896
26	72
26	81
26	105
26	243
26	248
26	253
26	362
26	612
26	630
26	633
26	755
26	875
26	892
26	972
26	973
27	108
27	292
27	295
27	413
27	430
27	461
27	497
27	527
27	596
27	629
27	632
27	697
27	720
27	815
28	205
28	228
28	279
28	281
28	383
28	408
28	410
28	445
28	515
28	555
28	556
28	568
28	739
28	781
28	945
29	245
29	391
29	642
29	911
29	991
30	33
30	44
30	246
30	314
30	535
30	658
30	690
30	758
30	943
30	999
31	665
31	929
32	151
32	195
32	387
32	408
32	530
32	546
32	633
32	698
32	869
32	955
32	989
33	83
33	106
33	314
33	501
33	672
33	758
33	767
33	955
34	315
34	391
34	471
34	532
34	591
34	610
34	616
34	651
34	747
35	84
35	177
35	231
35	340
35	364
35	430
35	568
35	574
35	627
35	652
35	962
36	391
36	507
36	681
36	834
36	912
37	103
37	109
37	232
37	444
37	471
37	489
37	518
37	553
37	586
37	702
37	747
37	887
37	980
38	195
38	211
38	333
38	473
38	479
38	620
38	771
38	934
39	55
39	890
39	926
39	961
40	61
40	77
40	102
40	135
40	170
40	196
40	232
40	248
40	264
40	309
40	696
40	787
40	960
41	49
41	166
41	185
41	203
41	244
41	290
41	446
41	452
41	457
41	549
41	584
41	656
41	738
41	819
41	836
41	942
42	114
42	499
42	501
42	594
42	606
42	687
42	721
42	835
42	932
43	192
43	789
44	75
44	240
44	308
44	593
44	935
45	90
45	220
45	226
45	346
45	565
45	577
45	620
45	639
45	709
45	782
45	790
45	910
45	955
45	996
46	280
46	340
46	800
46	962
47	115
47	244
47	249
47	329
47	444
47	506
47	596
47	617
47	702
47	713
47	773
47	827
47	849
48	202
48	289
48	927
49	64
49	87
49	118
49	192
49	434
49	596
49	627
49	697
49	738
49	784
49	809
49	811
49	853
49	877
49	920
49	922
49	933
50	134
50	333
50	472
50	509
50	626
50	708
50	767
50	790
50	832
50	857
50	869
51	62
51	70
51	113
51	283
51	796
52	118
52	144
52	169
52	226
52	243
52	309
52	371
52	528
52	564
52	594
52	756
52	791
52	863
52	972
52	989
53	422
53	465
53	722
54	220
54	331
54	418
54	479
54	670
54	746
54	768
54	770
54	842
54	955
55	62
55	103
55	113
55	142
55	422
55	562
55	578
55	704
55	930
55	981
56	126
56	411
56	478
56	496
56	532
56	621
56	653
56	688
56	713
56	834
56	845
56	928
57	66
57	87
57	125
57	214
57	242
57	452
57	673
57	913
58	421
58	467
58	668
59	101
59	108
59	120
59	155
59	168
59	277
59	292
59	329
59	390
59	497
59	527
59	585
59	596
59	731
59	845
59	863
59	891
60	71
60	109
60	149
60	166
60	309
60	359
60	392
60	714
60	740
60	748
60	809
60	856
60	984
61	249
61	302
61	390
61	413
61	443
61	445
61	494
61	527
61	834
61	867
61	891
61	908
61	945
61	995
62	261
62	267
62	525
62	701
62	873
62	890
62	919
63	107
63	108
63	206
63	340
63	360
63	380
63	549
63	572
63	617
63	627
63	823
64	100
64	156
64	159
64	162
64	250
64	552
64	571
64	667
64	682
64	711
64	783
64	854
64	867
64	878
64	884
64	887
64	980
65	149
65	190
65	194
65	279
65	462
65	477
65	485
65	495
65	519
65	552
65	592
65	612
65	661
65	682
65	726
65	792
65	798
65	832
65	853
65	989
66	87
66	141
66	217
66	330
66	800
66	977
67	82
67	99
67	352
67	529
67	538
67	786
67	882
68	116
68	144
68	248
68	279
68	318
68	541
68	758
68	855
68	881
68	939
69	574
69	576
69	655
69	673
69	700
69	718
69	730
70	131
70	166
70	222
70	484
70	525
70	669
70	702
70	854
70	887
71	171
71	279
71	312
71	347
71	359
71	595
71	693
71	832
72	74
72	94
72	113
72	117
72	196
72	307
72	537
72	704
72	748
72	829
72	922
73	117
73	208
73	209
73	440
73	668
73	749
73	804
73	866
73	968
74	135
74	267
74	361
74	496
74	553
74	693
74	813
75	78
75	114
75	167
75	349
75	535
75	593
75	788
75	799
76	140
76	254
76	344
76	386
76	422
76	525
76	562
76	830
76	854
76	876
76	897
76	903
76	936
77	149
77	237
77	254
77	309
77	638
77	649
77	657
77	895
77	930
78	106
78	144
78	204
78	221
78	246
78	344
78	473
78	501
78	520
78	541
78	641
78	816
78	916
78	999
79	105
79	159
79	185
79	191
79	335
79	461
79	485
79	497
79	519
79	526
79	635
79	792
79	979
80	218
80	273
80	320
81	112
81	118
81	167
81	404
81	448
81	537
81	546
81	571
81	811
81	922
81	979
82	179
82	802
82	982
83	118
83	213
83	309
83	555
83	583
83	612
83	626
83	684
83	767
84	206
84	214
84	251
84	262
84	368
84	374
84	376
84	377
84	473
84	572
84	723
84	868
85	154
85	272
85	339
85	374
85	492
85	718
86	491
86	569
86	770
86	944
87	136
87	339
87	452
87	642
87	761
87	780
87	807
88	114
88	320
89	156
89	162
89	325
89	381
89	478
89	516
89	617
89	652
89	688
89	884
90	118
90	563
90	597
90	612
90	663
90	684
90	697
90	698
90	737
90	756
90	922
90	945
90	954
91	517
91	574
91	580
92	246
92	279
92	290
92	328
92	333
92	355
92	457
92	485
92	537
92	542
92	581
92	749
92	811
92	989
93	321
93	392
93	966
93	974
94	279
94	295
94	393
94	549
94	843
94	873
95	108
95	123
95	345
95	410
95	571
95	682
95	837
95	842
95	854
95	862
95	887
96	492
96	733
96	827
96	852
97	271
97	432
97	442
97	710
98	906
99	689
99	802
99	944
100	460
100	573
100	669
100	915
101	220
101	222
101	263
101	295
101	521
101	540
101	552
101	711
101	819
101	823
101	970
102	283
102	307
102	549
102	589
102	696
102	702
102	764
102	776
102	777
102	980
103	196
103	432
103	704
103	717
103	757
103	930
104	299
104	336
104	402
104	835
104	989
105	187
105	190
105	326
105	335
105	416
105	549
105	661
105	740
105	784
105	945
105	979
106	243
106	259
106	405
106	690
106	783
106	798
106	855
107	302
107	413
107	494
107	596
107	652
107	722
107	738
107	867
107	963
108	168
108	192
108	244
108	419
108	469
108	561
108	571
108	621
108	667
108	814
108	819
108	823
108	862
108	969
109	168
109	322
109	444
109	587
109	651
109	653
109	789
109	824
109	876
109	993
110	456
110	645
110	754
110	850
110	864
111	385
112	194
112	434
112	477
112	536
112	540
112	552
112	578
112	621
112	836
112	853
112	970
113	162
113	185
113	212
113	283
113	422
113	588
113	604
113	741
113	745
113	825
113	831
113	851
113	853
113	854
114	150
114	313
114	327
114	349
114	454
114	479
114	499
114	593
114	602
114	606
114	641
115	127
115	360
115	391
115	411
115	496
115	516
115	645
115	651
115	653
115	738
115	974
116	243
116	383
116	426
116	724
116	868
117	152
117	182
117	210
117	253
117	279
117	354
117	477
117	483
117	485
117	542
117	546
117	630
117	764
117	798
117	832
117	851
117	951
118	153
118	203
118	387
118	520
118	521
118	544
118	577
118	579
118	594
118	612
118	621
118	633
118	663
118	756
118	861
119	127
119	341
119	390
119	840
119	876
120	177
120	199
120	288
120	292
120	459
120	490
120	696
120	755
120	786
121	226
121	292
121	332
121	333
121	376
121	377
121	394
121	509
121	579
121	698
121	770
121	802
121	821
121	907
121	931
121	934
122	160
122	342
122	361
122	603
122	896
122	925
123	351
123	388
123	512
123	560
123	683
123	717
123	815
124	198
124	210
124	604
124	633
124	672
124	737
124	741
124	829
124	831
124	904
125	154
125	199
125	227
125	461
125	492
125	618
126	367
126	438
126	600
126	723
126	738
127	257
127	619
127	713
127	853
128	164
128	191
128	361
128	812
128	985
129	772
130	134
130	201
130	291
130	333
130	396
130	408
130	427
130	511
130	592
130	620
130	666
130	708
130	770
131	226
131	243
131	328
131	359
131	371
131	526
131	676
131	764
131	857
132	141
132	173
132	290
132	353
132	423
132	450
132	797
133	143
133	237
133	279
133	347
133	546
133	623
133	687
133	721
133	776
133	799
134	174
134	202
134	281
134	354
134	376
134	447
134	479
134	664
134	910
134	955
135	382
135	388
135	460
135	522
135	649
135	777
136	478
136	642
136	719
136	778
136	964
137	717
138	804
138	892
138	956
139	438
139	456
139	505
139	510
139	563
139	600
139	716
139	864
140	301
140	841
141	217
141	364
142	372
142	386
142	536
142	604
142	777
142	831
142	919
142	970
143	209
143	396
143	630
143	788
143	848
143	941
144	153
144	396
144	483
144	526
144	535
144	623
144	758
144	787
145	207
145	358
145	858
146	219
146	401
146	574
146	780
147	192
147	340
147	401
147	761
147	768
147	819
147	912
147	933
148	405
148	753
148	851
148	935
149	159
149	432
149	525
149	558
149	656
149	659
149	738
149	739
149	887
149	980
149	984
150	209
150	336
150	369
150	414
150	630
150	749
150	917
151	155
151	199
151	303
151	414
151	520
151	555
151	612
151	622
151	663
151	700
151	767
151	874
151	889
151	898
151	972
152	210
152	752
152	764
152	777
152	853
152	895
153	226
153	263
153	283
153	365
153	555
153	563
153	615
153	634
153	667
153	698
153	739
153	842
153	937
154	258
154	272
154	289
154	340
154	494
154	673
154	718
154	729
154	786
154	833
154	924
155	214
155	225
155	256
155	303
155	915
155	976
156	184
156	205
156	287
156	290
156	302
156	329
156	424
156	430
156	466
156	505
156	652
156	722
156	864
156	928
156	974
157	166
157	194
157	395
157	572
157	675
157	740
157	849
157	850
157	969
157	989
157	991
158	607
159	317
159	359
159	386
159	410
159	493
159	696
159	764
159	837
159	860
159	876
160	283
160	323
160	527
160	775
160	885
161	411
161	458
161	928
162	172
162	180
162	283
162	348
162	485
162	541
162	684
162	722
162	815
162	856
162	862
162	863
162	908
163	514
163	914
163	983
164	172
164	178
164	191
164	512
164	812
164	905
164	980
165	206
165	338
165	401
165	430
165	494
165	731
165	921
166	185
166	215
166	323
166	329
166	342
166	493
166	578
166	644
166	645
166	713
166	722
166	795
166	828
166	989
166	995
167	335
167	387
167	434
167	497
167	568
167	640
167	654
167	779
167	897
167	943
167	989
168	192
168	291
168	302
168	345
168	383
168	427
168	561
168	615
168	677
168	697
168	764
168	995
169	235
169	269
169	354
169	443
169	485
169	502
169	516
169	556
169	652
169	698
169	779
169	784
169	791
169	809
169	891
169	933
169	955
170	194
170	604
170	649
170	717
170	837
171	193
171	250
171	306
171	336
171	343
171	397
171	402
171	449
171	751
171	803
171	888
172	191
172	388
172	435
172	644
172	649
172	660
172	686
172	918
172	936
173	438
173	484
173	507
173	548
174	228
174	288
174	300
174	368
174	596
174	634
174	718
174	723
174	819
174	869
174	968
175	690
175	804
176	211
176	265
176	674
176	817
176	872
176	923
177	231
177	289
177	333
177	346
177	490
177	577
177	718
177	958
178	232
178	283
178	409
178	496
178	518
178	603
178	688
178	843
178	864
178	887
178	901
178	908
179	204
179	426
179	506
179	786
180	274
180	285
180	315
180	900
181	211
181	685
182	189
182	200
182	307
182	309
182	324
182	326
182	344
182	359
182	477
182	612
182	831
182	832
183	518
183	532
183	611
184	215
184	287
184	516
184	688
184	864
185	190
185	329
185	335
185	359
185	443
185	461
185	499
185	544
185	546
185	624
185	643
185	644
185	723
185	837
185	853
185	876
185	878
185	880
185	988
185	989
186	464
187	190
187	205
187	235
187	448
187	527
187	561
187	564
187	602
187	676
187	718
187	756
187	779
187	851
187	916
187	922
187	970
188	859
189	307
189	542
189	623
189	654
189	745
189	760
189	775
189	903
190	194
190	457
190	495
190	519
190	520
190	527
190	552
190	644
190	738
191	460
191	484
191	669
191	813
191	884
192	302
192	351
192	365
192	384
192	387
192	427
192	494
192	516
192	867
192	920
192	933
192	995
193	524
193	773
194	290
194	335
194	387
194	389
194	578
194	591
194	635
194	654
194	815
194	880
194	945
194	967
195	221
195	250
195	509
195	528
195	567
195	585
195	590
195	620
195	622
195	758
195	771
195	783
195	810
195	935
196	253
196	372
196	766
196	787
196	829
196	843
196	878
196	936
196	945
197	291
197	332
197	367
197	377
197	478
197	596
197	779
197	845
197	868
197	910
197	920
198	317
198	396
198	449
198	961
199	292
199	459
199	670
199	700
199	720
199	809
199	889
199	939
200	243
200	362
200	399
200	416
200	493
200	508
200	526
200	584
200	627
200	726
200	745
200	861
200	895
201	216
201	633
201	666
201	670
201	674
201	783
201	810
201	811
201	818
202	228
202	389
202	418
202	594
202	601
202	612
202	633
202	708
202	739
202	746
202	805
203	248
203	416
203	489
203	635
203	830
203	837
203	856
203	857
203	930
204	216
204	319
204	400
204	590
204	872
205	228
205	494
205	568
205	577
205	579
205	612
205	709
205	735
205	740
205	889
205	921
206	219
206	292
206	302
206	339
206	459
206	494
206	596
206	778
206	833
206	844
207	451
207	516
207	566
207	636
207	789
208	317
208	343
208	787
208	917
208	956
208	961
209	268
209	301
209	336
209	343
209	344
209	537
209	570
209	751
209	760
209	804
209	919
209	961
210	301
210	369
210	672
210	726
210	796
210	835
210	860
211	221
211	259
211	479
212	249
212	302
212	335
212	544
212	571
212	597
212	775
212	856
212	862
212	867
212	884
212	922
213	243
213	314
213	362
213	476
213	537
213	594
213	626
213	640
213	839
213	922
214	518
214	807
215	263
215	281
215	290
215	295
215	391
215	443
215	466
215	557
215	617
215	644
215	738
215	814
215	832
215	891
215	899
215	967
215	995
216	243
216	408
216	622
216	726
216	999
217	353
217	498
217	533
217	582
217	647
217	731
217	958
217	991
218	524
218	638
218	776
219	340
219	368
219	430
219	547
219	575
219	596
219	639
219	670
219	723
220	291
220	333
220	473
220	594
220	601
221	567
221	685
221	690
221	696
221	943
222	235
222	263
222	335
222	502
222	581
222	624
222	669
222	711
222	773
222	814
222	867
222	976
223	336
223	363
223	613
225	231
225	414
225	724
225	739
225	819
225	844
225	998
226	412
226	515
226	579
226	585
226	639
226	671
226	723
226	889
227	425
227	647
227	782
227	809
228	340
228	365
228	583
228	585
228	724
228	735
228	933
228	949
228	972
229	238
229	263
229	365
229	478
229	617
229	675
229	731
229	964
230	366
231	316
231	368
231	797
231	868
232	257
232	553
232	656
232	813
232	905
233	347
233	917
233	956
234	271
234	361
234	382
235	281
235	414
235	450
235	461
235	485
235	530
235	592
235	615
235	640
235	739
235	784
235	976
235	995
236	707
237	275
237	397
237	406
237	540
237	656
237	863
237	937
237	979
238	290
238	401
240	378
240	685
240	721
241	403
241	436
241	733
241	821
241	833
241	889
241	921
242	364
242	574
242	655
242	728
242	761
243	441
243	602
243	698
243	831
243	839
243	937
243	972
244	290
244	351
244	490
244	502
244	682
244	713
244	862
244	880
244	945
244	978
245	367
245	444
245	471
245	505
245	964
245	991
246	328
246	344
246	453
246	493
246	499
246	604
246	657
246	672
246	678
246	693
246	741
246	777
246	792
246	798
246	855
246	903
248	335
248	362
248	372
248	410
248	565
248	726
248	884
248	973
249	274
249	295
249	380
249	617
249	627
249	740
249	761
249	809
249	880
249	884
249	988
250	347
250	499
250	524
250	531
250	536
250	658
250	831
250	903
251	332
251	482
251	729
251	735
251	844
251	907
251	921
252	940
253	416
253	508
253	558
253	559
253	581
253	623
253	811
253	848
253	856
253	861
254	317
254	335
254	413
254	504
254	578
254	704
254	867
254	925
254	980
255	291
255	362
255	445
255	477
255	584
255	684
255	741
255	751
255	755
255	839
255	851
255	856
255	857
255	866
255	884
255	975
256	280
256	430
256	461
256	682
256	814
256	991
257	285
257	350
257	840
257	905
258	452
258	700
258	718
258	733
258	869
258	931
259	305
259	346
259	601
259	736
260	262
260	380
260	385
260	430
260	498
260	572
260	814
260	998
261	717
261	741
261	890
261	957
262	303
262	427
262	461
262	565
262	640
262	797
262	920
263	270
263	287
263	302
263	430
263	443
263	507
263	546
263	552
263	566
263	625
263	650
263	809
263	863
263	867
263	967
264	678
264	748
264	757
264	798
265	319
265	689
265	712
266	363
267	341
267	432
267	489
267	578
267	773
267	926
267	960
268	311
268	917
269	328
269	399
269	536
269	602
269	726
269	737
269	792
270	354
270	436
270	585
270	590
270	625
270	805
270	859
270	941
270	955
270	996
271	896
272	288
272	294
272	331
272	655
273	286
273	357
273	417
274	329
274	424
274	497
274	561
274	635
274	711
274	738
274	809
274	815
274	884
275	399
275	604
275	832
277	295
277	410
277	424
277	434
277	457
277	561
277	756
277	791
277	845
277	891
277	920
277	949
277	967
278	409
278	505
278	557
278	591
278	745
278	747
278	814
278	845
278	860
278	862
279	362
279	386
279	449
279	508
279	512
279	604
279	638
279	644
279	677
279	737
279	936
280	424
280	498
280	572
280	963
280	964
281	365
281	368
281	416
281	556
281	585
281	625
281	629
281	650
281	684
281	723
281	743
281	782
281	962
281	992
281	998
282	502
282	557
282	688
282	747
282	864
282	899
282	928
283	424
283	434
283	441
283	525
283	584
283	629
283	635
283	659
283	682
283	684
283	740
283	745
283	777
283	856
283	878
284	366
284	435
284	710
284	957
285	460
285	591
285	597
285	603
285	610
285	683
285	695
286	308
286	357
286	369
286	429
286	606
287	355
287	384
287	424
287	456
287	534
287	617
287	853
287	884
287	899
288	515
288	640
288	708
288	731
288	868
288	874
288	910
288	996
289	450
289	459
289	731
289	962
289	999
290	295
290	393
290	471
290	497
290	560
290	563
290	638
290	644
290	697
290	737
290	738
290	777
290	815
291	365
291	485
291	577
291	621
291	670
291	708
291	855
291	861
292	295
292	323
292	515
292	650
292	708
292	779
292	809
292	907
292	921
293	385
294	340
294	368
294	433
294	482
294	509
294	521
294	833
294	924
295	302
295	381
295	413
295	730
296	333
296	383
296	434
296	556
296	563
296	624
296	730
296	735
296	791
297	614
298	665
299	393
299	420
299	714
299	741
299	751
300	423
300	482
300	574
300	580
300	673
300	807
300	852
301	317
301	369
301	687
301	787
301	841
301	917
302	381
302	617
302	682
302	745
302	884
302	945
302	988
303	401
303	412
303	433
303	511
303	735
303	770
303	811
303	861
303	868
303	932
303	937
304	577
304	585
304	718
304	811
304	861
304	874
304	889
304	921
305	313
305	606
305	742
305	801
306	440
306	589
306	593
306	690
306	892
306	906
307	328
307	343
307	359
307	372
307	393
307	427
307	446
307	448
307	589
307	749
307	792
307	796
307	830
307	917
307	956
307	979
309	328
309	359
309	369
309	402
309	604
309	697
309	755
309	831
309	835
309	866
310	460
310	553
310	603
310	686
310	847
310	873
311	336
311	951
312	355
312	530
312	537
312	555
312	602
312	633
312	654
312	687
312	727
312	954
312	976
313	398
313	400
313	417
314	354
314	359
314	362
314	408
314	541
314	583
314	690
314	756
314	855
314	879
314	916
314	943
314	996
314	999
315	325
315	360
315	504
315	603
315	722
315	732
315	901
316	401
316	609
317	344
317	402
317	420
317	483
317	501
317	508
317	531
317	604
317	641
317	672
317	831
317	866
317	888
318	326
318	528
318	536
318	561
318	583
318	592
318	604
318	612
318	727
318	937
318	941
318	999
319	354
319	511
319	593
319	769
319	817
320	658
321	395
321	636
321	648
321	912
322	345
322	466
322	512
322	532
322	610
322	616
322	683
322	795
322	814
322	884
322	908
322	969
323	505
323	512
323	549
323	836
323	993
324	477
324	520
324	602
324	623
324	641
324	771
324	835
324	975
325	487
325	510
325	715
326	410
326	416
326	549
326	624
326	672
326	698
326	773
326	784
326	836
326	920
326	988
327	491
327	569
327	620
327	674
327	753
327	821
328	399
328	446
328	536
328	542
328	558
328	646
328	748
328	752
328	760
328	771
328	835
328	972
329	404
329	424
329	740
329	815
329	845
329	867
329	945
329	989
330	459
330	469
330	800
331	771
331	805
331	874
332	370
332	447
332	494
332	511
332	724
332	779
332	786
332	827
332	844
332	910
333	447
333	542
333	708
333	735
333	770
333	819
333	844
333	907
333	939
333	955
334	952
335	493
335	545
335	581
335	717
335	745
335	751
335	853
335	863
335	880
335	895
335	915
335	949
335	980
335	988
336	420
336	749
336	950
336	951
337	573
337	813
337	846
338	360
338	424
338	456
338	466
338	475
338	560
338	728
338	988
339	367
339	478
339	642
339	716
339	763
339	977
340	506
340	580
340	716
340	819
340	931
341	683
341	985
342	406
342	512
342	875
342	908
342	967
343	369
343	372
343	406
343	420
343	676
343	775
343	917
343	979
344	362
344	714
345	747
345	815
345	836
345	850
345	974
346	447
346	671
346	675
346	718
346	781
346	801
346	921
347	606
347	727
347	766
347	804
348	507
348	532
348	548
348	566
348	702
348	864
349	593
349	595
349	693
349	803
349	975
350	611
350	896
351	367
351	390
351	427
351	557
351	615
351	635
351	688
351	815
351	856
351	899
351	962
352	705
352	874
353	380
353	424
353	761
353	849
353	962
354	690
354	931
354	979
354	989
354	992
355	493
355	526
355	552
355	629
355	697
355	727
355	830
355	961
356	673
356	745
356	759
359	388
359	508
359	545
359	595
359	664
359	698
359	755
359	954
360	391
360	496
360	510
360	928
361	409
361	432
361	785
361	896
361	900
362	457
362	462
362	480
362	508
362	661
362	693
362	726
362	755
362	792
364	572
365	380
365	515
365	708
365	768
365	855
365	891
366	382
366	611
366	843
367	415
367	456
367	460
367	652
367	713
367	899
368	401
368	664
368	723
368	771
368	933
368	992
369	519
369	630
370	492
370	844
370	913
371	399
371	405
371	501
371	520
371	584
371	623
371	633
371	641
371	855
371	954
372	386
372	422
372	832
372	843
372	887
373	439
374	433
374	550
375	420
375	888
376	394
376	441
376	479
376	544
376	746
376	768
377	447
377	632
377	718
377	723
377	724
377	889
377	954
378	539
379	406
379	441
379	485
379	497
379	519
379	526
379	527
379	602
379	612
379	640
379	672
379	698
379	726
379	760
379	867
379	875
379	978
380	443
380	582
380	652
380	708
380	823
381	459
381	682
381	738
381	773
381	823
381	862
381	978
381	988
382	458
382	460
382	875
382	980
383	650
384	404
384	444
384	459
384	556
384	578
384	597
384	738
384	747
384	876
384	891
384	969
385	514
385	987
386	388
386	570
386	589
386	604
386	752
386	843
386	870
386	897
386	917
386	919
387	544
387	612
387	839
387	853
387	891
388	409
388	462
388	497
388	507
388	578
388	831
388	984
389	413
389	506
389	509
389	568
389	592
389	594
389	708
389	739
389	791
389	976
389	979
390	527
390	560
390	571
390	664
390	708
390	747
390	880
390	887
390	908
391	578
391	600
391	763
391	864
392	512
392	560
392	651
392	814
392	908
392	974
393	434
393	787
393	796
393	942
394	418
394	501
394	521
394	805
394	948
395	754
396	485
396	528
396	537
396	721
396	879
397	476
397	489
397	545
397	581
397	587
397	635
397	829
397	830
397	837
397	870
397	875
397	891
397	916
397	956
397	984
398	641
398	935
399	634
399	672
399	751
399	756
399	972
401	572
401	720
401	723
401	819
401	907
402	607
402	734
402	787
402	848
403	629
403	664
403	700
403	805
404	560
404	653
404	711
404	880
404	969
404	980
404	988
405	567
405	690
405	851
405	910
406	434
406	526
406	552
406	581
406	661
406	749
406	775
406	829
406	830
406	851
406	866
406	878
406	917
408	490
408	511
408	530
408	640
408	756
408	802
408	868
408	879
408	973
409	416
409	651
409	773
409	984
410	475
410	477
410	520
410	571
410	738
410	745
410	863
410	916
411	444
411	505
411	974
412	426
412	479
412	608
412	758
412	771
412	898
412	948
413	434
413	507
413	629
413	653
413	784
413	867
413	969
414	418
414	426
414	585
414	720
414	801
414	996
415	456
415	572
415	834
415	964
416	486
416	584
416	643
416	837
416	854
416	878
416	984
417	658
417	816
418	426
418	579
418	735
418	779
418	790
418	844
418	976
419	527
419	577
419	596
419	644
419	962
420	624
420	646
420	734
420	838
421	435
422	435
422	573
422	604
423	469
423	580
423	652
424	486
424	597
424	713
424	814
424	836
424	854
424	887
424	989
425	509
425	538
425	575
425	705
425	733
425	927
426	509
426	515
426	579
426	671
426	707
426	746
426	756
426	782
426	889
426	970
426	996
427	447
427	621
427	629
427	633
427	697
427	735
427	933
430	461
430	579
430	652
430	688
430	723
430	773
430	797
430	823
430	949
430	964
431	892
431	904
431	957
432	553
432	562
432	885
432	901
432	925
432	930
432	981
433	482
433	494
433	529
433	718
433	786
433	790
433	920
433	933
434	448
434	494
434	519
434	540
434	635
434	676
434	702
434	740
434	861
434	945
434	989
435	710
435	785
436	538
436	575
436	694
436	872
436	934
437	451
438	466
438	513
438	600
438	645
438	713
440	465
440	493
440	497
440	501
440	528
440	531
440	848
440	951
440	986
441	536
441	540
441	588
441	737
441	920
441	968
441	972
441	976
441	989
442	846
443	448
443	738
443	745
443	891
443	941
443	945
443	951
443	967
444	478
444	532
444	549
444	713
444	763
444	993
445	448
445	485
445	516
445	545
445	552
445	556
445	594
445	603
445	621
445	638
445	663
445	698
445	739
445	884
445	939
445	976
446	457
446	589
446	766
446	831
447	601
447	889
448	485
448	495
448	561
448	584
448	594
448	727
448	895
448	939
448	945
449	721
449	749
449	832
450	625
450	647
450	718
450	730
450	823
450	921
450	933
450	997
451	600
451	795
451	966
452	494
452	574
452	921
454	490
454	585
454	906
455	523
455	648
456	547
456	713
456	764
456	908
457	485
457	726
457	842
457	843
457	857
457	919
458	507
458	616
458	619
458	651
458	763
458	893
458	901
459	514
459	547
459	597
459	652
459	723
459	899
459	949
459	962
460	669
460	812
460	905
460	928
461	526
461	563
461	684
461	718
461	731
462	475
462	552
462	694
462	777
462	835
463	753
463	783
463	799
463	810
463	859
463	935
465	522
465	539
465	804
466	645
466	695
466	814
466	880
466	899
467	668
467	748
468	879
470	547
470	617
470	713
471	597
471	697
471	754
471	880
471	928
471	952
471	963
472	537
472	674
472	712
472	801
472	817
472	881
472	898
472	970
473	666
473	982
475	507
475	560
475	722
475	764
475	789
475	877
475	988
476	561
476	583
476	592
476	654
476	739
476	842
476	879
476	979
477	519
477	544
477	602
477	726
477	740
477	792
477	811
477	842
477	910
477	989
478	503
478	572
478	597
478	600
478	610
478	617
478	624
478	864
478	928
478	952
478	969
479	509
479	709
479	746
479	955
480	570
482	550
482	781
483	519
483	737
483	749
483	755
483	775
483	787
483	831
483	956
484	516
484	600
484	711
484	850
484	969
485	495
485	544
485	546
485	604
485	634
485	638
485	672
485	743
485	764
485	792
485	825
485	851
485	861
485	937
486	502
486	546
486	571
486	581
486	682
486	684
486	812
486	850
486	873
486	995
487	754
487	987
488	525
488	678
488	813
488	957
489	525
489	659
489	668
489	752
489	830
489	847
489	870
490	511
490	634
490	809
490	889
490	970
491	601
491	982
492	550
493	508
493	519
493	541
493	581
493	602
493	624
493	672
493	676
493	842
494	516
494	779
494	823
494	899
494	949
495	536
495	640
495	682
495	755
495	809
495	832
495	972
496	591
496	645
496	745
496	974
496	993
497	519
497	584
497	612
497	615
497	684
497	877
497	895
499	567
499	657
499	721
499	925
499	937
500	706
500	983
501	508
501	537
501	556
501	583
501	592
501	741
501	962
502	527
502	560
502	578
502	612
502	617
502	624
502	643
502	667
502	682
502	745
502	784
502	863
502	867
502	876
502	967
503	591
503	809
503	840
503	901
503	912
504	534
505	518
505	638
505	677
505	781
505	815
505	901
505	978
506	583
506	625
506	626
506	632
506	791
506	839
506	910
506	954
507	534
507	549
507	653
507	763
507	791
507	854
507	974
508	621
508	672
508	756
508	764
508	842
508	915
509	805
509	869
511	515
511	527
511	622
511	735
511	821
512	556
512	587
512	616
512	867
512	884
513	534
515	563
515	779
515	861
515	916
515	922
516	738
516	834
518	669
518	683
518	695
518	952
519	634
519	638
519	650
519	672
519	740
519	853
519	863
519	867
519	875
519	897
520	602
520	654
520	694
520	698
520	709
520	726
520	954
520	999
521	549
521	632
521	767
521	869
521	962
522	553
522	957
524	714
524	776
524	820
524	940
524	975
525	581
525	717
525	796
525	837
525	847
525	919
525	925
525	984
526	545
526	552
526	581
526	629
526	836
526	945
526	972
526	979
527	563
527	629
527	711
527	720
527	740
527	764
527	791
527	845
527	949
527	988
528	630
528	714
528	756
528	863
529	869
529	924
530	585
530	595
530	606
530	624
530	758
530	768
531	638
531	803
531	816
532	553
532	557
532	591
532	625
532	686
534	683
534	952
535	541
535	670
536	602
536	604
536	623
536	676
536	875
536	972
537	654
537	740
537	753
538	992
539	670
539	753
539	783
539	879
539	903
540	552
540	584
540	602
540	634
540	641
540	697
540	718
540	737
540	839
540	920
540	972
541	641
541	690
541	758
542	604
542	640
542	701
542	839
542	861
543	905
544	654
544	755
544	842
544	854
544	861
544	922
544	939
545	546
545	552
545	594
545	602
545	644
545	672
545	740
545	792
545	851
545	863
545	884
546	561
546	568
546	612
546	624
546	634
546	676
546	749
546	791
546	792
546	851
546	878
546	919
546	973
547	652
547	827
547	834
548	789
549	561
549	578
549	738
549	861
549	862
549	876
549	969
549	984
550	625
552	564
552	579
552	581
552	596
552	672
552	740
552	845
552	955
552	970
552	978
553	824
553	930
555	577
555	654
555	811
555	835
555	857
555	970
556	563
556	634
556	724
556	784
556	915
556	939
556	979
557	600
557	797
557	862
557	864
557	877
557	891
557	989
558	682
558	777
558	820
558	961
559	783
560	571
560	616
560	640
560	682
560	723
560	740
560	856
560	876
560	884
561	583
561	612
561	720
561	756
561	764
561	784
561	791
561	891
561	989
562	586
562	717
563	596
563	739
563	968
564	639
564	739
564	773
564	998
565	571
565	584
565	626
565	720
565	832
565	868
565	916
565	972
565	999
566	795
566	850
566	901
567	622
567	753
567	758
567	771
568	596
568	612
568	767
568	868
568	920
568	954
569	882
569	944
570	734
570	803
570	804
571	581
571	644
571	928
571	967
571	995
572	615
572	723
573	813
574	642
574	647
574	718
575	730
575	735
576	852
576	913
577	625
577	633
577	670
577	676
577	708
577	756
577	786
577	920
577	954
577	979
578	587
578	635
578	643
578	688
578	860
579	746
579	765
579	891
579	978
580	655
580	673
580	759
580	913
581	672
581	713
581	798
581	980
582	780
582	794
582	977
583	621
583	756
583	954
584	624
584	632
584	791
584	835
584	853
584	979
585	650
585	671
585	746
585	839
585	869
585	910
586	732
586	822
586	925
586	952
586	980
587	745
587	815
587	847
587	952
588	635
588	644
588	676
588	687
588	857
588	866
588	878
588	945
588	950
588	954
588	984
589	766
589	828
589	973
590	771
590	879
590	907
591	632
591	644
591	695
591	744
591	834
591	908
591	969
592	625
592	677
592	684
592	720
592	756
592	976
592	989
592	999
594	661
594	727
594	739
594	756
594	839
594	954
595	606
595	788
596	664
596	675
596	677
596	682
596	853
596	869
597	738
597	773
597	876
597	967
597	979
597	988
599	614
599	632
599	882
600	610
601	821
602	626
602	663
602	698
602	726
602	839
602	943
602	970
602	972
603	611
603	669
603	744
603	812
603	824
603	905
603	952
604	646
604	693
604	749
604	831
604	922
606	641
606	753
606	835
607	917
607	937
608	671
608	718
608	805
609	719
609	965
610	636
610	653
611	732
611	744
611	893
611	894
612	626
612	684
612	726
612	731
612	737
612	739
612	740
612	856
612	976
613	950
615	624
615	664
615	677
615	708
615	916
615	967
615	987
616	918
616	988
618	647
618	729
619	893
620	700
620	707
620	709
620	735
620	739
620	790
620	916
621	624
621	634
621	714
621	726
621	731
621	791
621	922
621	954
621	989
622	670
622	671
622	769
622	783
622	992
623	951
624	667
624	684
624	726
624	727
624	809
624	853
624	979
625	677
625	708
625	962
626	629
626	640
626	783
626	916
626	943
627	652
627	781
627	978
629	635
629	773
629	891
630	888
631	705
632	743
632	781
632	782
632	809
633	989
634	903
634	910
634	968
634	979
635	672
635	745
635	915
635	926
635	945
636	914
638	698
638	755
638	787
638	851
638	854
638	922
638	973
639	664
639	768
639	773
639	779
639	786
639	790
639	833
639	910
640	698
640	708
640	758
640	811
640	920
640	955
640	976
641	658
641	694
642	823
642	963
642	977
643	737
643	741
643	744
643	796
644	862
644	895
644	922
644	989
645	745
645	850
646	714
646	796
647	664
647	688
647	730
647	833
647	962
649	684
649	717
649	847
649	897
650	819
650	855
650	962
651	659
651	702
651	845
651	880
652	743
652	978
653	815
653	850
653	905
653	966
654	753
654	999
655	673
656	701
656	960
657	848
658	672
658	820
658	835
658	970
659	711
659	722
659	747
659	815
659	873
659	875
659	887
660	678
661	672
661	745
661	766
661	830
661	851
661	857
661	973
663	935
663	939
663	972
664	709
664	770
664	827
666	674
666	992
667	738
667	834
667	853
667	862
667	867
667	876
667	880
667	884
667	926
667	993
669	825
669	918
670	784
670	916
670	935
671	811
671	898
671	955
672	837
672	857
672	901
672	937
672	976
673	807
674	685
675	731
676	851
676	853
676	878
677	697
677	845
677	915
677	967
678	904
678	980
680	801
680	802
680	810
680	923
680	934
680	992
681	723
681	864
681	965
681	987
682	698
682	738
682	740
682	846
683	732
683	744
683	893
684	801
684	867
684	936
686	710
686	981
686	985
687	698
688	722
688	814
688	862
688	908
689	707
689	882
690	758
690	811
690	879
691	816
692	967
693	696
693	798
693	825
693	828
693	873
694	861
694	916
694	954
694	968
695	732
695	774
695	893
695	952
696	777
696	878
696	904
697	698
697	716
697	877
697	988
698	875
698	915
698	922
698	939
698	972
698	973
698	976
700	782
700	907
700	924
700	931
701	757
701	787
701	919
702	710
702	969
703	806
704	710
706	754
707	801
708	758
708	767
708	801
708	836
708	933
708	955
708	998
709	874
709	916
709	955
711	764
711	854
711	895
714	803
715	850
716	911
717	980
718	833
720	819
720	837
720	933
720	962
721	749
721	903
721	935
722	747
722	945
723	740
723	921
724	852
724	891
726	832
726	930
726	973
726	976
727	739
727	916
727	945
727	970
727	972
729	733
729	988
730	924
732	908
733	844
733	874
733	907
734	772
734	841
735	770
735	868
736	783
737	827
737	855
737	863
737	972
738	862
738	867
738	880
738	899
739	839
739	861
739	863
739	895
739	937
740	915
740	945
740	954
740	988
741	766
741	830
741	845
741	875
741	919
743	839
743	967
745	831
745	856
745	887
745	915
746	770
746	968
747	763
747	773
747	815
747	854
747	864
747	880
747	908
748	751
748	757
748	838
748	950
749	755
749	950
749	957
751	829
751	961
752	766
752	829
752	860
752	919
755	820
755	832
755	851
755	904
755	973
756	895
757	975
758	855
758	943
759	807
760	804
760	835
760	906
761	977
763	815
763	864
763	905
764	766
764	884
764	908
764	984
765	844
765	910
766	828
766	851
766	857
766	906
766	950
766	956
766	973
767	769
767	791
767	799
767	842
767	996
768	889
768	934
770	802
770	874
771	910
773	797
773	837
773	978
775	798
775	804
775	956
775	961
777	787
777	860
777	878
777	936
777	976
779	791
779	861
779	998
780	852
780	958
781	782
781	869
781	968
782	872
783	916
784	867
784	978
784	995
785	813
785	890
786	833
786	844
788	799
788	859
789	928
789	987
790	874
791	857
791	945
792	812
792	832
792	851
792	870
792	973
794	807
795	864
795	914
796	798
796	829
796	919
796	942
796	950
797	852
797	949
797	963
797	983
798	860
798	956
800	965
800	977
801	816
801	821
801	992
802	934
809	845
809	967
809	978
809	979
809	988
811	839
811	842
811	954
812	981
813	960
814	836
814	875
814	899
814	976
814	989
815	827
817	923
817	944
819	868
819	921
819	931
819	962
820	835
821	934
821	948
822	824
823	827
823	880
823	933
824	885
825	890
825	960
826	888
827	849
827	924
827	949
828	841
828	904
829	831
831	842
831	950
831	973
833	921
833	958
834	963
835	951
836	863
836	899
836	978
836	995
837	854
837	860
837	926
837	936
839	861
839	976
842	845
842	915
842	941
843	960
844	882
845	867
845	891
847	918
850	862
850	993
851	950
852	997
853	863
853	867
854	880
854	920
855	932
855	999
856	876
856	920
857	951
857	970
859	935
860	961
861	910
861	954
861	968
861	976
862	877
862	933
862	969
862	995
863	967
864	966
864	967
866	976
867	876
867	880
867	995
868	869
870	888
870	897
870	960
875	895
875	908
875	967
877	880
877	887
877	945
877	989
877	998
878	972
878	978
879	935
880	979
884	995
885	925
885	981
887	899
889	976
890	930
890	942
891	922
892	917
895	972
895	989
898	996
898	998
899	911
900	930
901	905
901	963
905	985
907	962
908	945
908	974
908	980
909	966
911	921
913	958
917	954
919	950
920	949
920	979
922	945
923	944
924	997
925	981
926	952
926	984
930	960
933	962
933	967
937	939
937	954
937	955
937	972
939	943
939	968
945	967
945	968
945	989
949	962
950	984
963	974
976	979
980	984
997	998
