0	64
0	66
0	144
0	279
0	325
0	334
0	353
0	459
0	535
0	693
0	720
0	810
0	911
0	932
0	964
1	175
1	274
1	396
1	482
1	509
1	530
1	571
1	727
1	755
1	778
1	785
1	823
1	841
1	895
2	80
2	103
2	112
2	283
2	348
2	450
2	458
2	514
2	674
2	750
2	775
2	821
2	885
2	947
3	56
3	303
3	886
3	919
3	935
4	77
4	222
4	326
4	479
4	551
4	573
4	618
4	653
4	706
4	736
4	775
4	786
4	832
4	915
4	954
5	48
5	76
5	112
5	116
5	120
5	255
5	445
5	458
5	485
5	488
5	510
5	525
5	556
5	674
5	693
5	828
6	137
6	256
6	376
6	396
6	504
6	762
6	797
6	889
6	926
6	969
7	166
7	239
7	300
7	450
7	463
7	656
7	693
7	722
7	745
7	752
7	859
7	886
7	995
8	104
8	197
8	295
8	477
8	496
8	611
8	679
8	683
8	741
9	609
9	688
10	128
10	377
10	773
10	843
11	258
11	352
11	455
11	484
11	601
11	795
11	870
11	927
12	219
12	330
12	346
12	673
13	231
13	263
13	321
13	415
13	482
13	539
13	608
13	632
13	705
13	744
13	751
13	822
13	839
13	927
14	112
14	175
14	217
14	300
14	471
14	485
14	520
14	549
14	613
14	633
14	664
14	736
14	902
14	915
14	932
15	172
15	204
15	299
15	339
15	363
15	617
15	673
15	677
15	782
15	829
16	108
16	211
16	280
16	304
16	543
16	548
16	793
16	822
16	941
17	89
17	305
17	348
17	436
17	627
17	733
17	737
17	791
17	813
17	901
17	990
18	24
18	27
18	48
18	112
18	331
18	508
18	851
18	876
18	952
19	69
19	130
19	169
19	830
19	845
20	347
20	380
20	569
20	584
20	623
20	661
20	683
20	684
20	776
20	818
20	831
20	892
20	910
20	930
21	279
21	429
21	503
21	665
21	789
21	931
22	166
22	413
22	820
23	39
23	90
23	108
23	150
23	228
23	410
23	502
23	504
23	515
23	612
23	640
23	646
23	681
23	758
23	842
23	991
24	65
24	81
24	119
24	130
24	144
24	323
24	342
24	439
24	486
24	584
24	819
24	861
24	910
24	954
25	43
25	172
25	232
25	390
25	705
25	956
26	120
26	147
26	152
26	158
26	217
26	270
26	361
26	396
26	458
26	459
26	494
26	505
26	578
26	608
26	664
26	733
26	855
26	858
26	873
26	929
27	221
27	238
27	315
27	366
27	434
27	629
27	634
27	660
27	665
27	719
27	720
27	930
28	401
28	726
29	378
29	486
29	569
29	661
29	910
29	986
29	994
30	124
30	724
31	59
31	78
31	95
31	96
31	169
31	344
31	432
31	449
31	679
31	712
31	841
31	853
31	883
31	957
31	967
32	179
32	554
32	564
32	680
32	802
32	977
33	357
33	912
34	94
34	166
34	298
34	456
34	460
34	896
34	946
35	37
35	153
35	330
35	365
35	948
36	189
36	869
37	307
37	310
37	356
37	453
37	520
37	663
37	693
37	860
39	301
39	413
39	505
39	582
39	627
39	899
40	93
40	122
40	218
40	288
40	318
40	358
40	374
40	683
40	944
41	71
41	76
41	113
41	248
41	530
41	561
41	699
41	714
41	907
41	947
42	69
42	104
42	129
42	297
42	348
42	372
42	534
42	611
42	705
42	728
42	755
42	772
42	902
43	136
43	269
43	343
43	408
43	782
43	918
44	47
44	284
44	378
44	451
44	510
44	517
44	547
44	568
44	578
44	631
44	675
44	727
44	805
44	954
44	980
45	103
45	178
45	328
45	365
45	739
45	901
46	341
46	599
46	652
46	922
47	66
47	111
47	114
47	152
47	270
47	274
47	461
47	527
47	568
47	593
47	863
47	910
47	969
48	49
48	60
48	492
48	508
48	682
48	831
48	859
48	916
49	125
49	239
49	255
49	310
49	348
49	480
49	499
49	569
49	657
49	752
49	805
49	919
50	106
50	206
50	286
50	368
50	381
50	418
50	481
50	506
50	841
50	933
50	949
51	152
51	289
51	459
51	481
51	625
51	646
51	739
51	899
51	914
51	926
51	990
52	240
52	244
52	431
52	439
52	445
52	449
52	481
52	535
52	565
52	612
52	851
52	865
52	949
52	974
53	66
53	72
53	226
53	254
53	315
53	356
53	397
53	539
53	578
53	595
53	664
53	668
53	791
53	865
53	873
53	995
54	117
54	128
54	169
54	190
54	211
54	282
54	326
54	438
54	619
54	636
54	729
54	925
54	934
54	949
55	248
55	277
55	384
55	480
55	549
55	952
56	166
56	694
56	732
56	865
56	873
56	947
57	115
57	132
57	146
57	565
57	572
57	663
57	711
57	716
57	775
57	776
57	833
57	892
58	87
58	455
58	501
58	637
58	644
58	801
58	934
59	117
59	122
59	326
59	351
59	509
59	510
59	540
59	557
59	579
59	586
59	593
59	676
59	702
59	712
59	879
59	883
59	923
60	72
60	268
60	493
60	606
60	818
61	228
61	233
61	368
61	502
61	642
61	681
61	811
61	881
61	943
62	102
62	658
63	175
63	227
63	280
63	308
63	385
63	420
63	551
63	653
63	727
63	785
63	841
63	853
63	903
63	986
64	260
64	266
64	374
64	378
64	412
64	663
64	692
64	731
65	111
65	129
65	270
65	284
65	308
65	378
65	431
65	439
65	613
65	679
65	684
65	731
65	734
65	751
65	863
65	910
65	976
65	990
66	67
66	120
66	238
66	298
66	408
66	445
66	453
66	463
66	775
66	887
67	144
67	145
67	186
67	417
67	528
67	549
67	587
67	736
67	826
67	830
67	857
67	995
68	232
68	359
68	360
68	383
68	501
68	548
68	638
68	779
69	163
69	264
69	297
69	352
69	449
69	451
69	540
69	593
69	798
69	814
69	830
69	856
70	107
70	138
71	340
71	385
71	433
71	508
71	564
71	577
71	819
71	872
71	929
72	291
72	307
72	512
72	561
72	594
72	707
72	713
73	298
74	125
74	132
74	185
74	239
74	257
74	270
74	412
74	440
74	448
74	530
74	570
74	576
74	623
74	633
74	693
74	800
74	885
74	936
75	112
75	185
75	331
75	417
75	429
75	561
75	641
75	861
75	862
75	890
75	932
76	147
76	185
76	222
76	239
76	313
76	340
76	396
76	494
76	633
76	647
76	656
76	674
76	713
76	810
76	818
76	819
76	864
76	872
76	876
76	882
76	886
76	931
76	936
76	962
77	123
77	275
77	345
77	476
77	833
77	982
78	538
78	903
78	904
79	774
80	139
80	433
80	456
80	530
81	146
81	208
81	239
81	316
81	510
81	684
81	705
81	845
81	920
82	206
82	878
83	133
83	310
84	104
84	140
84	208
84	328
84	358
84	372
84	451
84	534
84	571
84	714
84	731
84	787
84	812
84	976
85	130
85	197
85	314
85	486
85	703
85	772
85	819
86	201
86	223
86	239
86	372
86	439
86	611
86	612
86	772
86	830
86	891
86	903
86	923
86	942
86	969
87	90
87	207
87	344
87	426
87	488
87	537
87	591
87	621
87	690
87	773
87	805
87	910
87	927
87	934
88	658
88	724
89	262
89	321
89	395
89	677
90	106
90	117
90	326
90	344
90	363
90	418
90	515
90	559
90	595
90	730
90	748
90	873
90	956
91	106
91	233
91	490
91	632
92	258
92	280
92	373
92	388
92	532
92	649
92	830
92	984
93	449
93	451
93	486
93	521
93	579
93	593
93	597
93	717
93	868
93	880
93	920
94	274
94	376
94	813
95	104
95	129
95	264
95	406
95	411
95	670
95	815
95	819
95	895
95	976
96	107
96	196
96	455
96	571
96	795
96	814
96	912
96	960
96	984
97	213
97	541
97	544
97	680
98	985
99	100
99	218
99	264
99	302
99	357
99	449
99	669
99	960
100	104
100	115
100	538
100	650
100	849
102	483
102	955
103	129
103	274
103	356
103	365
103	378
103	385
103	415
103	445
103	481
103	485
103	539
103	576
103	664
103	714
103	731
103	755
103	805
103	855
104	238
104	284
104	451
104	496
104	534
104	551
104	663
104	674
104	744
104	840
105	328
105	401
105	627
105	681
105	697
105	837
105	958
106	134
106	206
106	233
106	506
106	681
106	700
107	138
107	509
107	799
107	880
108	226
108	231
108	404
108	595
108	617
108	704
108	744
108	762
108	769
108	793
108	881
110	345
110	462
110	486
110	566
110	600
110	711
110	724
110	833
110	959
111	237
111	439
111	485
111	510
111	535
111	653
111	676
112	116
112	185
112	193
112	313
112	356
112	413
112	448
112	463
112	530
112	561
112	578
112	674
112	706
112	810
113	303
113	885
113	947
114	149
114	235
114	258
114	284
114	308
114	372
114	378
114	385
114	406
114	431
114	487
114	535
114	539
114	553
114	587
114	612
114	669
114	791
114	814
114	885
114	936
115	472
115	569
115	611
115	653
115	772
115	986
115	993
116	340
116	416
116	417
116	453
116	471
116	481
116	549
116	574
116	720
116	757
116	861
116	885
116	915
116	947
117	489
117	586
117	735
117	788
117	800
117	853
117	934
117	941
117	986
118	378
118	455
118	521
118	787
118	852
118	955
119	264
119	357
119	369
120	145
120	289
120	492
120	889
120	902
121	511
121	698
121	710
122	155
122	378
122	411
122	538
122	551
122	621
122	668
122	669
122	743
122	751
122	797
122	841
122	849
122	856
122	865
122	941
122	967
123	180
123	526
123	531
123	600
123	888
124	588
125	185
125	279
125	325
125	358
125	366
125	384
125	412
125	488
125	570
125	706
125	714
125	855
125	974
125	999
126	168
127	255
127	264
127	342
127	566
127	678
128	167
128	243
128	753
129	143
129	159
129	176
129	225
129	279
129	378
129	583
129	668
129	675
129	711
129	727
129	776
129	849
129	867
129	944
130	353
130	357
130	369
130	443
130	472
130	510
131	377
131	636
131	695
131	735
132	149
132	248
132	378
132	412
132	450
132	503
132	556
132	559
132	605
132	618
132	633
132	772
132	775
132	812
132	873
133	251
134	137
134	223
134	254
134	293
134	374
134	395
134	435
134	482
134	562
134	587
134	659
134	669
134	705
134	732
134	790
134	857
134	936
135	177
135	266
135	318
135	373
135	501
135	532
135	721
135	868
135	904
136	401
136	673
136	697
136	989
137	141
137	152
137	257
137	313
137	438
137	459
137	505
137	556
137	659
137	744
137	988
137	993
138	721
138	799
139	541
139	682
140	197
140	371
140	450
140	547
140	572
140	618
140	623
140	910
140	924
140	942
141	217
141	307
141	319
141	327
141	383
141	397
141	525
141	574
141	752
141	916
141	988
142	162
142	349
142	472
142	503
142	570
142	631
142	653
142	759
142	840
142	844
142	863
142	923
142	974
142	996
143	451
143	473
143	565
143	804
143	875
143	912
143	957
144	186
144	193
144	252
144	268
144	308
144	315
144	374
144	378
144	448
144	461
144	674
144	764
144	816
144	841
144	885
144	887
144	931
144	962
145	232
145	238
145	459
145	494
145	562
145	690
145	705
145	790
145	863
146	149
146	291
146	465
146	486
146	514
146	547
146	569
146	772
146	775
146	786
146	910
147	174
147	293
147	305
147	383
147	505
147	578
147	590
147	609
147	664
147	693
147	790
147	855
148	308
148	385
148	421
148	422
148	586
148	625
148	751
148	840
148	919
148	940
148	975
149	396
149	481
149	568
149	776
149	999
150	231
150	296
150	378
150	426
150	438
150	490
150	502
150	506
150	548
150	586
150	625
150	693
150	704
150	889
150	926
150	940
150	956
150	975
151	217
151	359
151	373
151	426
151	435
151	459
151	576
151	595
151	632
151	734
151	790
151	791
151	829
151	940
151	991
152	158
152	238
152	270
152	325
152	351
152	378
152	437
152	440
152	442
152	459
152	593
152	608
152	640
152	653
152	668
152	728
152	755
152	759
152	931
154	573
154	588
154	922
155	235
155	258
155	270
155	326
155	551
155	579
155	779
155	880
155	891
155	923
155	934
156	160
156	263
156	305
156	309
156	328
156	381
156	528
156	632
156	635
156	641
156	692
156	811
157	208
157	229
157	246
157	270
157	325
157	466
157	468
157	499
157	568
157	618
157	633
157	645
157	919
158	263
158	319
158	421
158	482
158	528
158	553
158	562
158	640
158	653
158	668
158	751
158	828
158	829
159	186
159	389
159	531
159	612
159	623
159	665
159	669
159	670
159	759
159	996
160	172
160	178
160	375
160	641
160	677
160	781
160	813
160	857
160	889
161	288
161	373
161	482
161	595
161	632
161	691
161	769
161	913
161	956
162	378
162	412
162	420
162	579
162	586
162	693
162	745
162	755
162	841
162	865
162	993
163	224
163	293
163	477
163	795
164	369
164	483
164	575
164	624
165	358
165	532
165	551
165	623
165	728
165	797
165	938
165	941
165	969
165	986
166	219
166	626
166	732
166	836
167	489
167	504
167	681
167	701
167	769
167	822
167	975
168	900
169	242
169	244
169	875
171	998
172	204
172	283
172	328
172	368
172	383
172	640
172	677
172	733
172	737
172	743
172	782
172	855
173	519
173	715
173	750
173	806
174	288
174	324
174	328
174	334
174	359
174	372
174	383
174	394
174	505
174	557
174	704
174	737
174	782
174	791
174	940
175	181
175	235
175	334
175	559
175	663
175	712
175	714
175	920
175	988
176	266
176	362
176	467
176	503
176	565
176	572
176	776
176	840
177	196
177	201
177	297
177	612
177	848
177	904
178	291
178	397
178	826
178	920
179	393
181	362
181	434
181	479
181	587
181	612
181	633
181	656
181	676
181	775
181	810
181	930
182	238
182	342
182	362
182	380
182	462
182	493
182	514
182	561
182	587
182	706
182	810
182	962
184	479
184	665
184	747
184	892
185	186
185	248
185	255
185	276
185	331
185	463
186	325
186	412
186	471
186	514
186	603
186	686
186	770
186	816
186	818
186	832
186	861
186	924
186	931
187	583
188	226
188	346
188	807
188	989
189	237
189	954
190	231
190	494
190	700
190	949
191	282
191	506
191	614
191	691
191	740
191	748
191	793
191	925
192	228
192	267
192	321
192	324
192	414
192	502
192	668
192	677
192	792
192	798
192	822
192	828
192	855
193	300
193	311
193	378
193	416
193	629
193	789
193	835
193	871
193	932
193	980
194	209
194	213
194	378
194	386
194	430
194	520
194	645
194	707
194	952
194	962
196	266
196	451
196	457
196	795
196	799
196	944
197	308
197	430
197	485
197	486
197	527
197	584
197	678
197	711
197	997
198	457
198	473
198	575
199	213
199	245
199	577
199	802
200	486
200	599
200	629
200	711
201	218
201	318
201	467
201	620
201	883
201	891
202	393
202	689
203	250
203	435
203	517
203	576
203	632
203	821
203	857
203	913
204	226
204	328
204	339
204	394
204	478
204	619
204	733
204	834
206	216
206	337
206	490
206	749
207	280
207	326
207	337
207	373
207	418
207	471
207	619
207	637
207	638
207	925
207	927
208	235
208	278
208	384
208	385
208	405
208	439
208	494
208	517
208	534
208	587
208	663
208	727
208	776
208	840
208	845
208	890
208	936
208	999
209	544
209	560
209	566
209	577
209	666
209	764
209	802
209	884
210	223
210	230
210	232
210	235
210	299
210	324
210	359
210	402
210	404
210	551
210	730
210	760
210	779
210	800
210	821
210	913
210	925
210	974
211	243
211	256
211	294
211	317
211	344
211	482
211	489
211	595
211	625
211	751
212	265
212	467
212	520
212	629
212	686
212	714
212	754
212	763
212	764
212	776
213	307
213	456
213	493
213	585
213	665
214	288
214	304
214	410
214	459
214	617
214	705
214	790
214	800
214	839
216	662
216	695
217	232
217	268
217	348
217	376
217	395
217	435
217	471
217	528
217	826
217	935
217	990
218	244
218	258
218	420
218	457
218	702
218	804
218	912
219	253
219	836
219	862
221	255
221	260
221	348
221	356
221	422
221	440
221	535
221	664
221	694
221	714
221	805
221	969
222	285
222	371
222	503
222	566
222	676
223	328
223	415
223	426
223	608
223	653
223	826
223	995
224	308
224	347
224	420
224	439
224	496
224	586
224	679
224	797
224	830
224	840
224	857
224	969
225	450
225	468
225	598
225	776
225	818
225	892
225	934
225	951
226	640
226	837
226	970
227	273
227	355
227	378
227	379
227	544
227	566
227	757
227	809
227	876
227	911
227	929
227	994
228	324
228	368
228	401
228	426
228	475
228	609
228	827
228	829
229	285
229	349
229	417
229	566
229	666
229	715
229	757
229	831
230	324
230	432
230	482
230	504
230	609
230	632
230	899
231	294
231	352
231	359
231	490
231	700
231	748
231	800
232	299
232	348
232	356
232	408
232	440
232	459
232	505
232	866
232	926
232	935
233	256
233	963
235	263
235	288
235	296
235	312
235	348
235	356
235	359
235	420
235	557
235	613
235	811
235	828
235	863
235	914
235	940
235	947
235	984
236	260
236	338
236	349
236	495
236	654
236	764
236	833
236	964
237	239
237	274
237	473
237	547
237	565
237	573
237	610
237	664
237	684
237	706
237	770
237	816
237	863
237	864
237	910
237	942
238	248
238	279
238	347
238	362
238	374
238	430
238	570
238	631
238	675
238	714
238	734
238	770
238	832
238	867
238	962
239	311
239	313
239	366
239	412
239	459
239	482
239	487
239	535
239	722
239	823
239	856
240	262
240	319
240	411
240	505
240	539
240	727
240	739
240	805
240	865
241	581
241	917
242	455
242	597
243	415
243	506
243	635
244	352
244	457
244	517
244	537
244	751
245	441
245	581
246	252
246	417
246	456
246	485
246	514
246	560
246	568
246	656
246	715
246	763
246	859
247	517
248	366
248	448
248	770
248	809
248	817
248	930
248	936
249	599
249	932
249	973
250	254
250	278
250	312
250	319
250	455
250	496
250	617
250	702
250	727
250	791
250	821
250	845
250	849
250	993
251	699
252	492
252	512
252	525
252	530
252	674
252	732
253	519
253	808
254	289
254	293
254	378
254	459
254	578
254	693
254	745
254	988
255	417
255	461
255	561
255	574
255	722
255	859
255	890
255	932
256	452
256	691
256	730
256	733
256	891
257	274
257	448
257	517
257	534
257	583
257	612
257	692
257	805
257	840
257	986
258	280
258	308
258	411
258	509
258	510
258	571
258	934
259	784
259	948
260	300
260	351
260	415
260	553
260	569
260	613
260	758
260	772
260	805
260	835
261	297
261	438
261	527
261	668
261	708
261	716
261	734
261	903
261	923
261	942
261	994
261	996
262	324
262	366
262	375
262	388
262	397
262	452
262	459
262	512
262	739
262	751
262	790
262	826
262	855
263	288
263	296
263	348
263	401
263	426
263	482
263	571
263	595
263	617
263	701
263	857
263	899
263	975
264	295
264	297
264	464
264	473
264	527
264	814
264	845
264	912
265	275
265	314
265	391
265	420
265	584
265	588
265	598
265	786
265	840
265	944
266	490
266	538
266	891
266	928
267	363
267	710
268	418
268	494
268	592
268	653
268	692
268	715
268	752
268	935
269	287
269	306
269	410
269	970
270	372
270	559
270	562
270	612
270	653
270	714
270	743
270	895
270	902
270	940
270	969
271	433
271	917
271	952
271	977
273	503
273	686
273	763
273	832
274	347
274	406
274	439
274	467
274	520
274	527
274	578
274	590
274	656
274	734
274	805
274	865
274	920
275	311
275	447
275	467
275	479
275	568
275	661
275	666
275	676
275	686
275	810
275	844
275	911
275	965
276	400
276	435
276	782
276	811
276	889
276	913
276	991
277	391
277	409
277	645
277	654
277	666
277	833
277	871
278	312
278	321
278	334
278	378
278	395
278	562
278	625
278	656
278	693
278	694
278	758
278	823
278	842
278	858
278	882
278	897
278	984
278	990
278	995
279	325
279	437
279	485
279	514
279	528
279	706
279	775
279	954
280	318
280	800
281	588
282	571
282	659
282	691
282	748
282	839
282	877
282	894
282	940
282	949
282	956
283	321
283	324
283	328
283	375
283	401
283	445
283	446
283	548
283	586
283	811
283	821
283	855
283	926
284	349
284	509
284	527
284	613
284	684
284	706
284	772
284	776
284	944
284	954
285	423
285	796
285	983
286	359
286	401
286	490
286	847
286	857
286	878
286	899
286	913
287	710
288	296
288	305
288	344
288	383
288	408
288	426
288	676
288	758
288	943
289	458
289	633
290	918
290	972
291	398
291	453
291	458
291	459
291	522
291	981
293	359
293	376
293	431
293	485
293	494
293	539
293	559
293	578
293	693
293	727
293	841
293	988
293	995
294	388
294	402
294	426
294	432
294	458
294	543
294	619
294	635
294	751
294	889
294	894
295	297
295	466
295	910
295	980
295	999
296	459
296	586
296	593
296	712
296	779
296	828
296	830
296	975
296	995
297	439
297	464
297	540
297	572
297	679
297	683
297	741
297	759
297	845
297	903
297	969
297	974
297	996
298	354
298	628
298	734
299	381
299	401
299	435
299	445
299	505
299	562
299	671
299	855
299	873
299	920
299	988
300	331
300	416
300	461
300	505
300	684
301	445
301	582
301	690
301	737
301	826
302	350
302	575
302	599
302	604
302	716
302	955
303	454
303	783
303	851
304	404
304	432
304	641
305	408
305	545
305	562
305	595
305	619
305	684
305	739
305	740
305	902
305	995
306	625
306	627
306	781
306	837
307	448
307	530
307	699
307	846
308	510
308	603
308	669
308	693
308	711
308	776
308	819
308	840
308	993
309	404
309	576
309	617
309	621
309	632
309	677
309	943
310	366
310	448
310	907
311	416
311	442
311	460
311	520
311	594
311	600
311	757
311	844
311	885
311	994
312	421
312	426
312	432
312	520
312	632
312	659
312	744
312	830
312	913
313	315
313	417
313	493
313	549
313	561
313	665
313	713
313	722
313	859
313	865
313	929
313	932
314	353
314	486
314	661
314	709
314	747
314	833
315	430
315	479
315	544
315	661
315	665
315	666
315	699
315	783
315	809
315	882
315	896
316	320
316	607
317	381
317	438
317	505
317	551
317	730
317	751
317	856
317	858
317	889
318	449
318	583
318	593
318	601
318	702
318	870
318	883
319	412
319	421
319	619
319	625
319	630
319	659
319	730
319	751
319	841
319	943
320	388
320	651
320	879
320	992
321	324
321	394
321	408
321	421
321	424
321	557
321	576
321	821
321	857
321	858
321	866
321	899
321	926
321	995
322	602
322	698
323	560
323	598
323	711
323	764
324	375
324	418
324	422
324	562
324	580
324	608
324	617
324	811
324	926
324	943
325	334
325	347
325	378
325	396
325	535
325	574
325	634
325	668
325	679
325	713
325	731
325	831
325	965
325	999
326	377
326	455
326	555
326	591
326	702
326	718
327	376
327	499
327	755
327	791
327	823
327	834
327	931
327	936
328	363
328	400
328	704
328	705
328	743
328	755
328	758
328	765
328	873
328	881
328	897
328	991
329	346
329	688
329	807
330	335
330	346
330	478
330	889
331	354
331	385
331	666
332	479
332	561
332	660
332	666
332	802
332	980
333	462
333	474
333	882
334	366
334	435
334	565
334	576
334	674
334	707
334	722
334	817
334	863
334	980
335	348
335	545
336	606
337	373
337	402
337	586
337	636
337	880
337	894
338	345
338	523
338	796
338	831
338	854
339	394
339	609
339	733
339	782
339	838
339	990
340	418
340	456
340	645
340	657
340	929
341	406
341	786
341	922
342	389
342	405
342	547
342	629
342	804
342	955
342	986
343	834
343	908
343	991
344	373
344	402
344	489
344	630
344	638
344	691
344	735
344	744
344	877
344	974
344	975
345	495
345	523
345	526
345	794
347	405
347	412
347	528
347	568
347	709
347	714
347	716
347	764
347	819
347	951
347	980
348	458
348	561
348	613
348	664
348	693
348	727
348	823
349	423
349	520
349	675
349	789
349	924
349	931
349	959
350	351
350	623
350	785
351	359
351	373
351	431
351	437
351	489
351	517
351	613
351	668
351	740
351	743
351	766
351	835
351	841
351	856
351	969
352	449
352	591
353	503
353	572
353	623
353	675
354	360
354	408
354	858
354	969
355	362
355	379
355	384
355	480
355	508
355	763
355	809
355	882
355	931
356	363
356	381
356	494
356	505
356	727
356	730
356	821
356	839
356	858
356	865
356	877
356	886
356	990
356	995
357	457
357	555
357	731
358	411
358	484
358	509
358	621
358	717
358	731
358	814
358	996
359	413
359	595
359	641
359	692
359	717
359	779
359	791
359	969
360	385
360	430
360	631
360	633
360	669
360	705
360	819
360	976
360	980
361	582
361	782
361	935
362	468
362	569
362	631
362	633
362	825
362	892
362	954
363	401
363	414
363	511
363	609
363	640
363	733
363	781
365	382
365	397
365	545
365	834
366	422
366	468
366	530
366	722
366	832
366	885
366	916
366	932
367	729
368	401
368	440
368	712
368	847
369	389
369	555
369	575
370	379
370	461
370	541
370	666
370	809
370	831
370	916
370	931
370	952
371	464
371	593
371	611
371	741
371	745
371	795
371	951
372	420
372	499
372	510
372	613
372	693
372	745
372	798
372	841
372	904
373	407
373	452
373	571
373	801
373	941
373	967
374	418
374	421
374	439
374	451
374	484
374	489
374	557
374	570
374	571
374	690
374	693
374	702
374	730
374	769
374	868
375	376
375	381
375	395
375	400
375	663
375	779
375	828
375	889
375	943
375	949
376	394
376	458
376	505
376	592
376	758
376	782
376	790
376	857
376	897
377	431
377	718
377	742
377	793
377	925
378	450
378	468
378	488
378	570
378	572
378	590
378	646
378	728
378	734
378	769
378	805
378	828
378	845
378	914
378	999
379	450
379	456
379	480
379	500
379	505
379	757
379	882
379	892
380	386
380	467
380	487
380	572
380	618
380	629
380	676
380	776
381	394
381	617
381	762
382	395
382	424
382	482
382	948
383	633
383	668
383	744
383	821
383	988
383	993
384	412
384	480
384	494
384	535
384	570
384	603
384	722
384	775
384	816
384	832
384	994
384	999
385	556
385	653
385	692
385	751
385	791
385	800
385	828
386	470
386	568
386	775
386	776
386	780
386	816
386	924
386	942
386	954
388	421
388	438
388	537
388	793
389	465
389	565
389	670
389	741
389	819
389	867
390	545
391	405
391	447
391	510
391	558
391	566
391	663
391	666
391	736
391	759
391	796
391	809
391	844
391	892
391	930
394	640
394	641
394	671
394	733
394	781
394	838
394	873
394	897
394	935
395	609
395	623
395	625
395	633
395	656
395	765
395	841
395	873
396	445
396	453
396	535
396	609
396	617
396	940
396	988
397	574
397	576
397	594
397	626
397	855
397	873
397	995
398	458
398	525
398	574
398	594
398	626
398	715
398	739
398	994
399	511
399	710
399	782
399	820
399	958
400	404
400	414
400	617
400	632
400	760
400	790
400	889
400	943
400	991
402	748
402	773
402	797
402	877
402	891
403	836
404	418
404	586
404	704
404	751
404	877
404	878
405	706
405	708
405	757
405	819
405	844
405	936
405	974
405	980
406	468
406	590
406	593
406	669
406	676
406	679
406	799
406	835
406	895
406	980
407	801
407	874
408	410
408	440
408	482
408	561
408	693
408	821
408	829
408	937
409	547
410	970
411	438
411	439
411	653
411	743
411	745
411	819
411	830
411	845
411	960
411	976
412	466
412	468
412	528
412	613
412	668
412	740
412	770
412	915
412	974
413	907
414	949
415	426
415	548
415	565
415	632
415	740
415	751
415	868
415	897
415	984
416	460
416	463
416	487
416	530
416	574
416	802
416	863
416	931
417	560
417	665
417	809
417	858
417	872
417	930
418	452
418	490
418	625
418	638
418	792
418	940
420	451
420	509
420	717
420	727
420	785
420	805
420	841
420	941
421	471
421	482
421	653
421	674
421	694
421	745
421	895
421	899
422	447
422	453
422	463
422	485
422	572
422	600
422	633
422	674
422	676
423	560
423	566
423	711
423	819
423	854
423	884
423	942
423	994
424	504
424	609
424	667
424	697
424	704
424	760
424	769
424	925
424	935
426	551
426	638
426	690
426	702
426	914
427	536
429	520
429	576
429	603
429	660
429	699
429	892
430	574
430	603
430	719
430	780
430	871
430	916
430	965
431	468
431	559
431	663
431	669
431	856
431	936
431	976
432	504
432	619
432	621
432	635
432	748
432	769
432	839
432	913
433	946
433	961
433	983
434	514
434	590
434	633
434	727
434	810
434	859
434	910
434	931
435	458
435	576
435	685
435	743
435	758
435	861
435	920
437	601
437	727
437	728
437	729
437	847
437	855
437	868
437	926
437	932
437	993
438	489
438	668
439	471
439	514
439	521
439	565
439	571
439	684
439	805
439	911
439	980
440	463
440	482
440	671
440	758
440	783
440	791
440	823
440	826
440	855
442	579
442	653
442	671
442	708
442	714
442	745
442	954
442	999
443	473
443	575
443	955
445	674
445	899
445	902
446	592
446	937
447	448
447	488
447	598
447	603
447	685
447	720
447	775
447	832
447	863
447	931
448	492
448	525
448	549
448	561
448	626
448	657
448	674
448	855
448	990
449	455
449	489
449	731
449	830
449	849
449	883
449	941
449	986
449	992
450	465
450	570
450	593
450	676
450	722
450	863
450	903
450	951
450	980
450	986
451	521
451	534
451	590
451	856
451	868
451	894
451	938
452	489
452	535
452	662
452	691
452	718
452	839
452	894
452	920
452	956
453	463
453	720
453	722
453	858
453	861
453	864
453	886
453	971
454	682
455	457
455	538
455	551
455	702
455	912
456	493
456	657
456	844
457	735
457	921
458	472
458	712
458	739
458	873
458	971
458	988
459	576
459	783
459	818
459	932
459	962
459	988
459	995
460	559
460	594
460	755
460	947
461	713
461	720
461	803
461	859
461	915
461	971
462	687
462	789
462	833
462	973
463	481
463	487
463	488
463	706
463	864
463	887
464	521
464	547
464	568
464	590
464	852
464	951
464	960
465	503
465	521
465	716
465	761
465	815
465	852
465	888
465	921
466	520
466	770
466	776
466	819
466	835
466	980
467	480
467	514
467	531
467	544
467	547
467	573
467	584
467	623
467	675
467	678
467	679
467	734
467	766
467	775
467	789
467	812
467	994
468	574
468	584
468	674
468	676
468	722
468	772
468	863
469	492
469	552
469	628
469	680
469	696
470	503
470	532
470	569
470	634
470	754
470	786
470	959
471	514
471	535
471	670
471	832
471	835
471	863
471	940
472	547
472	661
472	683
472	759
472	789
473	579
473	620
473	621
473	683
473	767
473	875
473	904
475	563
475	641
475	726
475	827
475	881
476	549
476	884
476	964
477	484
477	571
477	735
477	974
477	984
478	850
478	919
478	948
478	972
479	481
479	603
479	882
479	962
480	486
480	663
480	666
480	780
480	865
480	924
480	931
481	594
481	674
481	675
481	722
481	740
481	816
481	855
481	982
481	988
481	995
482	556
482	731
482	781
482	823
482	935
483	708
483	869
484	591
484	601
484	704
484	853
485	510
485	568
485	570
485	663
485	810
485	832
485	856
485	865
485	911
485	962
486	517
486	540
486	572
486	588
487	612
487	684
487	711
487	714
487	743
487	780
487	819
487	876
487	890
488	520
488	559
488	684
488	728
489	557
489	579
489	791
489	853
489	877
489	934
489	975
490	608
490	636
490	749
490	779
490	847
491	606
491	696
492	574
492	587
492	715
492	734
492	872
492	896
493	530
493	535
493	734
493	876
493	885
493	929
493	952
494	626
494	664
494	694
494	828
494	875
494	919
494	988
494	990
494	995
495	526
496	579
496	590
496	593
496	728
496	840
496	845
496	951
496	980
497	604
497	787
497	852
499	781
499	803
499	872
499	993
500	560
500	930
501	748
501	788
501	933
501	934
501	941
502	504
502	701
503	521
503	584
503	709
503	754
503	777
503	786
503	954
504	758
504	790
504	826
504	842
504	858
504	914
504	943
505	511
505	556
505	578
505	659
505	704
505	817
505	823
505	826
506	563
506	749
506	798
507	665
507	680
507	699
507	757
507	831
508	685
508	783
509	538
509	740
509	912
509	957
510	565
510	669
510	691
510	740
510	772
510	819
510	883
510	944
510	960
510	976
510	986
511	640
511	857
512	739
512	935
512	947
514	633
514	816
514	831
514	832
514	844
514	954
515	762
515	839
515	866
515	881
516	909
517	579
517	659
517	702
517	785
517	969
520	549
520	629
520	775
520	882
520	931
520	962
520	965
521	555
521	583
521	597
521	708
521	716
521	735
521	912
521	996
522	589
522	850
522	948
523	600
523	676
523	764
523	775
523	973
524	538
524	591
524	735
524	928
525	706
525	722
525	739
525	818
525	940
526	531
526	658
526	754
526	867
527	611
527	661
527	675
527	683
527	741
527	772
527	776
527	816
527	819
527	825
527	840
527	856
528	578
528	613
528	619
528	692
528	740
528	830
528	845
528	856
529	608
529	735
529	799
529	849
529	992
530	752
531	777
532	684
532	708
533	624
533	723
533	955
534	537
534	613
534	683
534	728
534	741
534	762
534	778
534	845
534	853
534	986
535	612
535	740
535	763
535	775
535	863
536	662
536	773
537	768
537	883
537	949
538	767
538	903
538	928
538	955
539	557
539	663
539	674
539	805
539	887
540	590
540	730
540	785
540	830
541	560
543	662
544	547
544	558
544	645
545	829
545	899
546	869
547	618
547	631
547	812
547	892
547	895
548	619
548	625
548	697
548	748
548	792
548	839
548	943
549	603
549	706
549	757
549	831
549	871
549	882
549	909
549	929
550	655
550	884
551	595
551	668
551	669
551	717
551	727
551	743
551	769
551	942
552	905
553	571
553	612
553	619
553	690
553	743
553	758
553	883
553	920
554	680
554	905
556	557
556	691
556	693
556	740
556	791
556	857
556	902
557	640
557	692
557	702
557	714
557	728
558	665
558	802
558	952
558	961
559	613
559	640
559	690
559	701
559	855
560	600
560	660
560	686
561	783
561	791
561	864
561	872
561	887
562	580
562	608
562	873
562	926
565	591
565	611
565	679
565	708
565	805
565	812
565	845
565	996
566	610
566	665
566	831
566	832
566	911
568	572
568	584
568	683
568	764
568	954
568	959
569	761
569	955
569	976
569	980
569	997
570	730
570	736
570	932
570	962
571	579
571	702
571	740
571	776
571	800
571	841
571	957
572	573
572	747
572	764
572	772
572	996
573	676
573	684
573	714
573	743
573	757
573	764
573	775
573	812
573	816
573	885
573	892
573	942
573	994
574	587
574	674
574	783
574	803
574	872
574	924
574	959
575	716
576	582
576	739
576	850
577	603
577	618
577	929
577	952
578	653
578	668
578	755
578	791
578	805
578	865
578	890
578	914
579	611
579	663
579	683
579	702
579	914
580	589
580	671
580	688
582	592
583	716
583	814
584	675
584	859
585	983
586	617
586	638
587	664
587	669
587	690
587	773
587	817
587	919
587	999
588	888
588	922
589	594
589	628
589	647
589	886
589	901
589	907
590	601
590	621
590	623
590	941
591	596
591	620
591	788
591	941
592	901
592	971
593	595
593	611
593	716
593	819
593	849
593	856
593	868
594	752
594	803
594	861
595	659
595	791
596	650
596	651
596	900
597	646
597	721
597	785
597	814
598	600
598	786
598	888
598	931
598	986
599	600
599	666
599	754
599	759
600	686
600	709
600	754
600	831
600	914
601	630
601	708
601	735
601	840
601	957
602	667
603	656
603	692
603	757
603	809
603	887
604	804
604	815
604	951
605	657
605	750
605	806
606	750
606	846
607	848
608	625
608	712
608	751
608	791
608	797
608	883
608	927
609	733
609	822
609	839
610	694
610	770
610	831
611	669
611	778
611	849
612	629
612	734
612	740
612	791
612	856
612	887
612	980
613	653
613	663
613	668
613	694
613	712
613	727
613	731
613	734
613	754
613	755
613	772
613	859
613	865
613	960
613	974
614	642
614	718
614	729
614	773
614	963
615	801
615	875
616	617
617	769
617	943
618	629
618	812
618	831
618	892
618	994
619	621
619	691
619	753
619	949
620	669
620	799
621	638
621	692
621	797
621	904
621	934
621	949
621	967
621	993
623	631
623	675
625	632
625	704
625	762
625	779
625	868
625	914
626	696
626	947
626	971
626	981
627	782
627	813
627	937
628	696
628	750
628	987
629	770
629	882
629	924
630	644
630	695
630	925
630	934
631	669
631	675
631	683
631	684
631	770
631	772
632	769
632	805
632	822
632	943
632	975
632	991
633	659
633	709
633	839
633	932
634	666
634	686
634	780
634	809
634	832
634	959
635	700
635	866
635	878
635	880
635	889
635	894
636	681
636	878
636	933
637	662
637	742
637	879
638	779
638	788
638	956
638	975
639	756
640	881
640	943
641	792
641	913
641	970
642	827
642	906
642	953
644	651
644	801
645	660
645	722
645	757
645	916
645	930
645	931
645	964
645	983
646	693
646	990
647	907
649	741
650	799
650	928
652	761
652	950
653	805
653	863
653	956
653	969
653	995
656	830
656	885
656	886
656	999
657	713
657	757
658	922
658	951
658	997
659	717
659	758
659	823
659	940
660	884
660	930
660	931
660	942
660	983
661	763
661	892
661	910
661	915
661	962
662	718
662	743
662	894
662	933
663	692
663	823
663	863
663	902
663	910
663	974
664	694
664	717
664	791
664	988
664	990
665	809
665	861
665	882
665	931
666	780
666	831
666	892
666	964
668	740
668	745
668	779
668	915
668	941
669	679
669	859
669	867
669	942
669	954
670	754
670	804
670	942
670	951
671	823
671	907
671	935
673	732
673	829
674	763
674	803
674	818
674	882
674	890
674	910
674	994
675	686
675	819
675	892
675	903
676	711
676	775
676	882
676	915
676	976
676	982
677	726
677	837
677	842
677	989
678	709
679	730
679	740
679	759
679	819
679	840
681	779
681	793
681	798
681	974
682	699
682	844
682	871
683	734
683	741
683	759
683	778
683	815
683	821
683	863
683	903
683	960
684	714
684	720
684	764
684	772
684	844
684	936
685	714
685	851
685	890
686	770
686	796
686	805
686	892
686	931
686	964
688	765
688	829
688	866
689	966
690	734
690	776
690	805
690	828
690	940
690	969
691	749
691	877
691	963
691	969
692	712
692	745
692	758
692	826
692	999
693	714
693	805
693	855
693	920
693	995
694	947
694	994
695	702
696	987
697	822
697	847
697	866
697	881
699	783
699	917
699	929
700	877
701	758
701	839
701	847
702	730
702	903
704	758
704	797
704	841
704	913
705	727
705	765
705	857
705	873
705	889
705	926
706	728
706	812
706	892
706	930
706	931
706	960
706	988
706	999
707	909
708	716
709	764
709	875
709	964
710	989
711	777
711	910
711	997
712	730
712	751
712	943
712	949
712	974
713	783
713	803
713	862
713	864
714	770
714	812
714	903
714	911
714	999
715	752
715	803
715	817
715	862
716	741
716	992
717	728
717	751
717	779
717	841
718	746
718	773
719	946
719	961
720	737
720	861
720	962
720	964
722	766
722	817
722	862
722	980
724	871
727	743
727	920
728	895
728	923
728	960
729	762
729	798
730	744
730	779
730	797
730	868
730	883
730	969
731	923
732	901
733	785
733	857
733	887
733	914
733	991
734	741
734	980
734	999
735	742
735	785
735	800
735	853
735	984
736	775
736	924
736	982
737	899
738	977
739	752
739	783
739	855
739	901
739	988
740	914
740	999
741	776
741	777
742	788
742	801
743	762
743	785
743	857
743	875
743	914
743	969
744	797
744	920
744	941
745	840
745	920
745	993
747	757
747	796
747	854
747	930
748	779
748	877
749	779
749	800
751	758
751	841
751	880
751	920
752	783
752	862
754	775
755	805
755	842
755	914
755	993
755	995
755	999
757	871
757	965
758	769
758	995
759	778
759	794
759	910
759	951
761	786
761	787
761	950
762	779
762	853
762	856
762	894
762	956
763	810
763	831
763	930
763	994
764	809
764	833
764	888
764	911
765	782
765	837
765	839
765	873
765	897
766	815
766	819
766	867
766	892
766	955
766	976
766	977
767	848
768	869
769	913
770	859
770	910
770	954
772	819
772	845
772	911
772	986
773	779
775	810
775	812
775	954
775	980
777	785
777	786
777	938
777	944
778	804
778	835
778	840
779	828
779	839
779	957
780	789
780	931
782	790
782	823
782	857
783	821
785	845
785	870
785	923
785	944
786	832
786	959
788	839
789	810
789	882
789	923
789	965
789	994
790	791
790	881
790	935
791	800
791	902
791	969
792	868
792	941
792	991
795	900
795	904
796	854
797	841
797	880
797	883
797	938
797	956
798	843
799	870
800	853
800	957
800	984
803	818
803	872
805	826
805	835
805	915
809	862
809	902
810	959
811	943
812	931
812	932
812	965
813	908
814	835
814	927
815	867
815	921
815	996
816	818
816	859
816	994
817	863
818	902
818	919
818	931
819	835
819	880
819	942
819	974
819	976
819	996
820	838
820	972
822	958
823	857
823	974
825	882
826	899
826	990
827	866
828	835
828	841
828	857
830	960
830	999
831	882
831	931
831	965
832	924
832	932
833	983
834	886
834	899
834	935
835	840
835	856
835	986
837	991
838	866
838	920
838	970
839	925
839	956
840	923
840	944
840	976
841	913
841	960
842	991
844	924
844	930
844	931
844	962
845	903
845	938
845	960
849	875
849	880
849	938
849	951
849	960
849	982
850	855
852	982
853	894
853	914
853	957
853	967
854	977
855	858
855	897
855	988
856	868
856	895
856	902
857	991
858	873
858	899
859	914
859	924
859	932
859	962
861	872
863	993
864	872
864	971
866	877
866	913
867	976
868	895
868	938
870	891
873	889
873	971
873	990
874	925
876	965
877	923
878	953
880	923
881	886
881	969
883	984
885	931
885	983
887	890
889	914
889	926
889	940
889	941
890	947
891	912
891	921
891	923
891	960
891	986
892	965
894	949
895	993
896	930
896	947
898	979
901	990
902	943
903	912
910	965
911	962
914	940
914	991
915	929
920	938
920	991
921	944
923	996
926	943
927	934
927	957
930	931
930	965
931	962
932	995
936	962
937	985
938	941
941	967
943	975
950	964
956	975
965	986
968	972
969	974
973	998
980	986
984	986
