0	3
0	16
0	188
0	271
0	281
0	377
0	511
0	547
0	553
0	564
0	733
0	767
0	843
0	855
0	938
0	962
0	993
1	28
1	136
1	529
1	537
1	862
2	40
2	140
2	186
2	437
2	476
2	480
2	570
2	598
2	627
2	646
2	822
2	884
2	885
2	909
2	974
2	981
3	231
3	268
3	395
3	506
3	511
3	610
3	647
3	820
3	868
3	907
4	156
4	228
4	283
4	773
4	822
5	55
5	282
5	406
5	451
5	517
5	759
5	823
6	227
6	292
7	24
7	155
7	172
7	235
7	304
7	307
7	346
7	370
7	420
7	461
7	555
7	654
7	658
7	665
7	702
7	804
7	812
7	845
7	938
8	190
8	193
8	205
8	322
8	380
8	387
8	443
8	461
8	601
8	711
8	859
8	948
9	346
9	446
9	514
9	554
9	662
9	813
9	964
9	995
10	32
10	42
10	184
10	259
10	276
10	344
10	447
10	487
10	638
10	738
10	824
10	868
10	981
11	57
11	120
11	186
11	188
11	250
11	378
11	382
11	449
11	547
11	582
11	621
11	628
11	663
11	711
11	794
11	894
11	900
11	968
12	386
12	403
12	446
12	501
12	606
12	759
12	782
12	929
12	933
13	127
13	433
13	556
13	577
13	704
13	770
13	860
14	269
14	422
14	531
15	172
15	210
15	268
15	305
15	307
15	431
15	686
15	730
15	791
15	879
16	95
16	248
16	260
16	310
16	315
16	343
16	446
16	501
16	513
16	701
16	862
16	888
16	892
16	987
16	995
17	75
17	81
17	97
17	119
17	127
17	465
17	565
17	588
17	593
17	611
17	662
17	774
17	862
18	322
18	333
19	60
19	123
19	716
19	719
19	783
20	25
20	156
20	316
20	801
21	26
21	126
21	435
21	724
21	805
21	822
22	70
22	691
23	293
23	510
24	101
24	138
24	140
24	308
24	315
24	346
24	368
24	377
24	408
24	486
24	511
24	550
24	572
24	608
24	642
24	758
24	760
24	808
24	871
25	90
25	109
25	110
25	155
25	566
25	623
25	637
25	813
25	881
25	986
26	162
26	344
26	657
26	783
26	842
26	948
27	80
27	165
27	171
27	465
27	496
27	758
27	959
28	75
28	79
28	165
28	349
28	405
28	457
28	606
28	903
28	912
28	951
29	61
29	329
29	513
29	612
29	670
29	761
29	883
29	898
29	997
30	101
30	366
30	412
30	459
30	505
30	599
30	607
30	647
30	808
30	843
30	871
30	902
30	946
30	966
30	970
31	46
31	456
32	63
32	130
32	137
32	150
32	202
32	268
32	308
32	312
32	371
32	436
32	547
32	553
32	564
32	608
32	692
32	693
32	713
32	771
32	808
32	819
32	992
33	72
33	157
33	257
33	308
33	327
33	364
33	428
33	448
33	555
33	663
33	718
33	729
33	799
33	812
33	934
33	946
34	248
34	331
34	366
34	424
34	551
34	570
34	572
34	615
34	681
34	753
34	775
34	886
35	218
35	228
35	360
35	448
35	455
35	480
35	566
35	577
35	579
35	669
35	707
35	741
36	97
36	227
36	279
36	324
36	332
36	494
36	685
36	688
36	797
37	51
37	58
37	60
37	118
37	130
37	209
37	222
37	230
37	238
37	245
37	276
37	367
37	468
37	540
37	564
37	683
37	723
37	735
37	739
37	747
37	786
37	907
37	954
37	959
37	962
37	992
38	40
38	311
38	313
38	552
38	564
38	572
38	655
38	663
38	729
38	925
38	983
38	986
39	90
39	155
39	261
39	298
39	308
39	436
39	445
39	534
39	574
39	642
39	788
39	808
40	121
40	170
40	182
40	188
40	289
40	503
40	511
40	538
40	569
40	663
40	760
40	814
40	843
40	868
40	899
40	954
41	195
41	230
41	290
41	468
41	679
41	989
42	890
42	912
42	941
42	954
43	293
43	521
43	700
43	964
44	244
44	276
44	317
44	371
44	386
44	436
44	570
44	687
44	774
44	799
44	824
44	851
44	897
44	973
45	78
45	111
45	170
45	311
45	727
45	921
46	336
46	863
46	876
46	964
47	135
47	153
47	196
47	312
47	320
47	847
47	883
47	917
47	984
48	90
48	230
48	382
48	424
48	450
48	470
48	499
48	543
48	564
48	734
48	773
48	783
49	216
49	504
49	519
49	603
49	604
49	797
50	78
50	111
50	241
50	491
50	727
50	874
51	75
51	244
51	415
51	457
51	582
51	589
51	594
51	603
51	645
51	774
51	797
51	817
51	934
52	281
52	289
52	459
52	578
52	580
52	628
52	773
52	780
52	788
52	794
52	901
53	179
53	198
53	255
53	256
53	420
53	445
53	466
53	522
53	545
53	571
53	593
53	624
53	789
53	812
53	862
53	871
53	906
54	153
54	194
54	197
54	255
54	275
54	310
54	562
54	588
54	614
54	837
55	154
55	294
55	343
55	451
55	504
55	689
55	751
55	933
55	997
57	67
57	155
57	245
57	248
57	377
57	421
57	492
57	511
57	522
57	534
57	565
57	621
57	758
57	774
57	843
57	851
57	868
57	877
57	888
58	118
58	180
58	208
58	212
58	230
58	257
58	317
58	470
58	543
58	591
58	623
58	639
58	679
58	735
58	739
58	783
58	786
58	802
58	853
58	959
59	67
59	129
59	137
59	186
59	233
59	378
59	453
59	476
59	566
59	572
59	596
59	600
59	654
59	748
59	788
59	885
59	938
60	66
60	322
60	364
60	469
60	601
61	64
61	67
61	157
61	233
61	312
61	338
61	609
61	628
61	636
61	647
61	692
61	759
61	871
61	934
63	90
63	121
63	256
63	258
63	268
63	338
63	408
63	505
63	546
63	621
63	654
63	705
63	865
64	153
64	184
64	256
64	267
64	284
64	481
64	552
64	630
64	650
64	864
64	871
64	890
64	932
64	964
66	180
66	205
66	212
66	467
66	543
66	553
66	558
66	631
66	674
66	924
66	942
66	959
67	83
67	94
67	329
67	331
67	345
67	420
67	565
67	692
67	978
67	995
68	135
68	140
68	152
68	311
68	334
68	541
68	559
68	596
68	660
68	709
68	827
68	886
68	914
69	83
69	184
69	248
69	250
69	345
69	352
69	386
69	438
69	492
69	532
69	590
69	610
69	630
69	899
69	978
69	981
70	78
70	763
70	828
70	900
70	905
71	351
71	441
71	697
72	147
72	162
72	205
72	206
72	398
72	443
72	619
72	734
72	973
73	175
73	333
73	637
73	706
73	928
74	243
74	362
74	587
74	757
74	818
75	91
75	212
75	386
75	402
75	569
75	603
75	694
75	864
75	894
75	959
75	969
75	986
76	100
76	115
76	153
76	183
76	255
76	415
76	426
76	472
76	774
76	933
77	173
77	199
77	348
77	617
77	891
78	105
78	158
78	361
78	549
78	655
78	736
78	905
78	995
79	83
79	86
79	184
79	196
79	197
79	522
79	641
79	834
79	865
79	957
79	961
79	964
80	97
80	198
80	212
80	290
80	350
80	367
80	487
80	497
80	532
80	729
80	747
80	758
80	829
80	912
81	89
81	165
81	179
81	236
81	622
81	713
82	710
82	719
82	728
82	787
82	848
83	127
83	194
83	257
83	258
83	317
83	405
83	552
83	562
83	582
83	715
83	868
83	906
83	932
83	969
84	161
84	189
84	204
84	567
85	268
85	793
85	887
86	297
86	906
86	957
86	973
87	238
87	259
87	335
87	467
87	487
87	543
87	594
87	680
87	723
87	842
87	915
87	948
87	954
88	194
88	258
88	284
88	297
88	329
88	331
88	522
88	713
89	177
89	286
89	405
89	415
89	423
89	519
89	523
89	630
89	774
89	964
90	110
90	112
90	132
90	135
90	145
90	181
90	210
90	257
90	308
90	479
90	547
90	552
90	640
90	718
90	750
90	794
90	839
90	907
90	968
91	213
91	287
91	388
91	415
91	427
91	863
91	890
92	121
92	139
92	249
92	256
92	300
92	366
92	384
92	438
92	461
92	546
92	585
92	658
92	665
92	705
92	781
92	928
92	993
93	141
94	259
94	574
94	589
94	645
94	749
94	864
94	877
94	943
95	120
95	184
95	619
95	628
95	687
95	764
95	777
95	808
95	834
95	894
96	474
97	110
97	236
97	240
97	338
97	349
97	405
97	513
97	514
97	687
97	774
97	916
97	933
97	935
97	957
97	986
98	305
99	133
99	224
99	317
99	543
99	739
100	194
100	275
100	297
100	368
100	520
100	569
100	677
100	774
100	784
100	883
100	978
100	984
101	188
101	346
101	446
101	497
101	503
101	571
101	572
101	596
101	725
101	743
101	824
101	852
101	869
101	885
101	902
101	942
102	451
103	441
103	484
103	746
104	380
104	450
104	506
104	648
105	549
105	730
105	931
105	976
106	132
106	204
106	410
106	482
106	535
106	626
106	695
106	741
106	755
106	807
106	808
106	892
106	946
107	201
107	330
107	425
107	479
107	556
107	559
107	673
107	721
107	875
107	931
108	225
108	451
109	138
109	175
109	250
109	326
109	382
109	384
109	395
109	447
109	448
109	450
109	540
109	547
109	568
109	634
109	642
109	854
109	962
110	157
110	198
110	251
110	258
110	312
110	377
110	496
110	646
110	701
110	780
110	814
110	918
110	981
111	241
111	315
111	358
111	437
111	441
111	462
111	559
111	914
112	140
112	150
112	201
112	315
112	364
112	451
112	513
112	534
112	551
112	596
112	638
112	647
112	669
112	736
112	775
112	788
112	812
112	871
114	207
114	328
114	385
114	448
114	484
115	119
115	209
115	295
115	343
115	563
115	652
115	745
115	951
116	396
116	456
116	477
116	764
117	890
117	961
118	123
118	193
118	202
118	381
118	569
118	649
118	824
118	872
118	989
119	142
119	180
119	212
119	298
119	409
119	662
119	687
119	691
119	745
119	862
119	930
119	942
120	231
120	379
120	395
120	452
120	568
120	589
120	631
120	634
120	742
120	770
120	847
121	122
121	138
121	157
121	180
121	182
121	188
121	250
121	308
121	370
121	378
121	505
121	690
121	705
121	711
121	718
121	733
121	776
121	794
121	808
121	899
121	942
121	946
121	995
122	155
122	268
122	346
122	352
122	394
122	410
122	461
122	636
122	658
122	694
122	702
122	758
122	788
122	794
122	869
123	274
123	381
123	543
123	716
123	732
124	302
124	611
124	872
124	954
126	164
126	190
126	204
126	429
126	579
126	821
126	983
127	142
127	184
127	245
127	287
127	415
127	487
127	717
127	762
127	851
127	871
127	959
128	171
128	244
128	248
128	257
128	320
128	377
128	404
128	470
128	486
128	540
128	564
128	647
128	663
128	665
128	742
128	764
128	787
128	871
128	892
128	899
128	946
128	981
128	990
128	998
129	140
129	169
129	307
129	337
129	491
129	580
129	793
129	821
129	835
130	249
130	261
130	287
130	386
130	396
130	537
130	687
130	745
130	863
130	865
130	881
130	891
131	337
131	433
131	435
131	488
131	490
131	491
131	925
132	164
132	166
132	217
132	242
132	352
132	435
132	449
132	583
132	725
132	734
132	780
133	231
133	306
133	350
133	941
134	198
134	379
134	574
134	591
134	636
134	652
134	851
135	315
135	445
135	545
135	599
135	621
135	830
135	888
135	943
135	993
136	199
136	414
136	444
136	456
136	631
136	649
136	769
136	872
136	929
137	155
137	181
137	236
137	257
137	258
137	542
137	631
137	645
137	702
137	729
137	834
137	918
138	182
138	186
138	429
138	445
138	449
138	505
138	647
138	658
138	718
138	788
138	968
139	614
139	622
139	681
139	781
139	917
140	182
140	201
140	313
140	448
140	453
140	491
140	578
140	625
140	657
140	752
140	812
140	826
140	843
141	675
142	464
142	594
142	863
142	898
142	935
142	936
143	153
143	260
143	279
143	294
143	332
143	419
143	689
144	165
144	317
144	363
144	367
144	447
144	450
144	582
144	847
144	954
145	182
145	188
145	235
145	410
145	503
145	511
145	564
145	572
145	608
145	743
145	843
145	870
145	928
146	173
146	310
146	603
146	744
146	751
146	761
147	164
147	243
147	374
147	429
147	489
147	577
147	787
147	916
149	318
149	334
149	517
149	522
149	756
150	315
150	364
150	459
150	538
150	545
150	599
150	600
150	654
150	660
150	665
150	666
150	921
151	175
151	182
151	206
151	333
151	447
151	452
151	467
151	469
151	492
151	571
151	693
151	707
151	742
151	767
151	983
152	169
152	207
152	277
152	285
152	458
152	484
152	596
152	727
152	730
152	926
153	194
153	216
153	485
153	520
153	665
153	784
153	824
153	898
154	563
154	590
154	614
154	784
155	188
155	371
155	379
155	486
155	511
155	647
155	663
155	691
155	729
155	762
155	764
155	840
155	950
156	186
156	598
156	639
156	661
156	699
156	724
156	741
156	853
156	937
157	236
157	251
157	257
157	377
157	421
157	511
157	513
157	894
157	998
158	210
158	278
158	297
158	399
158	461
158	545
158	830
159	161
159	172
159	304
159	315
159	538
159	551
159	665
159	760
159	869
159	983
160	288
160	550
160	628
160	743
160	841
160	843
160	902
160	958
161	264
161	466
161	473
161	578
161	625
161	725
161	766
161	923
162	175
162	302
162	407
162	467
162	470
162	497
162	499
162	543
162	564
162	591
162	783
162	872
162	918
163	200
163	627
163	790
164	202
164	229
164	352
164	404
164	433
164	448
164	634
164	673
164	773
164	909
164	919
165	287
165	368
165	444
165	447
165	450
165	687
165	717
165	726
165	802
166	188
166	352
166	378
166	384
166	492
166	505
166	535
166	552
166	637
166	654
166	699
166	704
166	706
166	752
166	847
166	864
167	168
167	361
167	530
167	640
167	644
167	650
167	666
167	880
167	905
167	931
167	977
169	328
169	338
169	358
169	385
169	466
169	549
169	791
169	885
169	905
169	914
169	960
169	976
170	307
170	441
170	513
170	615
170	686
170	721
170	775
170	781
170	870
170	886
170	958
170	999
171	177
171	276
171	402
171	464
171	481
171	501
171	525
171	535
171	558
171	569
171	603
171	631
171	767
171	789
171	847
171	890
171	897
172	246
172	262
172	301
172	542
172	546
172	573
172	638
172	665
172	666
172	709
172	977
173	199
173	972
174	268
174	666
174	880
174	886
175	228
175	395
175	452
175	467
175	469
175	493
175	544
175	566
175	574
175	680
175	690
175	701
175	733
175	859
176	319
176	358
177	353
177	405
177	465
177	501
177	537
177	569
177	758
177	799
177	839
177	907
178	596
178	644
179	196
179	284
179	300
179	301
179	514
179	551
179	691
179	702
179	705
179	749
179	759
179	762
179	789
179	888
179	916
179	987
179	993
180	208
180	240
180	353
180	386
180	450
180	533
180	589
180	771
180	786
180	820
180	857
180	864
180	912
180	915
180	954
180	989
180	992
181	261
181	430
181	455
181	564
181	647
181	718
181	738
181	783
181	894
181	943
182	188
182	268
182	303
182	346
182	438
182	452
182	455
182	608
182	639
182	713
182	767
182	814
182	843
183	216
183	259
183	275
183	426
183	510
183	514
183	570
183	758
183	883
183	936
184	257
184	259
184	307
184	412
184	438
184	674
184	694
184	705
184	711
184	771
184	891
184	962
184	969
184	998
186	281
186	435
186	437
186	696
186	724
186	725
186	741
186	780
186	822
186	832
186	925
187	449
187	598
187	741
187	860
187	974
188	261
188	300
188	315
188	320
188	346
188	370
188	378
188	539
188	550
188	634
188	638
188	752
188	762
188	843
188	868
188	899
188	923
189	587
189	806
189	928
190	734
190	752
190	755
190	832
190	990
191	204
191	397
191	417
191	435
191	576
191	579
191	626
191	854
191	920
191	946
192	206
192	362
192	383
193	224
193	230
193	450
193	535
193	780
193	842
194	270
194	284
194	320
194	399
194	430
194	522
194	562
194	611
194	677
194	871
194	917
194	964
195	221
195	349
195	533
196	249
196	304
196	442
196	483
196	487
196	636
196	662
196	692
196	771
196	775
196	877
196	986
197	329
197	343
197	603
197	636
197	751
197	883
197	977
198	248
198	256
198	258
198	552
198	554
198	565
198	589
198	590
198	774
198	869
199	687
199	913
200	281
200	323
200	356
200	482
200	766
200	821
200	822
201	303
201	541
201	555
201	660
201	776
201	920
201	966
202	209
202	317
202	379
202	450
202	478
202	553
202	564
202	712
202	764
202	783
202	802
202	892
203	220
203	350
203	839
203	849
204	354
204	619
204	637
204	718
204	748
204	750
204	768
204	790
204	820
204	983
205	306
205	716
205	872
206	217
206	228
206	309
206	718
207	247
207	277
207	285
207	453
207	482
207	509
207	550
207	810
207	880
207	885
207	999
208	209
208	220
208	309
208	467
208	679
208	693
208	712
208	786
208	794
209	221
209	371
209	623
209	726
209	959
210	248
210	270
210	346
210	479
210	496
210	556
210	571
210	634
210	654
210	663
210	701
210	819
210	834
210	899
210	983
211	616
212	244
212	349
212	396
212	569
212	574
212	674
212	693
212	747
212	782
212	863
212	864
212	973
213	252
213	423
213	933
213	967
214	521
214	971
215	391
216	440
216	464
216	656
216	668
216	751
216	911
216	930
216	961
217	362
217	410
217	473
217	480
217	577
217	680
217	704
217	770
217	975
218	243
218	526
219	352
219	356
219	509
219	856
220	468
220	577
220	783
220	829
220	849
220	859
221	240
221	342
221	683
221	965
222	317
222	335
222	350
222	375
222	591
222	623
222	710
222	735
222	904
223	448
223	660
223	698
223	920
224	360
224	375
224	380
224	469
224	595
224	648
224	684
224	712
224	820
224	872
224	904
225	307
225	324
225	373
225	737
225	908
227	495
228	288
228	323
228	330
228	480
228	718
228	788
228	909
228	974
229	634
229	661
229	790
229	825
229	925
229	956
230	259
230	276
230	326
230	327
230	363
230	511
230	537
230	589
230	591
230	623
230	648
230	762
230	786
230	802
230	989
230	992
231	327
231	407
231	469
231	487
231	553
231	710
231	712
231	724
231	738
232	602
233	256
233	262
233	329
233	377
233	551
233	599
233	662
233	709
233	812
233	843
235	242
235	420
235	596
235	914
236	244
236	258
236	345
236	371
236	430
236	457
236	542
236	553
236	565
236	582
236	621
236	647
236	672
236	693
236	877
236	884
236	943
236	987
237	607
237	825
238	353
238	470
238	532
238	648
238	679
238	683
238	807
238	872
238	912
238	918
239	629
239	766
239	818
240	591
240	631
240	679
240	829
240	877
240	969
240	973
241	277
241	325
241	458
241	602
241	721
241	889
241	926
242	352
242	354
242	448
242	486
242	579
242	718
242	808
242	871
242	901
242	937
242	946
243	460
243	770
243	801
243	949
243	956
244	290
244	367
244	368
244	402
244	465
244	606
244	864
244	868
244	877
244	924
244	935
244	962
245	257
245	384
245	395
245	421
245	589
245	674
245	692
245	764
245	814
245	918
246	262
246	301
246	572
246	686
246	709
246	886
246	900
246	958
247	521
247	746
248	252
248	338
248	346
248	379
248	511
248	546
248	647
248	680
248	692
248	771
248	814
248	847
248	942
248	986
248	993
249	267
249	300
249	430
249	433
249	472
249	522
249	570
249	665
249	705
249	775
249	789
249	942
249	968
250	352
250	378
250	543
250	680
250	715
250	794
250	922
251	258
251	303
251	364
251	436
251	452
251	470
251	552
251	568
251	680
251	714
251	780
251	814
251	868
251	907
251	983
252	276
252	284
252	334
252	504
252	520
252	542
252	589
252	593
252	687
252	701
252	978
252	984
254	334
254	781
254	866
254	945
255	530
255	610
255	813
255	862
255	880
255	977
256	275
256	278
256	338
256	366
256	420
256	436
256	534
256	538
256	555
256	662
256	709
256	759
256	772
256	812
256	871
256	946
256	995
257	382
257	446
257	447
257	470
257	505
257	693
257	738
257	808
257	899
258	315
258	338
258	366
258	570
258	611
258	613
258	630
258	654
258	662
258	808
258	837
259	558
259	564
259	589
259	634
259	907
259	962
260	321
260	565
260	656
260	677
260	984
261	313
261	317
261	404
261	436
261	542
261	574
261	575
261	672
261	679
261	694
261	758
261	891
261	912
261	916
262	503
262	545
262	613
262	641
262	686
262	753
262	917
262	931
263	473
263	699
263	882
264	323
264	330
264	352
264	385
264	417
264	421
264	453
264	462
264	509
264	556
264	580
264	596
264	793
264	870
264	946
266	336
267	295
267	300
267	409
267	530
267	614
267	636
267	709
267	888
267	894
267	917
268	320
268	486
268	570
268	717
268	733
268	781
268	788
268	814
268	834
268	864
268	923
268	942
268	946
268	968
268	993
268	995
269	754
270	300
270	338
270	420
270	621
270	660
270	935
271	304
271	385
271	599
271	774
271	826
271	871
271	923
271	931
271	966
272	656
272	803
273	283
273	734
274	683
274	785
274	849
274	872
275	312
275	426
275	883
276	396
276	465
276	499
276	589
276	742
276	864
276	942
276	962
276	969
276	998
277	285
277	459
277	484
277	599
277	600
277	698
277	810
277	833
277	928
278	301
278	304
278	550
278	565
278	662
278	736
278	808
278	977
279	282
279	520
279	685
279	689
280	330
280	484
280	602
280	703
280	971
281	382
281	384
281	578
281	592
281	599
281	793
282	294
282	923
282	945
283	362
283	397
283	452
283	475
283	507
283	578
283	707
283	859
283	909
284	345
284	366
284	436
284	438
284	494
284	652
284	691
284	745
284	775
284	837
285	613
285	686
285	727
285	923
285	931
286	409
286	554
286	758
286	897
286	933
287	348
287	368
287	439
287	457
287	519
287	562
287	883
287	978
288	289
288	308
288	382
288	417
288	559
288	608
288	638
288	646
288	658
288	707
288	718
288	725
288	780
288	790
288	854
288	870
288	875
288	938
288	983
289	453
289	550
289	580
289	718
289	767
289	788
289	852
289	885
289	920
289	923
289	928
290	365
290	525
290	954
291	597
291	708
292	434
292	635
293	305
293	420
293	428
293	430
293	482
293	654
293	823
293	917
293	921
293	958
293	966
293	968
294	676
295	430
295	593
295	610
295	636
295	775
295	883
295	964
296	325
296	401
296	459
296	920
296	947
297	349
297	391
297	409
297	562
297	862
298	338
298	377
298	421
298	457
298	499
298	538
298	672
298	694
298	742
298	745
298	764
298	837
298	868
298	877
298	978
300	331
300	346
300	424
300	438
300	447
300	513
300	522
300	555
300	570
300	608
300	662
300	717
300	973
300	995
301	319
301	399
301	451
301	472
301	547
302	631
302	710
303	417
303	421
303	433
303	534
303	583
303	658
303	721
303	764
303	767
303	788
303	820
303	902
303	946
304	366
304	421
304	425
304	538
304	542
304	613
304	672
304	709
304	760
304	809
305	441
305	615
305	665
305	721
305	759
305	772
305	931
306	350
306	732
306	785
306	872
307	622
307	666
307	730
307	760
307	772
307	968
308	344
308	385
308	428
308	486
308	552
308	572
308	715
308	729
308	752
308	788
308	808
308	841
308	938
309	328
309	362
309	376
309	449
309	639
309	642
309	706
309	711
309	773
309	780
309	937
309	981
310	689
310	797
310	930
310	957
311	530
311	678
311	690
311	721
311	838
311	879
311	886
311	914
312	364
312	370
312	590
312	690
312	702
312	834
313	382
313	534
313	767
313	901
313	983
314	516
314	835
314	861
314	952
315	366
315	371
315	408
315	438
315	551
315	555
315	613
315	678
315	705
315	899
315	968
315	995
317	400
317	520
317	619
317	620
317	623
317	631
317	642
317	684
317	726
317	739
317	747
317	767
317	851
317	969
317	989
317	992
319	572
319	599
319	921
320	345
320	364
320	417
320	443
320	481
320	503
320	511
320	513
320	749
320	750
320	834
321	604
321	890
321	961
321	978
322	574
322	657
322	706
322	733
322	904
323	578
323	767
324	883
324	997
325	337
325	425
325	626
325	682
325	810
326	575
326	735
326	807
327	452
327	455
327	506
327	989
328	572
328	633
328	886
328	971
329	409
329	426
329	614
329	638
329	883
330	417
330	429
330	793
330	822
330	885
330	923
330	940
331	361
331	366
331	420
331	503
331	709
331	750
331	838
331	871
331	888
331	919
331	930
333	381
333	432
333	680
333	704
333	783
333	948
333	956
334	494
334	681
334	823
335	379
335	407
335	535
335	591
335	648
335	679
335	706
335	723
335	807
335	872
335	915
335	942
336	440
336	816
337	385
337	392
337	422
337	435
337	581
337	725
337	963
338	412
338	428
338	445
338	505
338	511
338	553
338	593
338	611
338	613
338	690
338	692
338	762
338	775
338	862
338	863
338	888
339	617
340	818
341	629
341	754
342	651
343	412
343	428
343	438
343	510
343	588
343	662
343	677
343	681
343	767
344	375
344	469
344	565
344	589
344	680
344	712
344	742
344	750
344	915
344	943
345	371
345	409
345	610
345	615
345	701
345	731
345	738
345	834
345	891
346	439
346	445
346	505
346	568
346	647
346	654
346	729
346	854
347	602
347	874
348	604
348	851
349	562
349	589
349	630
349	636
349	865
349	916
349	978
349	998
350	468
350	683
350	711
350	904
350	953
351	431
351	887
352	572
352	583
352	590
352	725
352	826
352	894
352	899
353	400
353	465
353	501
353	582
353	606
353	684
353	722
354	395
354	443
354	449
354	455
354	579
354	699
354	745
354	771
356	453
356	497
356	715
356	748
358	441
358	660
358	709
358	875
358	950
358	960
358	999
359	414
360	362
360	398
360	429
360	435
360	473
360	480
360	578
360	699
360	707
360	718
360	742
360	773
360	970
362	524
362	583
362	599
362	724
362	733
362	975
363	402
363	457
363	542
363	569
363	611
363	638
363	694
363	829
363	847
364	421
364	445
364	496
364	503
364	513
364	551
364	660
364	709
364	761
364	762
364	855
364	906
364	981
364	986
365	525
365	679
365	950
365	989
366	503
366	558
366	603
366	621
366	662
366	672
366	692
366	737
366	762
366	879
367	396
367	450
367	544
367	673
367	747
367	817
367	863
367	865
367	912
367	915
368	890
368	906
368	935
369	893
370	424
370	551
370	570
370	608
370	736
370	845
370	920
371	410
371	636
371	693
371	891
371	897
371	915
371	959
371	962
372	409
372	495
372	514
372	751
372	939
374	801
375	716
375	777
375	859
375	922
376	407
376	577
376	749
376	764
376	793
376	904
376	907
376	916
377	482
377	499
377	534
377	552
377	609
377	638
377	654
377	672
377	677
377	702
377	749
377	794
378	400
378	486
378	634
378	657
378	718
378	729
378	764
378	787
378	808
378	943
379	464
379	575
379	637
379	752
379	774
379	807
379	854
379	864
380	407
380	497
380	755
380	922
380	989
381	469
381	478
381	561
381	872
382	397
382	404
382	443
382	497
382	634
382	669
382	734
382	742
382	776
382	783
382	916
383	435
383	956
384	486
384	534
384	564
384	663
384	691
384	767
384	847
384	860
384	894
384	916
384	947
384	958
385	433
385	509
385	576
385	581
385	810
385	885
385	988
386	496
386	540
386	565
386	589
386	591
386	687
386	722
386	847
386	863
386	868
387	842
387	922
387	990
388	423
388	501
388	519
388	529
388	617
390	441
390	838
391	939
391	982
392	466
392	615
392	976
393	910
394	448
394	458
394	550
394	570
394	767
394	870
394	871
394	946
394	981
395	679
395	680
395	734
395	742
395	842
395	843
396	764
396	959
397	626
397	696
397	741
397	766
397	768
397	805
397	884
397	928
398	575
398	663
398	699
398	704
398	711
398	743
398	783
399	430
399	522
399	614
399	615
399	736
399	837
399	898
400	444
400	467
400	558
400	623
400	802
400	824
400	907
400	912
400	954
401	625
402	447
402	457
402	533
402	542
402	623
402	687
402	774
402	894
402	953
402	984
402	992
403	536
404	433
404	481
404	566
404	580
404	623
404	680
404	712
404	734
404	777
404	860
404	918
405	694
405	774
405	803
405	863
405	912
405	933
405	957
405	998
406	479
406	485
406	585
406	615
406	622
407	525
407	543
407	648
407	701
407	711
407	735
407	786
407	881
407	904
407	936
408	466
408	476
408	479
408	568
408	570
408	718
408	733
408	781
408	894
409	677
409	759
409	830
409	841
409	898
409	964
410	658
410	724
410	741
412	499
412	611
412	691
412	694
412	819
413	501
413	504
413	520
413	677
413	978
415	444
415	464
415	514
415	593
415	630
415	936
415	984
416	529
416	933
416	991
417	428
417	482
417	528
417	628
417	704
417	709
417	822
417	852
417	870
417	901
417	920
417	923
417	995
418	719
418	801
418	867
420	609
420	759
420	767
420	934
420	964
420	995
421	447
421	505
421	570
421	590
421	692
421	717
421	749
421	899
421	906
422	682
423	464
423	481
423	537
423	782
423	907
423	930
424	458
424	545
424	572
424	691
424	736
424	763
424	772
425	592
425	669
425	696
425	826
425	920
425	928
426	431
426	590
426	610
426	612
426	622
426	701
426	753
426	772
426	809
426	958
426	997
427	499
427	722
427	807
427	817
427	863
427	890
427	954
427	989
428	445
428	547
428	552
428	569
428	571
428	634
428	645
428	738
428	771
428	899
429	473
429	551
429	628
429	790
430	495
430	510
430	614
430	834
430	898
430	932
432	493
432	601
432	659
432	712
432	801
432	853
432	892
432	990
433	575
433	742
433	755
433	916
435	480
435	628
435	780
435	788
435	790
435	821
435	855
435	919
435	923
435	935
435	937
435	970
436	470
436	542
436	590
436	645
436	693
436	694
436	729
436	764
436	983
437	581
437	805
437	940
437	947
437	956
438	439
438	486
438	552
438	654
438	738
438	789
438	834
438	847
438	857
439	499
439	520
439	562
439	645
439	656
439	964
439	967
439	984
440	685
440	689
440	761
440	979
440	982
441	655
441	698
441	880
441	926
442	485
442	494
442	640
442	700
442	737
443	455
443	566
443	657
443	673
443	704
443	707
443	768
443	788
443	860
443	892
443	918
443	970
444	464
444	936
445	503
445	534
445	547
445	570
445	654
445	769
445	775
445	776
445	864
445	879
445	892
445	942
445	946
445	957
446	487
446	496
446	611
446	758
446	762
446	808
446	855
446	865
446	897
446	906
446	935
446	973
447	544
447	637
447	864
447	877
447	957
447	959
448	680
448	699
448	717
448	780
448	843
448	942
449	619
449	715
449	748
449	970
450	506
450	595
450	680
450	723
450	739
451	677
451	689
451	751
452	525
452	680
452	707
452	738
452	767
452	832
453	482
453	550
453	580
453	625
453	810
453	854
454	459
454	727
454	822
454	826
454	926
454	999
455	480
455	493
455	558
455	707
455	733
455	770
455	860
455	899
455	937
455	954
456	542
456	684
457	487
457	499
457	593
457	652
457	687
457	758
457	771
457	783
457	832
457	834
457	862
457	863
457	893
458	459
458	479
458	490
458	531
458	538
458	600
458	776
458	899
458	995
459	463
459	490
459	901
459	970
460	475
460	806
460	956
461	481
461	709
461	791
461	812
461	871
461	888
461	993
462	596
462	669
462	727
462	729
462	920
463	856
464	501
464	537
464	693
464	911
465	537
465	606
465	623
465	649
465	684
465	731
465	911
465	912
465	991
466	559
467	478
467	595
467	679
467	712
467	735
467	842
468	478
468	732
468	850
469	799
469	975
470	543
470	553
470	593
470	608
470	634
470	732
470	777
472	614
472	621
472	681
472	736
472	930
472	939
472	977
473	576
473	628
473	714
473	767
473	808
473	821
473	825
473	843
473	860
473	970
475	707
475	853
476	570
476	660
476	669
476	686
476	812
476	968
477	561
477	747
478	723
478	927
479	750
479	763
479	772
479	780
480	568
480	639
480	642
480	669
480	707
480	741
480	767
480	909
481	562
481	742
481	851
481	942
482	576
482	600
482	736
482	879
482	928
482	940
482	968
483	979
484	602
485	494
485	510
485	794
485	803
485	813
486	492
486	534
486	570
486	808
486	819
486	871
486	899
486	942
487	496
487	513
487	610
487	789
487	847
487	891
487	899
487	959
488	682
488	793
489	637
489	704
489	848
489	854
489	975
490	576
490	581
490	673
490	682
490	988
491	578
491	581
491	682
491	835
491	870
491	928
491	988
492	505
492	513
492	534
492	634
492	657
492	677
492	717
492	787
492	810
492	868
492	959
493	607
493	715
493	783
494	612
494	908
494	977
495	903
496	672
496	674
496	762
496	767
496	775
496	813
496	851
496	916
496	977
497	566
497	590
497	680
497	767
497	768
497	777
497	832
497	919
497	922
499	569
499	589
499	647
499	731
499	771
499	808
499	863
499	868
499	899
499	981
501	603
501	684
501	851
501	863
501	961
501	967
501	980
503	611
503	638
503	993
503	995
504	588
504	751
504	761
504	939
505	647
505	672
505	687
505	690
505	717
505	729
505	742
505	745
505	899
505	942
506	575
506	601
506	679
507	619
507	642
507	949
508	959
509	811
509	822
509	947
509	970
510	530
510	554
510	634
510	737
510	977
510	997
511	570
511	634
511	819
511	834
511	864
513	554
513	590
513	638
513	714
513	750
513	871
513	942
513	951
514	621
514	761
514	775
514	797
514	862
514	898
515	517
516	629
516	818
517	828
519	903
520	630
520	636
520	694
520	851
520	862
520	890
520	930
520	998
521	559
521	703
521	805
522	530
522	624
523	689
523	816
524	567
524	655
524	695
524	748
524	821
525	595
525	623
525	631
525	723
525	829
526	710
527	929
528	766
529	911
529	991
530	542
530	737
530	968
531	602
531	727
531	926
532	553
532	722
532	731
532	735
532	738
532	799
533	537
533	560
533	679
533	735
533	824
534	654
534	780
534	794
534	814
534	871
534	888
534	983
535	783
535	904
536	927
537	761
537	978
537	986
538	550
538	601
538	615
538	681
538	691
538	760
538	776
538	871
538	938
539	547
539	613
539	638
539	690
539	760
539	871
539	920
539	988
539	993
540	591
540	735
540	783
541	960
542	589
542	603
542	646
542	694
542	738
542	742
542	745
542	749
542	788
542	894
542	918
543	553
543	680
543	714
543	719
543	752
544	574
544	631
544	881
544	973
545	554
545	624
545	691
545	737
545	841
545	847
545	886
546	555
546	663
546	869
546	899
546	942
547	571
547	580
547	590
547	642
547	729
547	742
547	752
547	881
548	700
549	555
549	660
550	596
550	695
550	743
550	810
551	609
551	614
551	665
551	745
551	772
551	958
552	780
552	918
552	959
553	558
553	591
553	645
553	692
553	710
553	981
553	989
554	624
554	674
554	705
554	737
554	968
555	571
555	599
555	622
555	638
555	662
555	686
555	760
555	819
555	834
555	869
555	958
555	993
556	596
556	654
556	702
556	713
556	826
556	841
556	966
556	981
557	858
558	590
558	657
558	738
558	742
558	749
558	777
558	843
558	881
558	904
559	781
559	926
559	971
561	785
561	857
562	565
562	604
562	641
562	779
563	813
563	903
563	955
564	589
564	608
564	645
564	762
564	764
564	789
564	916
565	610
565	687
565	758
565	814
565	915
566	575
566	623
566	680
566	742
566	749
566	764
567	586
567	725
567	818
567	822
568	637
568	734
568	821
569	692
570	942
570	946
571	622
571	642
571	775
571	820
571	920
571	999
572	585
572	791
572	826
572	845
572	966
574	645
574	651
574	674
574	687
574	693
574	701
574	802
574	897
574	912
574	915
574	989
575	613
575	680
575	693
575	885
575	909
575	943
575	981
576	947
576	963
577	639
577	695
577	842
577	860
578	596
578	626
578	686
578	725
578	793
578	822
578	899
578	983
579	806
579	919
579	956
580	646
580	845
580	937
581	625
582	593
582	847
582	964
582	992
583	725
583	734
583	768
585	662
585	686
585	753
585	789
585	886
586	696
586	766
586	806
588	677
588	789
589	611
589	623
589	712
589	742
589	745
589	865
589	898
590	738
590	749
590	770
590	877
590	899
591	648
591	679
591	739
591	745
591	762
591	786
591	829
591	854
591	877
591	892
591	907
592	886
593	891
593	935
593	986
593	998
594	951
595	738
595	792
595	849
595	859
595	863
595	872
595	989
596	626
596	760
596	789
596	798
596	811
596	841
596	855
596	902
596	923
597	708
598	848
598	919
598	974
599	730
599	833
599	869
599	870
599	995
600	697
600	721
600	931
600	947
601	680
601	695
602	926
603	761
603	775
603	891
604	982
606	649
606	657
606	684
606	726
606	799
606	863
606	954
607	801
607	882
608	638
608	760
608	894
608	921
608	938
608	942
609	613
609	678
609	690
609	702
609	779
609	808
609	812
609	852
609	993
610	621
610	883
611	814
611	834
611	906
611	968
612	641
612	908
612	939
613	654
613	691
613	942
614	705
614	888
615	660
615	669
616	756
617	744
617	929
618	649
618	720
618	991
619	734
619	750
619	807
620	749
620	782
620	941
621	674
621	690
621	702
621	794
621	834
621	930
622	640
622	678
622	736
622	921
622	987
623	799
623	829
623	863
623	912
624	745
625	833
625	947
626	673
626	810
626	909
626	928
627	741
627	925
628	673
628	725
628	730
628	870
628	909
628	923
628	993
630	745
630	813
630	862
630	897
631	747
632	948
633	971
634	660
634	773
634	788
634	892
634	906
634	937
634	981
635	676
636	677
636	687
636	692
636	854
636	865
636	981
637	734
637	752
637	854
638	645
638	655
638	780
638	812
638	871
638	934
638	976
640	772
640	828
640	945
641	751
641	803
641	939
642	710
642	841
642	907
645	679
645	752
645	771
645	821
646	852
646	881
646	892
646	928
647	819
647	943
648	787
648	839
648	918
648	942
649	769
650	736
650	827
650	837
652	677
652	679
652	930
653	936
654	730
654	855
654	888
654	934
654	942
654	993
655	727
655	826
655	885
655	999
657	711
657	857
657	859
657	872
657	937
658	752
658	760
658	841
658	940
659	706
659	773
659	777
659	821
659	853
660	698
660	746
660	791
660	810
661	724
662	794
662	877
663	686
663	711
663	738
663	767
663	814
663	834
663	992
663	995
665	809
665	841
665	869
665	888
666	698
666	756
666	781
668	745
668	979
669	690
669	698
669	743
669	760
669	776
670	883
670	977
672	762
672	775
672	819
672	839
672	855
673	741
673	805
673	923
673	946
674	687
674	694
674	771
674	774
674	799
674	820
674	842
674	890
674	894
674	899
674	907
674	943
674	969
675	795
677	883
677	888
677	921
677	958
678	753
678	875
678	886
678	958
679	712
679	807
679	849
679	915
679	954
679	992
680	707
680	742
680	752
680	770
680	881
681	753
681	781
681	880
681	921
682	793
682	835
682	988
683	842
683	953
684	731
684	782
684	792
685	797
685	961
686	772
686	826
686	900
686	958
686	987
687	717
687	758
687	771
687	992
688	803
688	997
689	979
690	753
690	864
690	968
691	705
691	709
691	753
691	763
691	830
691	958
691	987
691	995
692	779
692	854
692	865
692	888
693	832
693	902
693	962
693	989
693	998
694	749
694	769
694	814
694	851
694	969
695	825
696	704
696	949
697	926
697	983
698	727
698	763
698	931
699	707
699	937
699	975
701	758
701	764
701	969
704	714
704	734
704	783
704	948
704	974
705	834
705	869
705	916
706	768
706	783
706	853
706	857
707	711
707	733
707	734
707	780
707	839
709	776
709	869
709	902
709	938
709	968
710	716
710	904
711	752
711	755
711	943
711	986
712	842
712	990
713	989
714	750
714	762
714	773
714	808
714	832
714	841
715	814
715	919
716	842
716	918
717	762
717	883
717	932
717	968
718	755
718	767
718	768
718	909
721	781
722	985
724	790
725	762
725	852
725	868
725	937
726	897
726	973
727	743
727	888
727	920
727	975
728	859
729	750
729	767
729	780
729	788
729	814
729	916
729	993
730	791
730	852
730	870
730	900
731	954
733	788
733	832
733	855
733	970
735	786
735	872
736	921
737	880
737	883
738	819
738	829
738	943
738	995
739	904
739	912
740	747
741	770
741	909
741	919
741	974
742	773
742	783
742	848
742	983
743	776
743	793
743	812
743	832
744	933
745	824
745	890
745	935
745	943
745	986
746	960
747	799
747	992
749	764
749	775
749	799
749	808
749	868
749	894
750	767
750	776
750	788
750	812
750	993
751	906
752	820
752	832
752	918
752	983
753	809
754	766
755	770
755	821
758	864
758	868
758	890
758	986
758	989
759	883
759	977
760	776
760	812
760	870
760	968
761	803
761	903
761	961
762	779
762	877
762	899
762	934
762	986
764	808
764	812
764	820
764	959
766	806
766	952
767	768
767	832
767	909
768	909
768	956
769	778
769	876
769	897
769	989
770	842
770	909
770	922
771	819
771	847
771	851
771	868
771	890
772	879
772	958
772	966
773	787
774	862
774	978
774	981
775	789
775	819
775	907
775	917
776	892
777	934
779	808
779	814
779	851
779	868
779	930
779	957
780	841
781	845
781	917
781	958
782	969
783	807
783	842
784	803
784	903
786	820
786	959
786	964
787	820
787	839
787	857
787	912
788	841
788	843
788	940
789	834
789	883
789	890
789	943
790	970
792	915
792	929
794	998
798	926
801	949
802	824
802	989
803	823
803	883
803	939
805	821
806	956
807	824
807	951
808	868
808	892
809	823
809	917
810	885
811	902
811	970
812	841
812	886
812	921
812	934
812	940
812	987
813	939
814	843
814	868
814	888
814	894
814	907
817	929
817	959
819	830
819	871
820	981
821	822
821	825
821	928
821	970
821	974
822	901
822	925
822	970
822	975
823	837
824	897
825	988
826	855
826	914
828	886
829	834
829	951
829	959
830	880
834	854
834	888
834	894
834	906
840	854
840	948
841	934
842	954
845	875
845	887
845	934
845	966
847	998
849	872
851	865
851	891
851	935
851	957
851	986
852	884
852	901
852	928
852	938
852	946
852	970
853	949
854	907
854	924
856	873
856	963
857	859
857	951
858	910
859	872
859	990
862	865
862	998
863	897
865	890
865	906
868	877
868	904
868	924
868	959
869	958
869	977
869	993
870	901
870	902
870	907
870	966
871	934
871	968
871	988
872	915
872	990
876	911
877	890
877	906
877	917
877	943
877	968
879	940
879	976
880	921
883	891
883	984
884	947
885	923
885	934
886	966
886	988
888	890
888	934
888	958
888	995
890	986
891	897
892	946
894	959
894	981
897	973
898	930
898	932
899	942
901	920
901	928
905	914
905	958
906	957
906	969
907	962
908	910
911	980
914	960
916	962
916	973
916	978
916	989
917	934
917	942
917	961
918	959
920	988
920	999
922	948
923	966
923	976
924	965
925	970
926	931
928	960
930	939
930	969
930	978
931	946
933	957
934	940
934	968
935	957
935	986
938	968
938	999
940	976
942	968
943	959
948	990
950	988
959	989
961	979
965	991
969	973
969	992
983	998
992	995
