0	49
0	261
0	624
0	671
0	672
0	682
0	853
0	888
0	890
0	929
0	978
0	979
1	17
1	56
1	74
1	295
1	605
1	849
2	64
2	113
2	166
2	319
2	325
2	551
2	556
2	592
2	872
2	906
2	974
3	121
3	180
3	209
3	222
3	228
3	343
3	563
3	754
3	761
3	873
3	874
4	70
4	400
4	402
4	508
5	7
5	14
5	107
5	207
5	405
5	474
5	526
5	567
5	576
5	732
5	834
5	940
5	959
6	519
6	587
6	708
6	821
7	137
7	194
7	262
7	587
7	679
7	693
7	738
7	837
7	875
8	12
8	110
8	205
8	253
8	310
8	360
8	432
8	598
8	831
8	918
8	957
9	20
9	101
9	122
9	217
9	218
9	234
9	300
9	386
9	428
9	596
9	606
9	626
9	704
9	727
9	807
9	861
9	996
10	157
10	245
10	419
10	470
10	556
10	593
10	709
10	767
10	789
10	848
10	883
11	43
11	348
11	367
11	780
11	905
11	973
12	82
12	148
12	205
12	253
12	323
12	393
12	425
12	695
12	713
12	717
12	907
12	936
13	52
13	96
13	268
13	365
13	575
13	613
13	615
13	633
13	646
13	666
13	752
13	770
13	779
13	834
13	835
14	194
14	816
15	86
15	320
15	332
15	425
15	679
15	779
15	915
15	925
16	86
16	99
16	147
16	181
16	237
16	262
16	316
16	387
16	491
16	575
16	861
16	930
16	966
17	47
17	124
17	330
17	449
17	535
17	629
17	691
17	698
17	840
17	866
17	902
17	978
18	71
18	167
18	218
18	308
18	349
18	402
18	470
18	474
18	588
18	625
18	727
18	794
18	984
19	31
19	56
19	251
19	334
19	495
19	596
19	868
20	22
20	196
20	245
20	291
20	416
20	883
20	965
21	24
21	75
21	111
21	150
21	281
21	283
21	291
21	358
21	440
21	687
21	695
21	734
21	804
21	841
21	888
21	931
21	934
21	984
22	133
22	351
22	368
22	383
22	794
22	891
23	652
23	756
23	778
23	818
23	899
24	147
24	168
24	263
24	299
24	393
24	455
24	495
24	497
24	500
24	534
24	615
24	648
24	678
24	681
24	695
24	749
24	771
24	809
24	843
24	884
24	934
25	56
25	102
25	278
25	302
25	312
25	437
25	609
25	721
27	196
27	211
27	217
27	222
27	426
27	469
27	703
27	721
27	727
27	993
28	228
28	274
28	684
28	857
29	137
29	195
29	215
29	255
29	438
29	662
29	741
29	959
29	981
29	993
30	334
30	388
30	437
30	454
30	498
30	549
30	623
30	638
30	706
30	715
30	798
30	909
31	276
31	285
31	375
31	469
31	502
31	505
31	625
31	626
31	643
31	673
31	685
31	749
31	763
31	823
31	826
31	848
31	895
31	928
31	994
32	128
33	78
33	942
34	169
34	268
34	360
34	378
34	406
34	432
34	567
34	576
34	770
34	966
35	303
35	399
35	514
35	536
35	616
35	687
35	747
35	795
35	802
35	888
35	920
35	969
36	108
36	109
36	137
36	181
36	351
36	469
36	530
36	662
36	675
36	708
36	762
36	777
36	789
37	90
37	110
37	477
37	554
37	634
37	810
37	835
37	856
37	940
38	67
38	127
38	300
38	313
38	430
38	450
38	514
38	612
38	626
38	748
38	790
39	69
39	129
39	272
39	294
39	420
39	682
39	796
39	880
39	885
39	911
39	929
40	544
41	217
41	313
41	520
41	640
41	648
41	770
41	838
41	843
41	844
41	995
42	57
42	105
42	191
42	242
42	550
42	638
42	906
43	331
43	651
43	684
43	731
43	890
43	914
43	973
44	59
44	213
44	430
44	451
44	528
44	588
44	607
44	714
44	726
44	787
44	815
44	832
44	844
44	947
45	150
45	332
45	414
45	477
45	552
45	633
45	646
45	732
45	762
45	838
46	863
46	881
47	129
47	140
47	162
47	193
47	266
47	311
47	449
47	465
47	528
47	582
47	601
47	687
47	730
47	731
47	850
48	436
48	452
48	484
48	490
48	553
48	629
48	757
49	152
49	164
49	170
49	186
49	269
49	286
49	311
49	449
49	501
49	803
49	850
49	858
49	867
50	107
50	332
50	475
50	519
50	554
50	575
50	674
50	915
51	173
51	246
51	572
51	653
51	679
51	981
52	112
52	188
52	262
52	275
52	387
52	392
52	403
52	419
52	451
52	492
52	502
52	505
52	630
52	861
52	985
53	208
53	279
53	601
53	617
53	629
53	689
53	945
53	953
54	111
54	237
54	311
54	645
54	713
54	936
55	58
55	117
55	185
55	540
55	620
55	862
56	57
56	125
56	182
56	201
56	243
56	383
56	470
56	473
56	513
56	556
56	579
56	600
56	999
57	132
57	198
57	226
57	302
57	339
57	344
57	386
57	417
57	435
57	473
57	511
57	527
57	658
57	683
57	763
57	868
57	963
58	153
58	307
58	310
58	423
58	540
58	545
58	699
58	810
58	863
58	879
59	180
59	232
59	393
59	448
59	518
59	588
59	683
59	853
59	987
59	988
60	210
60	304
60	942
60	992
61	350
61	364
61	836
62	85
62	122
62	263
62	296
62	419
62	426
62	551
62	566
62	583
62	588
62	635
62	701
62	741
62	749
62	861
62	885
62	893
62	996
63	114
63	319
63	378
63	472
63	688
63	689
63	714
63	735
63	806
63	866
63	871
63	874
63	934
63	986
64	146
64	191
64	342
64	658
65	90
65	149
65	154
65	296
65	332
65	440
65	483
65	615
65	662
65	704
65	770
65	895
65	990
66	99
66	120
66	526
66	576
66	630
66	634
66	710
67	256
67	278
67	293
67	296
67	435
67	437
67	450
67	470
67	481
67	556
67	605
67	694
67	735
67	787
68	89
68	114
68	185
68	274
68	525
68	543
68	628
68	639
68	671
68	831
68	855
69	231
69	295
69	319
69	452
69	624
69	840
69	857
69	911
69	929
71	127
71	147
71	201
71	259
71	339
71	428
71	607
71	675
71	688
71	701
71	707
71	751
71	799
71	842
71	851
71	874
71	948
71	980
72	545
72	881
72	952
73	204
73	385
73	433
73	549
74	162
74	234
74	429
74	465
74	612
74	622
74	628
74	691
74	758
74	841
74	911
74	929
75	164
75	168
75	193
75	375
75	393
75	435
75	455
75	541
75	607
75	624
75	673
75	735
75	778
75	803
75	844
75	905
76	95
76	390
76	439
76	620
76	780
77	101
77	109
77	195
77	268
77	325
77	332
77	510
77	548
77	643
77	704
77	741
77	799
77	966
78	225
78	492
78	774
79	93
79	157
79	336
79	425
79	624
79	640
79	643
79	689
79	827
79	832
79	841
79	934
79	962
79	973
79	979
79	989
80	82
80	146
80	147
80	206
80	323
80	387
80	434
80	440
80	463
80	512
80	617
80	668
80	813
80	867
80	884
81	173
81	251
81	335
81	654
81	715
82	118
82	121
82	134
82	274
82	283
82	298
82	309
82	500
82	528
82	546
82	734
82	809
82	841
82	850
82	957
82	972
83	96
83	107
83	150
83	309
83	333
83	403
83	575
83	674
84	166
84	192
84	327
85	114
85	222
85	231
85	300
85	302
85	375
85	382
85	694
85	728
85	778
85	787
85	903
85	947
86	200
86	309
86	351
86	591
86	653
86	720
86	764
86	771
86	896
86	925
87	129
87	233
87	235
87	311
87	401
87	564
87	680
87	814
87	825
87	852
87	855
88	102
88	125
88	178
88	216
88	330
88	344
88	362
88	529
88	663
88	753
88	826
89	117
89	227
89	286
89	310
89	324
89	468
89	628
89	651
89	730
89	795
89	920
90	237
90	254
90	264
90	320
90	352
90	365
90	520
90	533
90	552
90	554
90	615
90	674
90	710
90	845
90	895
91	122
92	99
92	406
92	587
93	241
93	259
93	293
93	303
93	440
93	451
93	514
93	528
93	681
93	686
93	734
93	738
93	787
93	813
93	845
93	874
93	888
93	920
93	944
93	962
93	968
94	122
94	416
94	830
94	942
95	492
95	956
95	987
96	140
96	237
96	254
96	255
96	466
96	475
96	491
96	492
96	510
96	520
96	666
96	704
96	738
96	752
96	779
96	930
96	959
96	987
97	117
97	401
97	525
97	538
97	711
97	730
97	788
97	949
97	957
99	120
99	156
99	310
99	329
99	581
99	611
99	666
99	710
99	762
99	954
100	185
100	331
100	463
100	745
100	780
100	916
100	920
101	109
101	118
101	161
101	188
101	211
101	275
101	414
101	456
101	534
101	596
101	598
101	607
101	673
101	753
102	122
102	231
102	278
102	287
102	312
102	319
102	342
102	385
102	411
102	556
102	753
102	970
102	971
103	206
103	315
103	506
103	800
103	918
103	960
104	812
105	218
105	302
105	580
105	648
105	656
105	685
105	721
105	759
105	826
105	985
106	129
106	250
106	450
106	511
106	518
106	600
106	660
106	661
106	683
106	763
106	866
106	948
107	112
107	120
107	137
107	290
107	316
107	464
107	475
107	742
108	109
108	145
108	217
108	530
108	662
108	693
108	738
108	789
108	860
108	925
108	954
108	962
109	112
109	419
109	596
109	646
109	925
109	981
110	172
110	403
110	576
110	810
110	838
110	875
110	900
111	147
111	206
111	440
111	449
111	506
111	649
111	771
111	831
111	884
111	996
112	195
112	255
112	262
112	510
112	519
112	581
112	583
112	675
112	738
112	770
112	777
112	837
112	922
112	925
112	981
113	124
113	224
113	446
113	544
114	162
114	214
114	295
114	336
114	343
114	429
114	455
114	481
114	490
114	501
114	511
114	643
114	660
114	680
114	683
114	850
114	871
114	872
114	903
114	929
114	994
115	238
115	381
115	414
115	463
115	552
115	674
115	687
115	818
115	863
115	951
116	132
116	426
116	446
116	469
116	551
116	740
116	767
116	794
117	221
117	306
117	324
117	345
117	525
117	736
117	982
118	263
118	386
118	546
118	867
118	928
118	966
119	284
119	388
119	413
119	454
119	897
120	611
120	742
120	856
121	151
121	159
121	261
121	331
121	436
121	533
121	776
121	788
121	818
121	884
121	913
122	597
122	740
122	774
123	431
123	606
123	609
123	658
123	721
124	224
124	729
125	224
125	305
125	482
125	606
125	658
126	253
126	264
126	425
126	506
126	601
126	699
126	717
126	776
127	244
127	302
127	450
127	523
127	528
127	569
127	588
127	612
127	787
127	848
127	988
128	398
128	584
128	982
129	162
129	289
129	292
129	547
129	796
129	817
129	857
129	991
130	355
130	369
131	134
131	150
131	180
131	231
131	250
131	299
131	465
131	515
131	525
131	528
131	582
131	601
131	761
131	799
131	865
131	871
131	873
131	890
131	988
132	182
132	186
132	196
132	244
132	256
132	278
132	313
132	340
132	378
132	482
132	513
132	534
132	588
132	601
132	965
132	996
133	517
133	539
134	165
134	358
134	541
134	617
134	714
135	144
135	227
135	228
135	234
135	269
135	343
135	451
135	484
135	631
135	778
135	792
135	825
135	850
135	880
136	477
136	611
136	693
137	139
137	246
137	268
137	389
137	491
137	600
137	679
137	708
137	738
137	993
138	183
138	359
138	441
138	567
138	646
138	695
138	809
138	838
138	915
138	937
139	488
139	536
139	641
139	695
139	745
139	918
139	957
139	973
140	159
140	164
140	165
140	180
140	241
140	343
140	363
140	528
140	617
140	631
140	873
140	888
140	890
140	901
140	938
141	194
141	262
141	351
141	419
141	428
141	521
141	577
141	664
141	679
141	959
142	249
142	420
142	531
142	796
142	950
143	760
144	154
144	279
144	367
144	503
144	525
144	642
144	678
144	969
144	975
145	366
145	493
145	519
145	521
145	662
145	751
145	993
145	997
146	176
146	201
146	229
146	230
146	340
146	370
146	571
146	685
146	729
147	303
147	316
147	466
147	541
147	660
147	668
147	683
147	703
147	824
147	841
147	861
147	874
147	940
148	150
148	161
148	347
148	463
148	506
148	695
148	874
148	878
148	884
148	890
148	903
149	268
149	316
149	365
149	461
149	598
149	600
149	674
149	709
149	843
149	861
149	877
149	940
149	966
150	200
150	423
150	598
150	951
150	954
150	968
151	159
151	279
151	565
151	624
151	639
151	711
151	803
151	956
151	973
152	199
152	231
152	292
152	319
152	499
152	525
152	538
152	557
152	625
152	803
152	849
152	916
152	933
152	991
153	321
153	537
153	667
154	178
154	239
154	367
154	456
154	501
154	563
154	601
154	631
154	850
154	857
154	945
154	953
155	167
155	416
155	446
155	493
155	998
156	246
156	352
156	423
156	575
156	834
156	843
156	845
156	875
156	930
156	951
156	968
156	984
157	254
157	255
157	263
157	332
157	336
157	352
157	354
157	450
157	491
157	512
157	522
157	596
157	615
157	689
157	704
157	732
157	751
157	779
157	813
157	848
157	860
157	962
157	965
159	274
159	345
159	353
159	356
159	503
159	776
159	911
161	178
161	232
161	358
161	360
161	401
161	463
161	629
161	813
161	879
161	888
161	987
161	989
162	170
162	178
162	186
162	288
162	372
162	427
162	511
162	607
162	803
162	944
162	978
163	584
164	170
164	180
164	222
164	296
164	299
164	300
164	358
164	436
164	514
164	525
164	778
164	858
164	885
164	898
164	957
164	988
165	259
165	280
165	298
165	303
165	316
165	419
165	465
165	506
165	688
165	813
165	989
166	176
166	327
166	585
166	980
167	581
167	596
167	677
167	738
167	882
167	922
167	985
168	290
168	309
168	331
168	367
168	434
168	465
168	499
168	506
168	548
168	628
168	661
168	686
168	792
168	804
168	866
168	934
168	936
168	987
169	232
169	288
169	289
169	393
169	465
169	640
169	649
169	803
169	825
169	853
169	858
169	924
169	944
170	223
170	228
170	261
170	269
170	372
170	449
170	450
170	535
170	629
170	704
170	825
170	944
171	204
171	371
171	467
171	531
172	414
172	576
172	810
172	901
172	937
173	188
173	262
173	329
173	693
173	821
173	900
173	943
175	218
175	268
175	383
175	392
175	409
175	474
175	482
175	625
175	636
175	638
175	697
175	700
175	895
175	965
175	985
176	344
176	380
176	417
176	437
176	592
177	208
177	292
177	322
177	384
177	445
177	484
177	836
177	903
178	288
178	295
178	501
178	758
178	844
178	871
178	970
178	978
179	208
179	235
179	240
179	261
179	514
179	547
179	682
179	696
179	756
180	259
180	292
180	298
180	299
180	311
180	319
180	393
180	487
180	515
180	735
180	792
180	874
180	888
180	962
180	973
181	255
181	291
181	647
181	673
181	771
181	816
181	984
182	271
182	302
182	384
182	428
182	455
182	588
182	592
182	600
182	648
182	714
182	727
182	768
182	844
182	999
183	281
183	321
183	366
183	476
183	537
184	222
184	250
184	256
184	263
184	271
184	272
184	336
184	448
184	512
184	546
184	640
184	643
184	714
184	743
184	751
184	851
184	944
184	971
185	269
185	282
185	347
185	367
185	399
185	500
185	788
185	802
185	806
185	853
185	919
186	187
186	214
186	300
186	311
186	363
186	393
186	463
186	500
186	541
186	588
186	682
186	689
186	796
186	815
186	848
186	858
186	865
187	378
187	414
187	466
187	548
187	615
187	717
187	951
187	968
188	218
188	245
188	270
188	392
188	474
188	648
188	661
188	740
188	741
188	743
188	823
188	841
188	921
188	965
189	213
189	298
189	364
189	367
189	500
189	557
189	739
189	803
189	805
189	813
189	845
189	867
189	874
189	909
189	923
190	195
190	255
190	291
190	351
190	492
190	546
190	587
190	693
190	997
191	344
191	349
191	426
191	623
191	753
191	935
192	327
192	377
192	748
192	760
193	227
193	367
193	563
193	631
193	761
193	778
193	802
193	825
193	871
193	910
193	969
194	255
194	351
194	659
194	759
194	779
194	981
195	196
195	223
195	245
195	283
195	392
195	428
195	495
195	534
195	591
195	607
195	635
195	636
195	666
195	677
195	700
195	743
195	799
195	987
196	332
196	368
196	431
196	530
196	782
196	883
196	959
197	243
197	252
197	270
197	387
197	446
197	474
197	530
197	567
197	574
197	588
197	596
197	597
197	675
197	883
197	925
198	242
198	344
198	357
198	435
198	449
198	495
198	571
198	665
198	763
198	798
198	844
198	999
199	274
199	453
199	560
199	680
199	696
199	731
199	869
200	255
200	576
200	598
200	646
200	666
201	250
201	344
201	495
201	612
201	697
201	941
201	994
201	996
202	288
202	322
202	429
202	594
202	884
203	878
203	913
204	214
204	233
204	259
204	616
204	657
204	760
205	267
205	326
205	347
205	461
205	615
205	642
205	717
205	804
205	898
205	937
205	968
206	244
206	299
206	363
206	393
206	430
206	440
206	533
206	617
206	752
206	813
206	841
206	867
206	874
206	915
206	931
206	956
207	283
207	361
207	387
207	403
207	554
207	621
207	635
207	653
207	679
207	693
207	752
207	764
207	837
208	436
208	490
208	553
208	559
208	618
208	933
208	958
209	235
209	297
209	855
210	508
210	581
211	312
211	495
211	567
211	782
211	895
211	906
211	928
212	293
212	371
212	618
212	676
212	941
212	946
213	290
213	495
213	588
213	683
213	763
213	813
213	832
213	851
213	857
213	919
213	947
213	953
213	962
213	971
213	990
214	280
214	288
214	452
214	472
214	499
214	601
214	835
215	351
215	521
215	659
215	677
216	590
216	594
216	901
217	303
217	410
217	440
217	528
217	574
217	583
217	593
217	630
217	673
217	741
217	864
217	921
217	925
217	962
218	242
218	251
218	349
218	379
218	383
218	392
218	512
218	636
218	688
218	743
218	749
218	981
219	429
219	538
219	618
219	731
221	343
221	381
221	557
221	565
221	713
221	739
221	747
221	776
221	964
221	969
222	231
222	256
222	274
222	306
222	353
222	364
222	698
222	867
223	244
223	250
223	296
223	569
223	661
223	688
223	844
223	848
223	880
223	929
224	305
224	339
224	377
224	385
224	462
224	544
224	974
225	830
225	942
226	301
226	490
226	660
226	746
227	331
227	345
227	353
227	516
227	651
227	846
227	913
228	240
228	292
228	343
228	629
228	651
228	803
228	910
228	916
229	397
229	479
229	527
229	606
229	663
229	768
229	826
229	939
229	963
230	302
230	481
230	499
230	672
230	677
230	691
230	753
230	999
231	232
231	393
231	514
231	528
231	601
231	617
231	624
231	694
231	858
231	901
231	938
231	989
232	298
232	300
232	313
232	314
232	339
232	358
232	393
232	425
232	448
232	548
232	569
232	631
232	668
232	758
232	861
232	867
232	909
233	294
233	481
233	594
233	672
233	746
233	832
233	974
234	279
234	311
234	367
234	501
234	511
234	541
234	855
234	894
234	970
234	971
235	401
235	535
235	603
235	991
236	825
237	704
237	751
237	799
237	843
237	877
237	940
237	962
238	254
238	316
238	333
238	434
238	451
238	500
238	502
238	554
238	642
238	666
238	779
238	856
239	266
239	307
239	406
239	408
239	545
239	557
239	695
239	731
240	436
240	529
240	778
240	871
240	876
240	884
240	933
241	286
241	300
241	443
241	516
241	862
241	920
241	924
241	979
242	344
242	357
242	473
242	551
242	594
242	606
242	609
242	721
242	753
243	566
243	581
243	659
243	708
243	877
243	959
244	269
244	427
244	449
244	514
244	607
244	728
244	758
244	806
244	815
244	840
244	857
244	871
244	911
244	939
244	947
244	986
245	455
245	577
245	593
245	636
245	712
245	767
246	522
246	567
246	591
246	720
246	764
246	779
247	285
247	400
247	469
248	428
248	481
248	580
248	605
250	255
250	256
250	325
250	387
250	465
250	660
250	726
250	734
250	735
250	866
250	871
250	903
250	909
250	940
250	947
250	988
250	994
251	368
251	386
251	638
251	749
251	887
251	965
251	994
252	409
252	417
252	524
252	609
252	623
252	708
252	789
252	959
253	306
253	507
253	600
253	752
253	817
253	879
253	918
253	984
254	520
254	577
254	647
254	666
254	710
254	732
254	879
254	917
254	930
255	474
255	492
255	767
255	777
255	789
255	981
256	299
256	325
256	419
256	455
256	518
256	574
256	693
256	787
256	807
256	844
256	848
256	903
256	999
257	327
257	424
257	494
257	665
257	748
258	476
258	505
258	558
258	649
259	299
259	325
259	364
259	379
259	466
259	495
259	541
259	660
259	807
259	851
259	872
259	919
259	989
260	316
260	321
260	332
260	406
260	502
260	567
260	686
260	752
260	856
261	266
261	272
261	314
261	453
261	525
261	624
261	631
261	641
261	803
261	825
261	902
261	969
261	973
262	268
262	382
262	497
262	512
262	659
262	693
262	738
262	777
262	843
263	300
263	322
263	449
263	466
263	523
263	643
263	661
263	851
263	861
263	903
263	995
264	310
264	326
264	434
264	443
264	533
264	835
264	845
264	851
264	964
265	932
266	286
266	649
266	686
266	824
266	877
266	957
267	336
267	408
267	584
267	695
267	792
267	800
267	862
267	878
268	283
268	290
268	333
268	352
268	405
268	475
268	506
268	567
268	720
268	734
268	745
268	779
268	806
268	864
269	337
269	367
269	515
269	582
269	594
269	607
269	671
269	865
269	873
269	953
269	991
270	419
270	497
270	612
270	697
270	740
270	967
271	367
271	404
271	450
271	481
271	505
271	527
271	571
271	606
271	703
271	763
271	919
271	990
272	689
272	707
272	809
272	851
272	939
273	920
273	982
274	412
274	414
274	443
274	501
274	639
274	761
274	857
274	913
275	290
275	352
275	425
275	500
275	533
275	562
275	625
275	734
275	738
275	804
275	813
275	848
275	962
275	988
276	344
276	470
276	518
276	571
276	677
276	688
276	734
276	763
276	789
276	893
276	903
276	921
276	999
277	294
277	339
277	371
277	427
277	470
277	515
277	535
277	832
277	911
278	382
278	586
278	677
279	286
279	427
279	588
279	694
279	796
279	865
279	903
279	938
279	979
280	343
280	364
280	449
280	501
280	806
280	851
280	888
280	947
280	973
281	667
281	784
281	801
282	315
282	399
282	408
282	525
282	878
282	960
283	309
283	432
283	440
283	572
283	574
283	630
283	799
283	804
283	968
283	984
284	417
284	665
284	985
285	334
285	562
285	638
285	789
285	891
286	324
286	360
286	468
286	525
286	730
286	747
286	920
286	968
287	448
287	556
287	626
287	704
287	705
287	729
287	826
287	871
287	882
287	963
288	319
288	330
288	340
288	358
288	559
288	622
288	629
288	758
288	840
288	848
288	950
288	986
289	301
289	448
289	481
289	671
289	728
289	840
289	852
289	933
290	316
290	387
290	393
290	461
290	500
290	574
290	681
290	804
290	824
290	884
290	885
290	890
290	984
291	351
291	492
291	675
291	709
291	777
291	837
291	925
291	988
292	401
292	514
292	696
292	730
292	855
292	865
293	295
293	353
293	514
293	683
293	792
293	813
293	836
293	909
293	944
293	947
293	953
293	969
294	322
294	427
294	445
294	622
294	683
295	429
295	601
295	778
295	850
296	336
296	379
296	505
296	546
296	661
296	688
296	807
296	832
296	841
296	842
296	872
296	919
296	928
296	939
296	991
297	444
297	589
297	632
297	652
298	332
298	393
298	747
298	851
298	924
298	944
298	987
299	300
299	306
299	323
299	440
299	451
299	726
299	850
299	851
299	872
299	874
299	893
300	311
300	436
300	449
300	472
300	501
300	594
300	787
300	803
300	978
300	987
300	988
301	322
301	364
301	535
301	547
301	616
301	757
301	796
301	822
301	836
301	840
301	885
301	938
302	386
302	527
302	662
302	790
302	823
303	316
303	567
303	574
303	630
303	666
303	681
303	966
304	409
305	312
305	344
305	385
305	481
305	571
305	586
305	590
305	768
306	430
306	455
306	506
306	548
306	601
306	661
306	691
306	792
306	867
306	878
306	956
306	971
307	315
307	441
307	649
307	736
307	747
307	975
308	352
308	404
308	435
308	546
308	583
308	593
308	596
308	623
308	688
308	700
308	712
308	721
308	729
308	832
308	893
309	336
309	393
309	455
309	461
309	527
309	546
309	613
309	666
309	668
309	734
309	747
309	938
310	423
310	458
310	466
310	540
310	545
310	695
310	717
310	881
310	918
310	968
311	353
311	363
311	372
311	528
311	547
311	803
311	865
311	904
312	339
312	404
312	435
312	450
312	571
312	586
312	625
312	672
312	986
312	994
313	370
313	435
313	479
313	606
313	683
313	864
313	963
314	326
314	347
314	747
314	818
314	920
314	960
315	415
315	800
315	801
315	853
315	884
316	321
316	365
316	440
316	461
316	552
316	591
316	615
316	621
316	630
316	642
316	674
316	732
316	752
316	771
316	954
316	966
317	324
318	814
319	382
319	450
319	605
319	680
319	689
319	697
319	986
320	464
320	708
320	811
321	558
321	838
321	854
322	427
322	746
322	840
323	425
323	453
323	500
323	560
323	824
323	858
323	920
323	931
323	952
324	356
324	381
324	393
324	408
324	645
324	651
324	736
324	747
324	776
324	795
325	358
325	378
325	379
325	511
325	643
325	842
325	858
325	870
325	939
325	947
326	458
326	628
326	717
326	800
326	854
326	874
327	755
327	760
327	906
328	486
329	414
329	507
329	526
329	611
330	467
330	569
330	622
330	682
330	911
330	929
330	953
330	978
331	345
331	356
331	390
331	545
331	730
331	780
331	957
332	365
332	386
332	510
332	533
332	575
332	576
332	633
332	674
332	710
332	720
332	764
332	856
332	888
332	943
333	387
333	520
333	523
333	630
333	749
333	751
333	919
334	357
334	638
334	665
334	887
335	493
335	654
336	394
336	455
336	466
336	607
336	722
336	735
336	861
336	916
336	924
336	944
336	953
336	962
336	979
336	988
337	371
337	445
337	680
337	726
338	526
338	554
338	587
339	428
339	481
339	697
339	701
339	790
339	893
340	397
340	426
340	542
340	580
340	760
341	446
341	454
341	485
341	494
341	768
342	580
342	765
342	882
343	390
343	564
343	573
343	730
343	761
343	854
343	855
343	894
344	426
344	470
344	479
344	513
344	606
344	660
344	712
344	897
345	538
345	543
345	560
345	730
345	814
345	901
345	910
345	916
346	489
346	756
347	451
347	645
347	736
347	745
347	845
347	969
348	373
348	618
348	684
348	802
348	947
349	402
349	593
349	638
349	727
349	861
349	882
349	887
349	995
350	489
351	392
351	438
351	492
351	581
351	587
352	403
352	512
352	522
352	526
352	546
352	640
352	747
352	751
352	792
352	838
352	951
352	954
353	364
353	412
353	436
353	472
353	582
353	696
353	825
353	879
353	904
353	916
354	366
355	489
355	652
356	536
356	564
356	678
356	825
356	888
356	987
357	411
357	623
357	648
357	656
357	721
357	768
357	887
357	891
358	393
358	456
358	541
358	563
358	683
358	697
358	704
358	853
358	873
358	874
358	885
358	940
359	475
359	633
359	710
359	720
359	834
359	835
359	838
359	856
359	877
359	909
359	966
360	461
360	747
360	863
360	936
361	530
361	567
361	591
361	738
361	762
361	797
361	896
361	981
362	705
362	974
363	401
363	543
363	582
363	651
363	802
363	913
364	453
364	499
364	528
364	573
364	617
364	641
364	671
364	873
364	885
364	901
364	909
364	969
365	567
365	572
365	591
365	596
365	720
365	877
365	943
366	655
367	516
367	528
367	538
367	776
367	846
367	857
367	865
367	876
367	938
367	973
367	991
368	469
368	497
368	623
368	636
368	740
368	891
368	922
368	959
369	489
369	825
370	473
370	501
370	658
370	685
370	798
370	826
370	935
371	384
371	467
371	974
371	986
372	728
372	818
372	870
373	620
374	637
374	839
375	450
375	588
375	677
375	688
375	721
375	799
375	807
375	823
375	844
375	939
377	417
377	485
377	712
377	755
377	897
378	414
378	598
378	841
378	845
378	872
378	877
378	919
378	924
378	930
378	931
378	987
379	523
379	528
379	563
379	586
379	613
379	625
379	662
379	681
379	688
379	707
379	710
379	842
379	861
379	940
379	971
379	988
380	976
381	415
381	468
381	529
381	717
381	792
381	795
381	924
381	957
382	425
382	491
382	523
382	567
382	598
382	668
382	727
382	749
382	809
382	890
382	940
383	451
383	474
383	520
383	627
383	708
383	887
383	928
383	959
383	986
383	993
383	994
384	420
384	479
384	605
384	683
384	737
384	866
385	750
386	410
386	512
386	518
386	612
386	688
386	759
386	770
386	794
386	868
386	928
386	958
387	510
387	512
387	520
387	523
387	566
387	575
387	588
387	661
387	666
387	673
387	813
388	396
388	446
388	609
388	748
388	906
389	416
389	591
390	496
390	817
390	910
392	512
392	522
392	539
392	636
392	700
392	782
392	883
393	425
393	491
393	541
393	574
393	668
393	710
393	804
393	841
393	879
394	449
394	505
394	511
394	548
394	624
394	688
394	864
394	874
396	446
396	689
397	420
397	580
397	590
397	610
397	657
397	658
398	399
398	578
398	960
398	975
399	412
399	713
399	949
400	493
400	715
401	453
401	761
401	817
401	871
401	890
402	596
402	607
402	712
402	794
402	798
402	965
402	985
402	993
403	554
403	646
403	659
403	764
403	900
404	472
404	586
404	685
404	712
404	714
404	994
405	576
405	613
405	621
405	810
405	918
406	625
406	681
406	856
407	409
407	708
407	748
408	831
408	862
408	905
409	963
410	582
410	612
410	636
410	685
410	782
410	895
410	928
410	965
411	702
411	716
412	490
412	565
412	818
412	901
412	956
413	513
413	980
414	486
414	621
414	804
414	877
415	488
415	793
415	952
416	493
416	508
416	522
416	530
416	664
416	959
417	485
417	494
419	521
419	635
419	734
419	751
419	841
419	861
423	552
424	597
424	662
425	548
425	573
425	660
425	661
425	779
425	841
425	850
426	455
426	512
426	513
426	596
426	703
426	844
426	935
427	445
427	471
427	728
427	849
427	933
427	958
427	972
427	991
428	512
428	588
428	600
428	683
428	685
428	688
428	727
428	842
428	990
429	452
429	805
429	978
430	697
430	707
430	726
430	728
430	864
430	870
430	871
430	953
430	978
431	648
431	656
431	891
432	451
432	628
432	824
432	901
432	915
433	471
433	531
433	986
434	510
434	552
434	695
434	764
434	861
434	901
434	917
434	936
434	968
435	470
435	527
435	571
435	677
435	685
435	737
435	750
436	482
436	514
436	523
436	607
436	624
436	694
436	714
436	778
436	787
436	804
436	806
436	850
436	865
436	870
436	888
436	890
436	904
436	931
436	939
436	947
437	482
437	527
437	604
437	648
437	748
437	826
437	906
438	469
438	498
438	577
438	591
438	675
438	707
438	744
438	891
438	925
438	994
438	999
440	642
440	845
440	904
441	687
443	488
444	503
444	651
444	678
444	910
445	559
445	622
446	897
448	450
448	546
448	569
448	625
448	763
448	787
448	844
448	871
449	483
449	689
449	698
449	734
449	807
449	815
449	990
450	495
450	518
450	571
450	677
450	787
450	832
450	861
450	880
451	631
451	827
451	861
451	864
451	874
451	888
451	901
451	902
451	987
452	484
452	528
452	756
452	796
452	972
453	529
453	553
453	618
453	796
453	890
453	971
454	474
454	626
454	638
454	883
454	887
454	921
455	505
455	518
455	552
455	573
455	574
455	643
455	660
455	688
455	701
455	707
455	805
455	823
455	844
455	845
455	861
455	921
455	928
455	988
456	541
456	573
456	575
456	666
456	823
456	845
456	962
457	837
458	650
458	686
458	713
458	879
458	913
458	931
460	784
460	839
461	510
461	572
461	708
461	777
461	835
461	934
462	549
462	935
463	686
463	818
463	867
463	872
463	873
463	874
463	879
463	934
464	512
464	733
464	742
464	834
465	472
465	512
465	528
465	598
465	624
465	815
465	854
465	888
465	901
465	902
465	910
465	938
466	491
466	502
466	506
466	522
466	701
466	707
466	710
466	813
467	644
467	657
467	849
468	543
468	565
468	615
468	745
468	747
468	818
468	846
468	884
468	960
469	512
469	794
469	891
469	993
470	472
470	592
470	685
470	743
470	823
470	868
471	559
471	603
471	757
471	852
472	479
472	518
472	625
472	661
472	673
472	707
472	754
472	763
472	848
472	868
472	962
472	963
472	987
472	999
473	605
473	768
473	870
473	935
473	996
474	546
474	597
474	636
474	662
474	859
475	619
475	762
475	799
476	784
476	951
477	810
477	838
479	481
479	735
479	872
479	985
479	999
481	482
481	569
481	698
481	759
481	963
481	986
482	743
482	752
482	903
482	921
483	689
483	728
483	885
483	939
483	971
484	490
484	756
484	846
485	550
485	585
485	648
485	721
485	781
486	576
486	650
486	801
487	528
487	565
487	651
487	678
487	730
487	828
487	884
488	667
488	800
488	960
489	603
490	722
490	853
490	933
491	548
491	581
491	623
491	633
491	653
491	659
491	835
491	883
491	895
491	925
492	587
492	727
492	770
492	789
492	925
492	993
494	556
494	604
494	605
494	658
494	729
494	765
494	773
495	502
495	510
495	520
495	523
495	588
495	636
495	648
495	729
495	870
495	996
496	932
497	512
497	562
497	581
497	675
497	704
497	774
497	925
498	821
499	628
499	645
499	792
499	827
499	858
499	867
499	947
499	969
499	973
499	989
500	548
500	641
500	645
500	649
500	666
500	863
500	867
500	904
500	918
500	924
501	680
501	840
501	888
501	903
501	911
501	978
502	567
502	573
502	574
502	581
502	613
502	625
502	660
502	673
502	707
502	838
502	845
502	895
502	921
503	618
503	676
503	778
503	814
503	855
505	566
505	571
505	600
505	673
505	683
505	705
505	728
505	809
505	844
506	546
506	552
506	598
506	639
506	645
506	681
506	795
506	831
506	875
506	907
507	713
509	772
509	905
510	520
510	633
510	693
510	779
510	919
510	934
511	569
511	626
511	636
511	640
511	660
511	683
511	697
511	735
511	758
511	832
511	850
511	929
511	944
512	522
512	546
512	751
512	782
512	917
512	921
512	999
513	523
513	648
513	700
513	782
513	798
513	882
514	528
514	607
514	661
514	770
514	879
514	888
514	953
514	978
514	979
515	538
515	601
515	806
515	858
515	873
515	885
515	945
516	631
516	651
516	728
516	818
516	888
516	904
516	947
516	979
517	587
517	664
517	675
517	679
517	708
518	566
518	574
518	683
518	688
518	822
518	840
518	844
518	996
519	998
520	596
520	613
520	666
520	707
520	720
520	804
520	807
520	877
520	919
521	679
521	925
521	954
522	704
522	710
522	843
522	954
522	990
523	573
523	600
523	625
523	661
523	673
523	677
523	689
523	707
523	749
525	543
525	731
525	745
525	827
525	901
525	913
525	973
526	764
526	834
527	592
527	612
527	648
527	705
527	963
528	601
528	649
528	682
528	694
528	747
528	858
528	888
528	972
529	618
529	671
529	761
529	844
529	857
530	539
530	662
530	767
530	782
530	794
531	746
531	950
532	720
533	572
533	598
533	621
533	642
533	710
533	751
533	777
533	799
533	881
533	898
533	951
533	968
534	583
534	703
534	708
534	787
535	622
536	651
536	678
536	772
536	910
536	916
538	639
538	713
538	730
538	778
538	825
538	849
538	857
538	873
538	885
538	913
538	969
539	664
539	686
540	646
540	863
540	915
540	916
540	918
540	937
540	968
541	686
541	728
541	730
541	741
541	806
541	879
541	888
541	901
541	979
541	987
543	557
543	578
543	711
543	788
543	814
543	828
545	557
545	578
545	628
545	834
546	574
546	588
546	597
546	600
546	671
546	751
546	809
546	860
546	971
547	853
547	871
548	681
548	792
548	823
548	841
548	879
548	893
548	919
548	966
549	729
550	604
550	935
551	690
551	887
551	980
552	642
552	646
552	752
552	877
553	559
553	757
553	849
554	572
554	661
554	877
555	830
556	959
556	999
557	617
557	649
557	795
557	979
558	634
559	757
559	912
561	585
562	613
562	664
563	972
564	682
564	756
564	916
565	788
566	577
566	628
566	687
566	735
567	653
567	668
567	738
567	771
567	777
567	848
567	900
567	919
568	716
569	643
569	660
569	698
569	763
569	865
569	944
569	971
571	893
571	895
571	971
572	710
572	720
572	771
572	937
573	588
573	640
573	758
573	774
573	824
573	867
573	963
573	987
573	999
574	598
574	734
574	813
574	993
575	591
575	647
575	789
575	797
575	877
575	900
575	940
576	954
577	767
577	789
577	891
578	739
578	745
578	952
579	648
579	656
579	658
579	663
579	748
580	657
580	729
580	760
580	773
580	819
581	587
581	646
581	647
581	860
581	928
582	711
582	730
582	761
582	803
582	846
583	636
583	727
583	743
583	759
583	763
583	928
583	980
583	990
584	780
584	789
584	949
586	677
586	701
586	842
586	893
586	921
586	922
586	988
586	995
587	662
587	675
587	692
587	738
587	744
587	830
588	600
588	635
588	728
588	749
588	759
588	842
588	928
590	644
590	750
591	625
591	738
591	770
591	993
592	672
592	712
592	737
592	771
592	882
592	897
592	980
593	613
593	749
593	842
593	868
593	909
594	680
594	691
594	929
594	939
594	970
596	635
596	636
596	705
596	891
596	993
597	859
597	891
597	959
598	645
598	720
598	799
598	884
598	988
600	612
600	626
600	675
600	698
600	701
600	704
600	743
600	751
600	759
600	893
601	684
601	714
601	778
601	803
601	809
601	867
601	870
601	879
601	973
601	987
602	761
602	910
602	914
603	676
604	897
605	773
605	885
605	965
606	627
606	697
606	763
606	871
606	967
607	625
607	778
609	656
609	665
609	740
609	753
610	682
610	971
610	991
611	634
611	797
612	626
612	685
612	813
612	971
613	677
613	734
613	919
615	633
615	646
615	674
616	683
616	757
616	822
616	852
616	944
616	958
617	643
617	681
617	735
617	858
617	920
617	931
618	722
618	825
618	894
619	847
620	783
621	642
621	674
621	915
622	796
623	673
623	826
623	887
624	815
624	850
624	901
624	902
624	944
624	969
624	987
625	735
625	749
625	776
625	789
625	823
625	831
625	842
625	893
625	902
625	939
626	661
626	743
626	990
627	683
627	790
627	849
627	870
627	885
627	974
627	994
628	747
628	909
629	719
629	832
629	941
629	944
629	978
630	646
630	666
630	693
630	804
630	824
630	918
630	943
630	966
630	984
631	761
631	804
631	805
631	806
631	817
631	873
631	924
631	979
632	684
632	910
633	720
633	907
633	919
633	992
634	834
635	662
635	675
635	751
635	813
635	917
636	677
636	734
636	848
637	863
638	664
638	708
638	967
639	730
639	828
639	846
639	879
640	714
640	844
640	948
641	704
641	799
641	813
641	818
641	827
641	831
641	858
642	707
642	734
642	752
642	799
642	838
642	845
642	867
642	940
643	984
645	736
645	854
646	666
646	720
646	771
646	813
646	854
646	934
646	951
647	735
647	751
647	771
647	843
647	984
647	992
647	993
648	753
648	887
648	922
648	994
649	960
650	886
651	739
651	761
652	869
653	693
653	720
653	732
653	751
653	799
653	838
653	877
653	883
653	900
653	943
654	830
654	998
656	665
656	753
657	671
657	849
657	933
659	709
659	860
659	992
660	672
660	735
660	756
660	844
660	928
660	947
660	971
660	988
661	749
661	815
661	842
661	935
662	708
662	771
662	930
663	980
664	917
665	760
666	701
666	888
666	937
667	863
668	707
668	863
668	893
668	895
668	969
668	984
669	724
670	945
671	680
671	778
671	851
671	958
671	996
672	852
672	853
672	866
672	895
672	903
672	973
673	823
674	835
674	877
674	937
675	843
675	917
676	684
676	731
677	759
677	861
677	994
679	843
680	840
680	903
681	845
681	858
681	863
681	874
681	940
681	953
682	857
683	768
683	850
683	858
683	911
684	869
685	698
685	753
685	823
685	893
685	987
686	695
686	734
686	800
686	804
686	824
686	873
686	898
686	968
687	845
687	850
688	787
688	806
688	807
688	844
688	851
688	928
688	939
689	697
689	714
689	842
689	858
689	864
689	874
689	947
690	725
691	735
691	871
692	883
692	922
693	732
693	875
693	930
693	937
693	943
694	803
694	832
694	844
694	852
694	857
694	944
695	779
695	805
695	884
695	979
696	831
697	807
697	883
697	906
697	971
697	976
697	987
698	728
698	763
698	872
698	929
698	948
699	881
703	782
703	860
703	925
703	954
703	993
704	707
704	771
704	777
704	804
704	823
704	962
705	963
707	842
707	872
707	929
707	970
708	744
708	859
708	921
709	771
709	875
710	752
710	770
710	877
710	915
711	814
711	874
711	949
711	982
712	753
712	798
712	860
712	882
712	906
712	980
713	736
713	845
713	854
713	898
713	936
714	787
714	790
714	798
714	824
714	871
714	893
714	901
714	929
714	953
714	979
714	988
717	752
717	795
719	910
720	742
720	877
720	917
720	919
720	930
721	798
721	826
721	906
726	844
726	858
726	864
726	947
726	987
728	815
728	849
728	902
728	950
728	970
729	781
729	976
729	980
730	761
730	803
730	969
731	828
731	846
731	916
732	770
732	779
732	797
732	835
732	877
732	937
733	811
734	763
734	806
734	841
734	936
734	988
735	806
735	815
735	931
736	989
737	826
738	764
738	777
738	896
739	785
739	828
739	956
740	860
741	749
741	787
741	866
742	863
743	763
743	823
743	842
743	861
743	872
743	874
743	990
743	995
744	917
746	758
746	929
746	958
747	853
747	867
747	878
749	759
749	895
749	921
750	986
751	877
751	948
751	954
751	962
751	966
752	764
752	845
752	943
753	935
753	980
754	756
754	757
754	865
754	880
754	894
755	819
757	950
758	870
758	885
758	978
759	767
759	893
759	959
760	980
761	957
762	779
763	868
763	873
764	797
765	773
766	829
766	983
767	787
767	794
767	859
767	922
768	826
770	900
771	843
771	928
771	948
772	783
774	891
776	805
776	931
778	803
778	817
778	851
778	978
779	843
780	785
780	814
780	828
780	873
781	840
782	995
783	914
784	801
786	942
786	997
787	823
787	842
787	868
788	825
788	857
788	876
788	884
788	946
789	981
790	806
790	963
790	996
792	827
792	867
792	874
792	901
792	931
792	936
792	938
792	989
793	839
794	925
795	815
795	854
795	913
796	933
797	856
799	962
800	951
802	884
802	949
803	894
803	911
804	841
804	936
804	968
805	806
805	831
805	853
805	884
806	827
806	945
806	969
807	841
807	851
809	842
809	861
809	965
809	988
810	915
810	992
813	903
814	949
815	872
815	876
817	916
817	969
817	978
818	956
819	976
821	830
822	911
823	843
823	909
823	995
823	999
824	936
825	991
826	933
826	963
827	858
827	913
827	979
831	853
831	940
831	973
832	844
832	953
832	954
834	856
834	896
834	915
834	951
836	923
837	859
838	850
838	877
838	984
840	849
840	950
841	901
841	930
841	948
841	956
841	984
841	987
842	996
843	954
843	966
844	872
844	903
844	939
845	984
846	869
848	864
848	971
849	933
850	876
850	890
850	924
850	953
851	871
851	873
853	867
853	888
853	901
853	924
853	969
853	979
854	898
854	918
855	880
855	901
855	924
855	944
855	975
857	876
857	909
857	963
858	874
858	938
858	957
858	959
859	883
859	994
861	954
862	867
864	866
864	903
865	938
865	947
866	872
866	909
866	975
867	934
867	990
870	872
871	885
871	903
871	974
871	978
871	996
872	888
872	971
872	978
873	888
873	890
873	938
873	941
873	956
873	978
874	893
874	931
874	966
874	971
875	943
875	995
877	930
879	884
879	901
879	903
879	969
880	945
882	995
883	887
883	895
883	980
883	995
884	909
884	973
885	966
886	951
887	985
888	904
888	947
888	978
889	960
890	904
895	994
901	944
901	979
902	991
903	919
903	978
904	973
906	980
907	938
907	957
911	929
911	986
911	988
912	950
918	937
919	939
920	924
920	931
923	970
924	931
929	986
931	944
931	973
931	984
937	943
939	970
939	980
939	996
944	971
948	962
948	988
951	989
954	962
956	957
956	969
970	971
970	978
972	978
