0	33
0	36
0	136
0	231
0	251
0	286
0	500
0	526
0	530
0	619
0	633
0	656
0	708
0	712
0	829
0	912
0	978
1	46
1	182
1	436
1	782
1	856
2	30
2	137
2	164
2	267
2	594
2	687
2	762
2	809
2	845
3	6
3	61
3	129
3	190
3	210
3	310
3	380
3	472
3	475
3	782
3	926
3	973
4	208
4	337
5	134
5	162
5	236
5	285
5	304
5	367
5	419
5	495
5	631
5	748
5	826
5	948
6	39
6	128
6	178
6	190
6	210
6	264
6	355
6	367
6	451
6	549
6	565
6	852
6	863
6	918
6	952
7	725
8	47
8	170
8	875
9	19
9	90
9	106
9	108
9	111
9	139
9	291
9	298
9	333
9	375
9	380
9	603
9	666
9	780
9	784
9	825
9	887
10	72
10	217
10	344
10	379
10	390
10	488
10	512
10	533
10	534
10	543
10	544
10	551
10	562
10	682
10	686
10	708
10	748
10	758
10	771
10	818
10	831
10	956
11	214
11	336
11	368
11	426
11	696
11	862
11	881
11	973
12	44
12	75
12	158
12	288
12	327
12	436
12	442
12	494
12	503
12	549
12	784
12	789
12	888
12	987
13	30
13	34
13	131
13	151
13	196
13	208
13	225
13	462
13	662
13	777
13	810
13	937
13	964
13	989
14	103
14	187
14	419
14	685
14	736
14	815
14	926
15	663
15	860
15	875
16	260
16	402
16	513
16	599
16	822
16	945
17	40
17	98
17	259
17	374
17	594
17	701
17	822
17	833
18	474
18	875
19	33
19	152
19	264
19	392
19	443
19	552
19	554
19	619
19	708
19	723
19	899
19	957
19	963
20	152
20	286
20	332
20	403
20	479
20	483
20	561
20	563
20	722
20	869
20	900
20	923
21	75
21	97
21	126
21	270
21	300
21	344
21	350
21	489
21	521
21	662
21	713
21	724
21	729
21	752
21	775
21	888
22	126
22	183
22	231
22	294
22	328
22	443
22	480
22	482
22	500
22	554
22	618
22	738
22	766
22	790
22	861
22	942
22	979
22	997
23	137
23	278
23	468
23	718
23	722
23	938
24	154
24	254
24	279
24	422
24	561
24	661
24	702
24	710
24	774
24	779
24	888
25	109
26	98
26	704
26	916
27	63
27	94
27	252
27	337
27	422
27	445
27	493
27	592
27	809
27	872
27	902
28	644
29	100
29	152
29	423
29	435
29	443
29	596
29	604
29	605
29	616
29	997
30	94
30	259
30	391
30	583
30	594
30	615
30	751
30	762
30	777
30	782
30	858
30	920
30	933
30	964
31	308
31	425
31	597
31	860
32	65
32	110
32	264
32	287
32	323
32	613
32	675
32	696
32	803
32	824
32	978
33	41
33	59
33	231
33	318
33	328
33	359
33	421
33	475
33	531
33	625
33	756
33	831
33	835
33	957
33	970
33	978
34	91
34	98
34	124
34	160
34	191
34	225
34	242
34	280
34	339
34	400
34	436
34	514
34	636
34	662
34	700
34	777
34	920
34	987
35	709
36	40
36	162
36	258
36	272
36	320
36	352
36	459
36	494
36	543
36	586
36	602
36	658
36	686
36	688
36	713
36	752
36	758
36	904
36	922
36	956
36	958
36	970
36	980
37	38
37	158
37	505
37	546
37	575
37	647
37	716
37	787
37	829
37	913
37	957
38	40
38	156
38	213
38	259
38	299
38	384
38	410
38	435
38	575
38	624
38	662
38	853
38	854
38	956
38	967
39	294
39	367
39	413
39	459
39	482
39	485
39	546
39	593
39	735
39	741
39	789
39	824
39	887
39	952
40	154
40	246
40	344
40	370
40	434
40	500
40	544
40	568
40	606
40	608
40	716
40	729
40	793
40	888
40	904
41	49
41	78
41	120
41	128
41	185
41	262
41	316
41	414
41	652
41	676
41	689
41	726
41	761
41	797
42	362
42	823
43	52
43	259
43	280
43	389
43	456
43	661
43	680
43	738
43	765
43	816
43	827
43	833
43	954
44	89
44	187
44	209
44	216
44	291
44	404
44	443
44	480
44	503
44	581
44	695
44	782
44	789
44	907
44	977
45	117
45	268
45	371
45	537
45	547
45	691
45	837
46	257
46	553
46	804
47	67
47	620
47	727
47	955
47	986
49	149
49	334
49	519
49	537
49	544
49	812
50	88
50	124
50	191
50	335
50	541
50	556
50	561
50	621
50	768
50	790
51	452
51	975
52	54
52	194
52	279
52	350
52	434
52	521
52	555
52	563
52	584
52	636
52	776
52	786
52	901
52	908
52	922
53	703
54	68
54	189
54	215
54	314
54	339
54	352
54	467
54	563
54	602
54	688
54	713
54	718
54	729
54	752
54	793
54	825
54	870
54	900
54	925
54	979
55	296
56	121
56	136
56	140
56	301
56	413
56	572
56	676
56	817
56	839
56	867
56	973
57	717
58	75
58	422
58	491
58	680
58	768
58	787
58	832
58	858
58	888
58	919
58	935
59	79
59	80
59	214
59	267
59	320
59	541
59	593
59	652
59	668
59	749
59	750
59	792
59	829
59	979
59	982
60	393
60	791
61	108
61	128
61	188
61	264
61	301
61	336
61	338
61	341
61	379
61	413
61	420
61	548
61	554
61	653
61	708
61	741
62	107
62	260
62	344
62	568
62	848
62	911
63	252
63	292
63	481
63	719
63	964
64	111
64	113
64	145
64	312
64	428
64	458
64	501
64	514
64	703
64	857
65	113
65	193
65	295
65	336
65	362
65	386
65	407
65	421
65	585
65	730
66	564
66	566
66	584
66	621
66	774
66	834
66	910
67	362
67	425
67	474
67	651
68	70
68	96
68	118
68	215
68	361
68	402
68	431
68	467
68	479
68	561
68	602
68	618
68	636
68	707
68	717
68	773
68	801
68	867
68	891
68	908
68	913
68	936
68	942
69	292
69	327
69	394
69	404
69	462
69	591
69	672
69	830
70	352
70	601
70	828
70	866
70	927
70	936
71	100
71	204
71	231
71	256
71	356
71	413
71	604
71	668
71	681
71	705
71	949
72	75
72	118
72	137
72	147
72	162
72	168
72	328
72	351
72	384
72	417
72	434
72	443
72	492
72	521
72	586
72	659
72	666
72	942
73	181
73	246
73	260
73	521
73	582
73	584
73	612
73	716
73	752
73	935
73	940
73	944
74	94
74	964
75	270
75	321
75	389
75	497
75	606
75	647
75	653
75	722
75	793
75	833
75	859
75	981
75	989
76	764
77	945
78	93
78	129
78	141
78	224
78	313
78	323
78	338
78	368
78	433
78	573
78	585
78	619
78	697
78	720
78	726
78	761
78	783
78	814
78	840
78	862
78	863
78	885
78	963
79	97
79	158
79	165
79	197
79	494
79	514
79	561
79	854
79	888
79	933
79	948
79	980
80	149
80	564
80	599
80	657
80	787
80	879
81	238
81	406
81	439
81	485
81	502
81	534
81	543
81	676
81	918
84	587
84	670
85	89
85	106
85	217
85	357
85	390
85	412
85	483
85	487
85	514
85	652
85	707
85	776
85	806
85	896
85	923
85	939
85	952
86	285
86	363
86	535
86	651
86	750
86	885
87	216
87	381
87	591
87	950
88	275
88	594
88	722
88	785
88	872
88	962
89	167
89	194
89	209
89	238
89	391
89	539
89	543
89	602
89	662
89	771
89	853
89	896
89	935
89	952
89	956
90	178
90	228
90	355
90	373
90	420
90	511
90	548
90	753
90	821
91	98
91	184
91	232
91	350
91	381
91	391
91	630
91	683
91	770
91	782
91	856
91	950
91	991
91	995
92	138
92	522
92	746
92	753
93	112
93	223
93	628
93	676
93	741
93	746
93	763
93	797
93	846
93	852
94	161
94	209
94	225
94	381
94	672
94	683
94	771
94	951
94	984
94	991
95	227
95	330
95	343
95	437
95	905
96	206
96	213
96	251
96	280
96	287
96	432
96	479
96	491
96	505
96	617
96	688
96	776
96	825
96	876
96	923
97	137
97	153
97	220
97	275
97	293
97	328
97	339
97	435
97	445
97	541
97	562
97	584
97	615
97	679
97	700
97	705
97	853
97	904
97	922
97	935
97	939
97	979
98	131
98	225
98	230
98	404
98	656
98	672
98	683
98	810
98	987
99	303
99	305
99	313
99	323
99	589
99	708
99	817
99	899
99	914
99	918
99	973
100	271
100	324
100	344
100	585
100	614
100	837
100	847
100	953
100	957
100	961
101	140
101	200
101	205
101	320
101	349
101	512
101	624
101	705
101	708
101	792
101	829
101	891
101	898
101	957
101	982
102	161
102	183
102	190
102	194
102	217
102	258
102	264
102	283
102	286
102	434
102	527
102	587
102	663
102	721
102	775
102	787
102	882
102	948
102	952
103	142
103	240
103	248
103	373
103	392
103	406
103	427
103	549
103	671
103	799
103	857
103	986
103	996
104	157
104	251
104	294
104	377
104	403
104	461
104	512
104	533
104	596
104	679
104	749
104	887
104	898
104	952
105	299
105	491
105	615
105	762
105	785
105	793
105	864
105	967
105	983
106	189
106	222
106	223
106	345
106	357
106	392
106	416
106	418
106	428
106	485
106	494
106	500
106	586
106	810
106	893
106	918
106	923
106	952
107	269
107	344
107	468
107	568
107	677
107	793
107	944
108	169
108	224
108	308
108	319
108	354
108	393
108	461
108	482
108	554
108	619
108	726
108	852
108	912
108	990
109	175
109	289
109	437
109	986
110	253
110	256
110	319
110	393
110	626
110	847
110	868
110	958
110	963
110	978
111	186
111	224
111	264
111	298
111	312
111	338
111	443
111	454
111	458
111	559
111	587
112	169
112	338
112	342
112	419
112	425
112	431
112	562
112	570
112	628
112	741
112	742
112	750
112	806
112	863
112	887
112	906
113	184
113	204
113	258
113	277
113	315
113	366
113	375
113	480
113	574
113	806
113	816
113	856
113	857
113	971
114	126
114	230
114	279
114	344
114	412
114	444
114	481
114	512
114	590
114	596
114	825
114	833
114	842
114	923
114	935
115	471
115	695
116	154
116	164
116	422
116	493
116	497
116	506
116	901
117	588
118	164
118	551
118	768
118	829
118	843
118	888
118	922
118	956
118	981
118	982
119	636
119	718
119	900
119	946
120	143
120	264
120	439
120	444
120	485
120	574
120	821
120	918
121	161
121	238
121	283
121	318
121	406
121	494
121	574
121	648
121	656
121	815
121	827
121	852
121	905
121	917
121	926
121	941
121	959
122	126
122	560
122	601
122	642
122	708
122	735
123	819
124	236
124	270
124	315
124	350
124	549
124	706
124	832
124	948
125	152
125	214
125	246
125	345
125	384
125	406
125	453
125	472
125	521
125	609
125	612
125	626
125	652
125	658
125	679
125	747
125	825
125	831
125	898
126	200
126	215
126	424
126	492
126	537
126	647
126	688
126	716
126	739
126	767
126	854
126	932
127	154
127	404
127	475
127	698
127	890
127	907
128	145
128	178
128	308
128	380
128	392
128	406
128	472
128	475
128	603
128	656
129	188
129	264
129	266
129	301
129	318
129	357
129	375
129	379
129	428
129	530
129	531
129	625
129	648
129	761
129	783
129	883
129	997
130	569
130	601
130	657
130	866
131	374
131	462
131	751
131	882
131	989
132	737
133	153
133	212
133	327
133	364
133	427
133	518
133	529
133	727
133	782
133	959
134	215
134	217
134	222
134	301
134	319
134	346
134	377
134	427
134	447
134	461
134	603
134	733
134	735
134	766
134	826
134	853
134	888
135	553
135	638
135	699
135	816
135	858
136	185
136	323
136	330
136	426
136	797
137	269
137	321
137	326
137	492
137	655
137	661
137	779
137	848
137	901
137	911
139	304
139	312
139	366
139	380
139	406
139	485
139	549
139	631
139	773
139	846
139	878
139	890
140	287
140	295
140	318
140	349
140	356
140	613
140	796
140	835
140	852
140	889
140	914
140	966
141	262
141	313
141	358
141	651
141	885
141	973
142	174
142	248
142	364
142	486
142	589
142	727
142	860
143	146
143	186
143	266
143	364
143	405
143	428
143	502
143	648
143	747
143	798
143	905
143	907
143	954
144	860
145	249
145	308
145	685
145	703
145	926
146	174
146	369
146	643
147	389
147	417
147	453
147	467
147	513
147	563
147	567
147	624
147	689
147	716
147	853
147	879
147	895
147	932
148	270
148	568
148	600
148	822
148	902
148	942
149	162
149	199
149	204
149	311
149	386
149	453
149	467
149	546
149	679
149	866
149	879
149	880
149	913
149	927
149	979
150	204
150	276
150	365
150	645
150	781
150	836
151	380
151	389
151	486
151	548
151	574
151	589
151	654
151	663
151	775
151	854
151	971
152	181
152	328
152	414
152	572
152	590
152	619
152	840
152	936
152	939
152	979
152	982
153	167
153	259
153	342
153	453
153	481
153	494
153	511
153	609
153	615
153	647
153	680
153	758
153	766
153	775
153	825
153	940
153	957
153	997
154	191
154	219
154	389
154	422
154	594
154	602
154	621
154	646
154	692
154	707
154	762
154	822
154	877
154	989
155	170
155	438
155	458
156	402
156	450
156	724
156	828
157	169
157	217
157	301
157	315
157	481
157	500
157	526
157	548
157	570
157	590
157	749
157	792
157	893
157	956
158	341
158	351
158	445
158	484
158	636
158	653
158	702
158	704
158	710
158	768
158	787
158	901
158	940
158	942
158	969
158	979
159	296
159	468
159	774
159	822
159	843
160	189
160	304
160	327
160	345
160	416
160	427
160	652
160	654
160	707
160	745
160	749
160	907
161	238
161	285
161	345
161	539
161	549
161	653
161	666
161	748
161	950
161	992
162	167
162	194
162	342
162	417
162	439
162	461
162	467
162	492
162	551
162	633
162	686
162	702
162	787
162	825
162	932
163	474
163	522
164	219
164	261
164	388
164	400
164	591
164	638
164	687
164	751
164	777
164	784
164	947
165	374
165	717
165	722
165	911
165	947
167	386
167	514
167	539
167	551
167	584
167	590
167	655
167	806
167	826
167	879
167	923
167	952
167	956
167	967
167	970
167	995
167	997
168	177
168	181
168	197
168	269
168	281
168	292
168	339
168	342
168	586
168	594
168	655
168	659
168	680
168	710
168	832
168	901
168	908
168	925
168	932
168	940
168	967
168	980
169	215
169	286
169	287
169	379
169	536
169	551
169	813
169	818
169	903
170	178
171	254
171	374
171	378
171	422
171	497
171	733
171	809
172	683
173	198
173	447
173	516
173	872
173	999
174	176
174	343
174	699
174	737
174	865
176	581
176	670
176	737
176	769
176	994
177	410
177	445
177	447
177	612
177	661
177	688
177	704
177	816
177	946
178	282
178	284
178	312
178	392
178	451
178	773
178	780
178	821
178	937
179	986
181	246
181	272
181	314
181	328
181	339
181	435
181	479
181	692
181	739
181	869
181	939
182	465
182	858
182	877
182	909
183	217
183	319
183	406
183	500
183	584
183	596
183	625
183	648
183	689
183	700
183	787
183	861
183	904
183	995
184	196
184	215
184	242
184	280
184	297
184	389
184	400
184	563
184	602
184	745
184	765
184	775
184	845
184	888
184	902
184	950
185	229
185	407
185	423
185	641
185	667
185	928
186	207
186	264
186	451
186	475
186	548
186	625
186	821
186	958
186	963
187	222
187	695
187	770
187	991
188	200
188	277
188	300
188	349
188	433
188	461
188	500
188	533
188	567
188	590
188	825
188	867
188	883
188	896
188	953
188	963
188	990
189	270
189	281
189	285
189	377
189	514
189	603
189	632
189	633
189	707
189	714
189	825
190	207
190	214
190	258
190	420
190	548
190	754
190	765
190	810
190	863
190	966
191	252
191	282
191	327
191	543
191	602
191	779
191	944
192	691
192	760
193	496
193	526
193	628
193	715
193	850
194	280
194	427
194	472
194	543
194	659
194	680
194	700
194	714
194	856
194	890
194	940
194	969
195	640
196	225
196	315
196	404
196	747
196	832
197	206
197	215
197	219
197	275
197	563
197	586
197	596
197	717
197	832
197	842
197	888
197	890
197	897
197	957
198	674
198	704
198	902
199	294
199	323
199	457
199	488
199	706
199	708
199	814
199	825
200	219
200	377
200	505
200	567
200	584
200	619
200	731
200	840
200	866
200	885
200	921
200	932
200	957
201	394
202	765
202	799
203	334
203	820
204	293
204	294
204	359
204	370
204	383
204	403
204	488
204	593
204	599
204	609
204	632
204	652
204	689
204	787
204	879
204	887
204	912
204	914
204	966
204	973
204	997
205	294
205	315
205	414
205	426
205	554
205	606
205	635
205	658
205	666
205	705
205	706
205	824
205	997
206	220
206	224
206	231
206	384
206	408
206	456
206	541
206	655
206	765
206	829
206	835
206	919
206	939
206	942
207	228
207	303
207	393
207	475
207	559
207	573
207	784
208	348
208	704
208	777
208	951
208	989
209	382
209	391
209	404
209	444
209	631
209	669
209	782
209	907
209	937
209	984
210	223
210	313
210	349
210	406
210	461
210	567
210	706
210	707
210	712
210	723
212	231
212	236
212	405
212	656
212	669
212	996
213	395
213	479
213	491
213	575
213	713
213	781
213	859
213	869
213	891
213	925
213	967
213	972
214	326
214	352
214	495
214	567
214	818
214	861
214	879
214	913
214	923
214	936
214	939
215	302
215	400
215	485
215	487
215	534
215	596
215	632
215	661
215	707
215	729
215	733
215	741
215	765
215	779
215	853
215	918
215	920
215	942
216	411
216	465
216	649
216	654
216	894
217	277
217	301
217	319
217	425
217	481
217	548
217	633
217	659
217	669
217	761
217	766
217	784
217	831
217	942
217	970
218	329
218	336
219	220
219	299
219	335
219	350
219	374
219	378
219	618
219	636
219	809
219	819
219	901
220	279
220	339
220	357
220	701
220	704
220	767
220	775
220	869
220	870
220	908
221	402
222	225
222	231
222	301
222	442
222	523
222	543
222	572
222	587
222	646
222	995
223	286
223	696
223	960
223	963
224	251
224	272
224	301
224	318
224	342
224	379
224	443
224	445
224	472
224	481
224	495
224	505
224	527
224	539
224	554
224	689
224	867
224	952
224	963
224	978
224	980
225	267
225	275
225	297
225	411
225	574
225	643
225	911
225	981
225	984
226	678
226	788
227	959
228	283
228	448
228	454
228	703
228	736
228	742
228	863
228	965
228	975
229	305
229	310
229	320
229	324
229	328
229	359
229	403
229	488
229	496
229	569
229	668
229	681
229	797
229	876
229	914
229	963
230	306
230	374
230	387
230	440
230	845
230	992
231	272
231	286
231	311
231	354
231	370
231	377
231	383
231	390
231	435
231	439
231	443
231	487
231	496
231	505
231	590
231	619
231	652
231	696
231	775
231	883
231	898
231	936
232	462
232	877
232	959
233	234
233	953
234	268
234	796
235	308
235	367
235	431
235	440
235	475
235	511
235	625
235	628
235	658
235	676
235	824
235	970
236	280
236	288
236	304
236	366
236	406
236	427
236	480
236	486
236	631
236	648
236	714
236	782
236	935
236	937
237	368
237	452
237	535
237	846
238	264
238	291
238	471
238	486
238	487
238	539
238	761
238	766
238	771
238	882
238	896
238	904
238	933
238	941
239	284
239	955
240	369
240	454
240	565
240	631
240	643
240	685
240	894
241	405
241	418
241	654
241	672
241	771
241	877
242	298
242	327
242	418
242	462
242	682
242	782
242	789
242	810
242	882
242	931
243	263
243	395
243	469
243	513
243	786
244	320
244	470
245	699
245	884
246	299
246	335
246	402
246	492
246	564
246	601
246	616
246	655
246	710
246	940
247	353
247	444
247	480
247	549
247	643
247	656
247	669
247	745
247	757
247	805
247	856
247	878
247	904
248	308
248	486
248	747
248	757
248	941
248	954
249	865
250	306
250	465
250	648
250	682
250	747
250	770
250	877
250	907
250	937
251	294
251	323
251	370
251	386
251	443
251	500
251	530
251	628
251	694
251	750
251	839
251	879
251	887
251	950
252	447
252	650
252	872
252	919
252	947
253	287
253	320
253	356
253	626
253	641
253	792
253	899
254	261
254	292
254	299
254	545
254	564
254	902
254	911
255	266
255	315
255	400
255	572
255	669
255	787
255	896
255	948
255	991
256	433
256	473
256	496
256	536
256	796
256	982
258	264
258	300
258	333
258	357
258	495
258	514
258	527
258	645
258	686
258	700
258	787
258	887
258	898
258	936
259	281
259	342
259	366
259	381
259	412
259	487
259	503
259	514
259	521
259	584
259	680
259	700
259	827
259	830
259	904
260	492
260	584
260	647
260	752
260	785
260	864
260	866
260	919
260	942
260	944
260	947
261	422
261	634
261	662
261	701
261	951
262	353
262	355
262	420
262	684
262	783
262	979
263	293
263	332
263	456
263	560
263	578
263	596
263	601
263	608
263	652
263	657
263	836
263	837
263	870
264	349
264	377
264	379
264	413
264	486
264	527
264	530
264	573
264	575
264	625
264	668
264	735
264	773
264	883
264	908
264	921
264	952
264	973
264	979
266	406
266	461
266	501
266	548
266	573
266	589
266	597
266	669
266	707
266	754
266	773
266	810
266	950
267	327
267	698
267	771
267	931
267	987
269	339
269	352
269	598
269	624
269	801
269	819
269	879
269	908
269	919
269	967
269	972
270	280
270	332
270	422
270	514
270	523
270	534
270	555
270	710
270	714
270	745
270	884
270	967
270	969
271	974
271	979
272	488
272	686
272	713
272	831
272	835
272	864
272	879
272	912
272	925
272	932
273	399
274	349
274	642
275	292
275	306
275	388
275	897
276	519
276	874
276	911
276	921
276	934
277	355
277	451
277	454
277	475
277	587
277	918
277	971
277	975
277	988
278	309
278	627
278	655
278	946
279	297
279	412
279	459
279	527
279	590
279	606
279	701
279	717
279	790
279	940
280	304
280	345
280	357
280	412
280	434
280	444
280	459
280	486
280	514
280	521
280	551
280	676
280	700
280	766
280	818
280	833
280	907
280	918
280	922
280	923
280	935
280	942
280	944
281	285
281	357
281	417
281	426
281	434
281	554
281	555
281	654
281	686
281	700
281	738
281	758
281	801
281	816
281	831
281	833
281	912
281	914
281	923
281	937
282	348
282	542
282	748
282	771
282	789
282	834
282	858
283	380
283	390
283	581
283	699
283	727
283	941
284	799
284	986
285	301
285	315
285	333
285	345
285	358
285	366
285	523
285	549
285	551
285	707
285	766
286	318
286	370
286	417
286	443
286	473
286	495
286	527
286	531
286	573
286	598
286	658
286	825
286	958
287	403
287	414
287	431
287	473
287	554
287	567
287	679
287	681
287	693
287	761
287	814
287	817
287	887
287	898
288	401
288	404
288	698
288	931
289	518
290	324
290	338
290	344
290	356
290	359
290	370
290	488
290	552
290	577
290	588
290	866
290	982
291	369
291	462
291	633
291	692
291	733
291	832
291	907
292	493
292	525
292	755
292	872
293	352
293	395
293	417
293	460
293	483
293	550
293	578
293	616
293	632
293	645
293	652
293	688
293	724
293	752
293	829
293	880
294	328
294	379
294	443
294	453
294	541
294	632
294	652
294	852
294	898
294	921
294	956
294	957
294	979
295	305
295	340
295	569
295	928
296	506
296	525
296	650
296	709
296	901
297	436
297	594
297	738
297	747
297	916
297	987
298	428
298	480
298	593
298	773
298	896
298	903
299	314
299	341
299	575
299	655
299	710
299	853
299	902
299	925
300	333
300	351
300	404
300	416
300	439
300	461
300	472
300	494
300	512
300	541
300	572
300	593
300	632
300	633
300	652
300	749
300	775
300	896
300	898
300	997
301	364
301	416
301	442
301	451
301	453
301	472
301	485
301	486
301	548
301	567
301	666
301	712
301	749
301	903
302	487
302	494
302	556
302	600
302	722
302	788
302	843
302	944
302	983
303	574
303	628
303	761
303	783
303	838
303	988
304	418
304	465
304	480
304	629
304	908
305	323
305	426
305	443
305	460
305	473
305	531
305	705
305	723
305	741
305	817
305	862
305	914
305	958
305	966
306	634
306	662
306	674
306	882
306	888
306	942
307	477
308	312
308	349
308	353
308	448
308	514
308	531
308	656
308	741
308	742
308	926
308	971
309	677
309	678
309	774
309	779
310	414
310	604
310	667
311	314
311	395
311	469
311	483
311	484
311	582
311	596
311	647
311	713
311	767
311	771
311	843
312	428
312	587
312	742
313	338
313	626
313	675
313	739
313	904
314	326
314	512
314	556
314	680
314	818
314	861
314	883
314	901
314	904
314	944
315	369
315	451
315	486
315	514
315	520
315	646
315	656
315	747
315	748
315	826
315	904
315	948
316	425
316	448
316	458
316	611
316	736
316	863
316	905
316	971
316	988
317	621
317	650
318	346
318	349
318	414
318	426
318	443
318	500
318	526
318	535
318	593
318	668
318	706
318	713
318	821
319	367
319	384
319	559
319	652
319	656
319	688
319	814
319	818
319	831
319	898
319	912
319	963
319	992
320	352
320	370
320	383
320	414
320	453
320	481
320	652
320	668
320	792
320	835
320	966
321	523
321	561
321	586
321	766
321	806
321	842
321	869
321	990
322	673
323	346
323	349
323	517
323	567
323	706
323	746
323	763
323	803
323	958
323	990
324	433
324	478
324	618
324	966
325	334
326	328
326	339
326	350
326	409
326	435
326	467
326	756
326	801
326	870
326	904
326	967
327	543
327	682
327	717
327	782
327	789
327	920
327	950
327	971
328	332
328	342
328	344
328	354
328	357
328	370
328	417
328	541
328	617
328	756
328	908
328	940
329	855
331	461
331	657
331	675
331	706
331	760
331	867
331	889
332	333
332	415
332	424
332	449
332	453
332	456
332	479
332	530
332	541
332	560
332	636
332	657
332	688
332	824
332	891
332	966
332	979
333	353
333	364
333	384
333	410
333	434
333	491
333	495
333	523
333	590
333	625
333	648
333	766
333	787
333	833
333	935
334	929
335	555
335	583
335	650
335	661
335	692
335	717
335	864
335	908
336	498
336	520
336	675
336	760
337	884
337	916
338	413
338	573
338	663
338	780
339	341
339	357
339	386
339	555
339	561
339	606
339	624
339	657
339	922
339	932
339	970
339	980
340	346
340	356
340	425
340	473
340	536
340	626
340	696
340	723
340	899
340	914
340	997
341	445
341	467
341	479
341	491
341	615
341	687
341	701
341	901
341	922
341	967
342	384
342	390
342	412
342	426
342	523
342	594
342	758
342	766
342	818
342	825
342	842
342	922
342	935
342	936
342	970
342	980
343	419
343	472
343	501
343	736
343	744
344	352
344	386
344	432
344	481
344	482
344	491
344	539
344	572
344	608
344	686
344	787
344	840
344	979
344	980
345	494
345	551
345	624
345	689
345	700
345	749
345	758
345	828
345	853
345	888
345	939
345	952
346	367
346	526
346	554
346	567
346	619
346	652
346	676
348	387
348	462
348	607
348	777
348	882
348	884
348	984
349	414
349	453
349	578
349	817
349	834
349	898
349	921
350	491
350	563
350	618
350	653
350	771
350	775
350	790
350	816
350	826
350	833
350	834
350	904
350	992
351	392
351	405
351	465
351	494
351	695
351	699
351	789
351	878
351	882
351	991
352	383
352	412
352	456
352	533
352	609
352	729
352	995
353	366
353	380
353	448
353	941
353	959
354	377
354	383
354	435
354	479
354	494
354	527
354	562
354	567
354	609
354	652
354	675
354	686
354	689
354	739
354	763
354	817
354	824
354	825
354	853
354	922
354	936
355	448
355	654
355	742
355	846
355	965
355	975
356	414
356	488
356	723
356	835
356	966
357	367
357	379
357	393
357	533
357	548
357	572
357	590
357	648
357	652
357	766
357	775
357	787
357	818
357	825
357	921
357	990
358	459
358	482
358	530
358	656
358	658
358	896
358	905
359	414
359	617
359	763
359	831
359	859
359	866
359	978
359	982
360	436
360	553
360	844
360	856
360	907
361	938
362	720
362	881
362	928
363	438
363	520
363	736
364	427
364	428
364	643
364	663
364	698
364	780
364	852
364	860
364	878
365	470
365	547
365	614
365	645
365	812
366	380
366	543
366	651
366	714
366	806
366	826
366	857
366	878
366	918
366	971
366	996
367	369
367	416
367	472
367	482
367	572
367	574
367	633
367	683
367	749
367	885
367	935
367	996
368	439
368	559
368	746
368	797
369	637
369	894
369	941
369	996
370	443
370	488
370	498
370	657
370	679
370	776
370	814
370	817
370	824
370	914
370	966
370	978
371	644
372	452
372	915
373	753
373	827
373	838
374	493
374	602
374	790
374	842
374	901
374	987
375	412
375	428
375	443
375	735
375	750
375	766
375	784
375	926
375	956
375	963
375	996
376	407
377	467
377	482
377	511
377	573
377	593
377	658
377	766
377	776
377	965
378	388
378	493
378	658
378	680
378	702
378	733
378	786
378	981
379	390
379	416
379	440
379	482
379	485
379	570
379	619
379	750
379	758
379	775
379	883
379	887
379	896
380	392
380	549
380	561
380	574
380	587
380	654
380	666
380	754
380	893
380	971
380	991
380	996
381	404
381	731
381	771
381	782
381	942
382	405
382	454
382	486
382	654
382	670
382	683
382	905
383	434
383	435
383	521
383	541
383	624
383	765
383	824
383	854
383	879
383	982
384	412
384	417
384	453
384	482
384	562
384	652
384	745
384	756
384	879
384	908
384	957
385	594
385	662
385	702
385	745
385	751
385	755
385	771
385	833
385	845
385	964
386	578
386	657
386	750
386	752
386	936
386	966
386	979
387	491
387	514
387	564
387	621
387	662
387	733
387	809
387	989
388	447
388	634
388	639
388	764
388	789
388	877
388	930
389	434
389	594
389	607
389	648
389	659
389	662
389	738
389	777
389	872
389	933
390	443
390	482
390	495
390	572
390	574
390	593
390	733
390	739
390	787
390	925
390	952
391	634
391	654
391	856
391	991
392	439
392	503
392	529
392	597
392	686
392	773
392	826
392	894
392	896
392	959
393	425
393	838
393	973
395	432
395	544
395	575
395	734
395	900
395	904
395	913
395	944
395	966
395	967
396	552
396	585
396	690
396	993
397	525
398	580
398	699
398	841
400	417
400	465
400	647
400	659
400	662
400	729
400	942
400	967
400	992
400	995
401	418
401	553
401	603
401	683
401	842
401	991
402	432
402	513
402	568
402	854
403	416
403	417
403	443
403	488
403	560
403	668
403	713
403	829
403	879
404	465
404	682
404	747
404	810
404	882
404	991
405	489
405	654
405	893
406	420
406	439
406	574
406	656
406	731
406	773
406	799
406	821
407	965
409	824
409	829
409	847
409	889
409	960
410	481
410	592
410	594
410	661
410	717
410	768
410	834
410	845
410	872
410	911
411	442
412	417
412	434
412	494
412	551
412	572
412	636
412	638
412	648
412	689
412	692
412	707
412	712
412	787
412	826
412	854
412	883
412	952
412	970
413	501
414	428
414	435
414	443
414	460
414	681
414	705
414	817
414	903
414	914
414	918
414	939
414	963
415	599
415	693
415	724
415	794
415	861
415	879
415	961
416	572
416	731
416	825
416	898
416	952
416	995
417	434
417	523
417	554
417	586
417	624
417	913
417	923
417	935
417	942
418	442
418	485
418	670
418	672
419	458
419	473
419	518
419	535
419	697
419	742
419	773
419	903
419	988
420	573
420	651
420	761
420	975
420	988
421	423
421	562
421	675
421	899
421	928
422	571
422	662
422	779
422	920
423	431
423	850
423	914
423	928
423	973
424	469
424	484
424	569
424	688
424	743
424	781
424	837
425	438
425	448
425	459
425	517
425	587
425	671
425	887
426	505
426	526
426	567
426	689
426	792
426	839
426	887
426	898
426	912
426	921
426	935
426	957
426	969
427	472
427	625
427	656
427	666
427	761
427	780
427	857
427	882
427	893
427	971
428	454
428	570
428	597
428	625
428	656
428	663
428	707
428	712
428	860
429	630
429	639
430	547
430	550
431	511
431	526
431	619
431	642
431	708
431	803
431	982
432	435
432	453
432	505
432	512
432	648
432	696
432	713
432	752
432	758
432	768
432	867
432	923
432	940
433	536
433	570
433	613
433	696
433	763
433	855
433	885
433	973
434	459
434	487
434	539
434	555
434	748
434	810
434	816
434	818
434	842
434	935
434	952
435	453
435	482
435	488
435	492
435	533
435	625
435	707
435	729
435	766
435	854
435	923
435	952
435	980
436	683
436	782
436	937
436	951
437	474
438	529
438	589
438	955
439	482
439	520
439	587
439	860
439	905
439	912
439	973
440	444
440	454
440	520
440	597
440	658
440	735
440	835
442	467
442	543
442	549
442	598
442	653
442	654
442	705
442	714
442	856
442	883
443	586
443	590
443	596
443	598
443	625
443	648
443	666
443	689
443	707
443	714
443	731
443	792
443	814
443	825
443	840
443	932
443	936
443	956
444	451
444	503
444	574
444	589
444	597
444	607
444	670
444	806
444	887
445	453
445	489
445	564
445	686
445	768
445	781
445	825
445	904
446	550
446	734
447	692
447	702
447	832
447	872
448	458
448	597
448	741
448	975
449	457
449	617
449	767
449	801
449	870
449	927
451	495
451	548
451	574
451	597
451	727
451	773
451	942
451	996
452	838
453	495
453	527
453	541
453	562
453	598
453	608
453	679
453	756
453	758
453	904
453	913
453	922
453	940
453	952
454	663
454	754
454	815
454	912
455	892
456	551
456	601
456	617
456	657
456	729
456	781
456	793
456	822
456	891
456	907
456	949
457	569
457	599
457	725
458	754
458	818
458	988
459	502
459	615
459	697
459	731
459	738
459	936
459	952
459	967
459	970
460	814
460	961
460	966
461	541
461	575
461	619
461	643
461	668
461	686
461	731
461	806
461	838
461	869
461	932
462	810
462	968
465	584
465	683
465	907
465	920
466	989
467	481
467	560
467	634
467	710
467	739
467	756
467	801
467	952
467	969
468	507
469	526
469	537
469	577
469	983
470	599
470	664
470	847
470	876
471	542
471	695
471	699
471	830
471	937
472	521
472	712
472	735
472	749
472	893
472	957
473	511
473	651
473	855
474	517
474	875
475	500
475	533
475	689
475	741
475	863
476	480
476	502
476	581
476	789
476	859
476	893
477	732
477	807
478	604
479	596
479	612
479	618
479	624
479	700
479	745
479	891
479	983
480	589
480	637
480	757
480	959
481	489
481	493
481	514
481	563
481	710
481	739
481	745
481	786
481	787
481	853
481	854
481	923
482	495
482	500
482	712
482	723
482	726
482	730
482	739
482	776
482	842
482	904
482	923
483	612
483	845
483	983
484	519
484	569
484	588
484	728
484	730
484	895
485	754
485	782
485	784
485	954
485	973
486	663
486	780
486	857
486	882
486	894
486	905
487	494
487	603
487	659
487	700
487	707
487	853
487	869
487	956
487	970
488	560
488	708
488	716
488	932
488	966
488	990
489	686
489	930
489	980
490	681
490	889
490	899
491	497
491	521
491	583
491	655
491	661
491	752
491	897
491	901
492	601
492	647
492	724
492	828
492	891
492	933
493	661
493	702
493	789
493	858
493	910
494	590
494	827
494	970
495	554
495	567
495	593
495	686
495	883
495	904
495	908
495	997
496	579
496	712
496	953
497	634
497	661
497	756
497	779
497	790
497	822
497	827
497	843
497	940
497	992
498	720
498	928
498	949
499	510
499	690
500	625
500	676
500	689
500	697
500	750
500	818
500	883
500	956
500	963
500	973
501	670
502	631
502	710
502	810
502	896
502	971
503	878
505	604
505	632
505	729
505	814
505	818
505	835
505	838
505	881
505	949
505	966
506	558
506	943
507	674
508	704
508	767
508	779
508	845
508	859
508	897
510	595
510	690
510	772
510	829
510	866
511	625
511	676
511	735
511	761
511	766
511	857
511	921
512	551
512	599
512	710
512	785
512	840
512	919
512	932
512	963
513	655
513	701
513	927
514	521
514	570
514	700
514	707
514	749
514	818
514	898
514	920
514	956
515	811
516	751
516	809
516	873
517	767
518	685
519	601
519	781
520	549
520	852
521	534
521	563
521	572
521	634
521	870
521	887
521	984
521	995
522	610
522	667
522	708
523	586
523	648
523	842
523	920
523	952
523	969
524	673
524	690
525	872
526	567
526	609
526	689
526	792
526	840
527	615
527	735
527	748
527	813
527	839
527	879
528	678
528	788
529	611
529	773
530	536
530	554
530	619
530	741
530	776
530	813
530	852
530	978
530	990
531	536
531	881
531	990
533	572
533	593
533	625
533	642
533	658
533	735
533	818
533	838
534	548
534	602
534	647
534	727
534	827
534	933
535	714
535	965
536	567
536	619
536	761
536	885
536	899
536	973
537	724
538	540
539	590
539	594
539	648
539	775
539	809
539	818
539	826
539	842
539	890
539	920
539	933
539	942
540	759
541	652
541	668
541	713
541	739
541	794
541	831
541	952
543	733
543	754
543	757
543	810
543	893
543	935
544	605
544	608
544	632
544	828
544	940
545	564
545	692
545	910
545	942
545	946
545	947
546	957
547	615
547	728
547	836
548	587
548	597
548	656
548	821
548	883
549	634
549	643
549	773
549	905
549	971
551	563
551	586
551	598
551	612
551	738
551	933
551	935
551	948
551	992
552	808
554	567
554	585
554	618
554	676
554	792
554	839
554	861
554	942
554	957
554	958
554	982
555	564
555	661
555	762
555	842
555	907
555	923
555	948
555	972
556	564
556	612
556	793
556	843
556	967
557	805
558	722
558	946
559	593
559	626
559	641
559	855
559	861
559	881
559	914
559	963
559	965
560	577
560	657
560	729
560	768
560	913
560	960
561	655
561	680
561	752
561	768
561	882
561	980
562	609
562	616
562	680
562	822
562	824
562	835
562	854
562	857
562	885
562	891
562	922
562	932
562	978
562	979
563	617
563	632
563	701
563	749
563	756
563	767
563	870
563	942
564	653
564	662
564	729
564	859
564	919
564	964
564	969
564	987
565	570
565	597
565	975
566	621
566	704
566	779
566	901
566	902
566	910
566	967
567	679
567	689
567	705
567	776
567	813
567	879
567	936
567	939
567	982
568	582
568	724
568	786
568	864
568	944
569	688
569	781
569	782
569	847
569	866
569	880
569	881
569	895
569	978
570	613
570	676
570	723
570	780
570	787
571	674
571	717
571	864
572	615
572	739
572	748
572	780
572	784
572	825
572	948
572	970
572	992
572	993
572	995
573	803
573	852
573	862
573	863
574	597
574	727
574	758
574	773
574	857
574	893
574	988
574	995
575	608
575	618
575	822
575	876
576	906
577	618
577	718
577	828
577	895
578	688
578	724
578	836
578	866
578	880
578	891
579	691
579	837
580	643
580	711
580	906
581	670
581	769
581	860
581	937
581	959
582	594
582	722
582	864
583	606
583	655
583	661
583	662
583	800
583	859
583	872
584	710
584	748
584	751
584	782
584	853
584	942
585	641
585	862
586	590
586	615
586	636
586	705
586	710
586	733
586	739
586	767
586	925
586	942
587	973
588	691
588	786
589	806
589	826
589	878
589	905
590	710
590	717
590	729
590	758
590	767
590	833
590	842
590	853
590	932
590	969
591	629
592	634
592	764
592	911
592	967
593	626
593	731
593	765
593	776
593	824
593	839
593	887
593	922
593	948
593	970
593	978
593	995
594	816
594	902
594	989
595	614
595	760
595	837
596	618
596	655
596	700
596	832
596	854
596	888
596	956
597	736
597	757
597	878
597	905
597	918
598	632
598	668
598	686
598	716
598	752
598	803
598	818
598	904
598	918
598	948
599	618
599	752
599	927
599	957
600	677
600	755
600	822
600	888
601	718
601	729
601	781
601	794
601	923
602	687
602	809
602	819
602	870
602	942
603	669
603	686
603	749
603	758
603	806
603	853
603	912
603	936
604	889
604	928
604	974
605	624
605	993
606	698
606	702
606	832
606	859
606	911
607	672
607	748
608	966
609	625
609	787
609	817
609	898
609	936
609	978
609	990
609	997
611	857
611	875
611	986
612	647
613	730
613	776
614	635
614	664
614	728
615	631
615	648
615	680
615	716
615	816
615	818
615	833
615	842
615	904
615	942
615	970
615	972
616	724
616	728
616	876
616	925
616	993
617	618
617	686
617	713
617	729
617	847
617	879
617	936
617	939
617	956
618	645
618	668
618	708
618	747
618	880
618	895
619	624
619	679
619	783
619	881
619	914
619	958
619	963
620	757
620	799
621	702
621	704
621	859
623	638
623	683
623	967
624	729
624	923
624	972
624	982
625	666
625	710
625	726
625	813
625	887
625	963
625	973
625	990
626	641
626	642
626	829
626	914
627	650
627	774
628	696
628	797
628	863
628	963
628	978
629	633
629	771
629	954
631	654
631	782
631	950
632	713
632	767
632	861
632	940
632	966
633	648
633	697
633	714
633	933
633	996
634	777
634	833
636	680
636	745
636	787
636	833
636	956
637	798
638	777
638	910
641	783
642	693
642	817
642	928
643	695
645	735
645	743
645	836
645	850
645	891
645	895
646	827
646	987
647	722
647	768
647	901
647	922
648	656
648	727
648	754
648	879
648	893
648	995
650	719
651	746
652	921
652	957
652	963
652	979
653	672
653	692
653	768
653	771
653	832
653	901
653	972
653	987
654	780
654	844
654	854
655	717
655	767
655	864
655	922
655	981
656	742
656	761
656	826
656	899
656	996
657	713
657	752
657	828
657	847
657	949
657	966
658	787
658	903
658	904
658	912
658	942
658	997
659	782
659	798
659	919
659	922
661	888
661	911
661	933
661	969
662	745
662	890
662	992
663	685
663	707
663	712
663	818
664	688
664	701
664	781
664	960
666	918
666	979
667	899
668	689
668	824
668	966
668	979
669	853
669	878
669	959
670	711
670	860
670	959
670	977
671	784
671	863
672	758
672	950
673	690
673	694
674	943
675	712
676	885
677	704
677	722
677	943
678	719
679	688
679	694
679	710
679	716
679	831
679	840
679	866
679	879
679	923
679	932
679	939
679	970
680	689
680	707
680	833
680	890
680	922
680	972
681	693
681	914
682	733
682	770
682	920
682	940
683	699
683	751
683	771
683	890
683	937
684	730
684	846
684	988
685	714
686	781
686	787
686	854
686	904
686	942
687	809
687	910
687	930
687	951
688	889
689	750
689	765
689	813
689	817
692	816
692	833
692	950
692	981
692	987
694	866
694	880
695	737
695	959
696	723
696	797
697	705
697	712
697	887
697	898
697	912
697	918
697	978
697	996
698	784
698	952
698	991
699	991
700	738
700	787
700	816
700	818
700	825
700	920
700	922
700	970
701	859
701	911
701	967
702	733
702	771
702	779
702	806
702	832
703	799
703	892
704	819
704	832
704	833
704	872
704	910
704	947
705	713
705	729
705	746
705	835
705	852
705	963
706	712
706	783
706	861
706	963
707	712
707	776
707	806
707	853
708	921
708	982
708	997
709	819
710	716
710	831
710	923
710	935
710	980
711	865
711	894
712	735
712	750
712	813
712	852
712	883
712	956
713	758
713	831
713	839
713	854
713	921
713	953
713	957
713	967
713	970
714	746
714	754
714	773
714	883
715	807
716	743
716	752
716	768
716	869
716	870
716	921
716	927
716	932
716	936
717	972
718	812
718	816
718	869
718	876
718	940
720	814
720	850
722	962
723	728
723	735
723	746
723	761
723	914
723	978
724	828
725	934
726	813
726	958
726	973
727	742
727	894
728	927
729	738
729	842
729	861
729	908
729	939
730	802
731	758
731	831
731	840
731	883
731	893
731	898
731	932
731	936
731	982
733	747
733	749
733	770
733	789
733	790
733	987
735	926
736	926
736	988
737	865
737	894
738	780
738	813
738	826
738	827
739	767
739	825
739	828
739	861
739	982
741	824
741	863
741	903
741	958
742	753
744	815
744	975
745	782
745	901
745	931
746	965
746	973
746	988
747	856
747	877
747	992
748	810
748	890
748	956
748	991
749	765
749	842
749	903
749	956
749	970
749	979
750	775
750	813
750	852
750	914
750	997
751	777
751	790
752	787
752	837
752	869
752	879
752	925
752	927
754	798
754	882
754	890
754	905
756	879
757	780
758	825
758	853
760	808
760	847
760	914
761	803
761	862
762	830
763	862
763	885
763	936
764	897
765	842
765	956
766	767
766	776
766	852
766	898
766	936
766	956
767	790
767	831
767	925
767	956
767	967
767	995
768	885
768	908
768	967
769	798
770	789
770	826
770	991
771	882
771	910
771	933
771	940
771	964
771	987
772	914
773	860
773	905
774	946
775	818
775	952
778	850
779	859
779	919
779	950
780	799
780	810
780	821
780	856
780	896
780	918
780	926
781	812
781	837
781	960
782	810
782	920
782	987
783	928
783	997
785	793
785	967
786	870
787	806
787	818
787	827
787	835
787	854
787	898
788	822
788	864
789	912
790	901
792	861
792	921
793	944
794	831
794	835
794	849
794	932
796	835
796	953
796	960
796	982
797	896
799	875
799	975
801	845
801	869
803	817
803	831
806	963
806	969
807	808
809	916
809	950
810	826
810	844
810	901
810	987
810	991
813	831
813	852
813	853
813	912
813	932
813	990
813	997
814	824
814	829
815	860
816	832
816	898
816	972
816	987
816	992
817	829
817	974
818	825
818	854
818	864
818	932
819	845
820	945
821	896
821	996
822	864
822	882
822	919
824	829
824	899
824	921
824	990
825	834
825	842
825	887
825	923
825	932
825	995
825	997
826	839
826	931
826	933
827	859
827	882
827	894
827	937
829	957
831	908
831	982
832	842
834	897
835	953
835	957
835	958
835	963
835	979
835	982
838	863
838	975
839	898
839	912
839	952
839	997
840	853
840	923
840	936
840	952
841	994
842	904
842	995
843	946
844	931
844	950
845	916
845	936
846	881
847	927
847	961
847	974
848	900
849	895
849	982
850	928
852	958
852	975
853	995
854	869
854	904
854	979
855	881
855	885
855	949
855	975
856	937
856	981
856	987
856	991
857	971
859	864
859	901
859	919
859	923
860	865
860	896
860	933
862	914
863	975
866	880
866	953
867	879
867	913
867	914
867	948
869	927
870	891
870	940
872	910
872	919
872	924
872	947
873	897
874	934
875	941
878	896
878	941
878	991
879	936
879	939
880	927
880	993
881	885
881	957
882	922
882	950
883	901
883	932
883	990
883	996
884	968
885	921
885	963
887	896
887	912
888	938
888	942
888	969
889	966
890	937
890	984
891	952
891	982
893	905
895	921
897	907
898	921
898	963
898	991
899	928
901	946
901	969
903	973
903	979
904	957
904	980
906	941
906	959
907	912
908	925
908	936
911	933
911	944
912	990
913	936
913	961
913	990
914	928
918	996
923	925
923	936
923	969
924	943
925	940
925	956
930	964
930	967
932	939
932	958
932	979
933	935
934	974
936	980
936	982
937	991
938	976
939	949
939	978
942	969
942	987
944	983
948	952
948	956
948	972
949	997
950	970
951	968
954	971
956	957
956	970
956	982
957	970
957	978
957	997
961	982
963	978
963	997
964	981
964	984
965	988
970	997
979	982
987	991
