0	38
0	100
0	175
0	275
0	495
0	885
0	917
0	931
1	113
1	407
1	422
1	457
1	558
2	63
2	77
2	145
2	152
2	161
2	174
2	235
2	254
2	285
2	293
2	298
2	336
2	512
2	538
2	691
2	710
2	912
3	179
3	217
3	247
3	421
3	532
3	850
3	910
3	912
3	971
4	114
4	849
5	97
5	150
5	159
5	181
5	265
5	322
5	343
5	380
5	454
5	478
5	550
5	552
5	903
5	929
6	75
6	132
6	267
6	275
6	278
6	306
6	322
6	327
6	409
6	430
6	489
6	521
6	541
6	586
6	681
6	699
6	739
6	745
6	775
6	783
6	813
6	814
6	942
6	988
7	37
7	131
7	174
7	187
7	202
7	284
7	299
7	332
7	508
7	553
7	698
7	799
7	911
7	946
8	140
8	168
8	401
8	405
8	573
8	578
8	685
8	804
8	825
8	865
8	904
8	963
8	988
9	71
9	77
9	202
9	244
9	274
9	276
9	336
9	474
9	508
9	514
9	516
9	532
9	559
9	612
9	704
9	753
9	771
9	946
9	995
10	87
10	267
10	272
10	283
10	305
10	311
10	518
10	602
10	699
10	714
10	732
10	789
10	814
10	836
10	956
10	961
10	968
11	221
11	230
11	430
11	470
11	683
11	716
11	814
11	834
11	840
11	937
11	980
12	162
12	598
13	84
13	178
13	322
13	355
13	515
13	697
13	807
14	248
14	256
14	407
14	616
14	743
14	968
15	217
15	336
15	434
15	539
15	571
15	677
15	856
16	239
16	472
16	548
16	727
16	835
17	21
17	43
17	78
17	119
17	163
17	289
17	374
17	425
17	509
17	755
17	952
18	259
18	318
18	356
18	417
18	543
18	662
18	830
19	139
19	186
19	241
19	338
19	472
19	493
19	504
19	665
19	668
19	685
19	708
19	715
19	720
19	818
19	918
20	278
20	435
20	546
20	574
20	674
20	736
20	768
20	797
20	819
20	866
20	914
20	974
21	150
21	152
21	200
21	207
21	354
21	522
21	589
21	677
21	710
22	52
22	60
22	61
22	207
22	224
22	235
22	259
22	276
22	332
22	345
22	613
22	619
22	682
22	689
22	701
22	911
22	971
23	104
23	122
23	272
23	306
23	310
23	546
23	550
23	630
23	697
23	980
24	56
24	854
25	45
25	181
25	234
25	301
25	303
25	344
25	550
25	664
25	683
25	732
25	750
25	853
26	151
26	373
26	551
26	652
26	798
26	811
27	394
27	494
27	784
28	70
28	260
28	352
28	388
28	391
28	576
28	633
29	32
29	892
30	183
30	241
30	357
30	480
30	715
30	745
30	763
30	802
30	865
32	148
32	393
32	580
33	104
33	173
33	253
33	391
33	480
33	490
33	524
33	658
33	685
33	708
33	739
33	839
34	104
34	223
34	407
34	664
34	837
34	902
34	931
35	313
35	395
35	400
35	609
35	795
35	877
36	195
36	199
36	221
36	314
36	490
36	561
36	640
36	647
36	702
36	748
36	813
36	868
36	875
36	995
37	168
37	195
37	235
37	284
37	293
37	299
37	318
37	376
37	399
37	421
37	464
37	489
37	532
37	546
37	645
37	650
37	698
37	725
37	859
37	941
38	79
38	119
38	163
38	174
38	226
38	305
38	330
38	366
38	371
38	381
38	478
38	602
38	624
38	634
38	683
38	716
38	764
38	925
38	937
38	948
38	961
39	118
39	242
39	324
39	345
39	347
39	376
39	421
39	704
39	710
39	734
39	813
39	889
39	967
39	976
40	62
40	103
40	155
40	174
40	246
40	247
40	283
40	473
40	492
40	651
40	701
40	753
40	765
40	767
40	807
40	875
40	915
40	940
41	67
41	85
41	208
41	291
41	467
41	544
41	571
41	614
41	786
41	880
42	44
42	160
42	267
42	272
42	286
42	305
42	396
42	537
42	550
42	583
42	746
42	750
42	792
42	877
42	931
43	67
43	78
43	486
43	525
43	563
43	795
43	846
44	97
44	129
44	159
44	272
44	282
44	293
44	318
44	489
44	502
44	627
44	630
44	636
44	683
44	885
44	969
45	104
45	303
45	721
45	973
46	377
46	855
47	154
47	929
48	148
48	542
48	612
48	638
48	822
48	845
48	856
48	947
49	100
49	147
49	226
49	286
49	328
49	336
49	495
49	676
49	699
49	714
49	814
49	968
49	973
50	220
50	345
50	462
50	570
50	788
50	992
51	160
51	211
51	334
51	979
52	130
52	132
52	199
52	202
52	314
52	320
52	389
52	413
52	465
52	496
52	541
52	575
52	578
52	587
52	682
52	702
52	803
52	868
52	872
52	941
53	112
53	387
53	444
53	646
53	758
53	864
53	922
53	982
54	150
54	173
54	298
54	318
54	424
54	532
54	549
54	676
54	677
54	710
54	851
54	859
55	106
55	268
55	273
55	326
55	666
55	702
55	832
55	866
55	875
55	993
56	297
56	791
56	870
57	793
57	844
57	944
58	354
58	498
58	522
58	571
58	841
58	938
59	281
59	315
59	371
59	415
59	506
59	511
59	609
59	616
59	681
59	712
59	714
59	840
59	876
59	937
60	65
60	150
60	298
60	424
60	477
60	510
60	676
60	761
60	763
60	828
61	131
61	137
61	150
61	200
61	421
61	423
61	481
61	570
61	577
61	587
61	619
61	698
61	710
61	720
61	833
61	942
62	175
62	247
62	257
62	305
62	333
62	335
62	344
62	353
62	452
62	464
62	552
62	596
62	779
62	783
62	827
62	853
62	860
62	956
63	340
63	354
63	539
63	638
63	830
63	845
63	947
64	158
64	363
64	434
64	936
65	111
65	131
65	174
65	224
65	246
65	284
65	345
65	508
65	546
65	549
65	556
65	590
65	603
65	619
65	663
65	783
65	815
65	906
67	296
67	374
67	375
67	443
67	464
67	471
67	608
67	717
67	755
67	961
68	751
68	793
70	128
70	134
70	140
70	241
70	391
70	411
70	455
70	480
70	589
70	637
70	666
71	75
71	79
71	150
71	177
71	240
71	299
71	318
71	336
71	389
71	414
71	416
71	426
71	464
71	492
71	570
71	650
71	651
71	700
71	742
71	748
71	765
71	900
72	230
72	264
72	386
72	738
72	753
72	833
73	131
73	163
73	235
73	242
73	339
73	349
73	353
73	494
73	623
73	663
73	702
73	725
73	755
73	764
73	850
74	133
75	77
75	99
75	131
75	147
75	187
75	195
75	283
75	293
75	317
75	328
75	426
75	428
75	430
75	470
75	526
75	621
75	701
75	803
75	827
75	880
75	894
75	941
75	951
76	120
76	206
76	473
76	497
76	787
76	873
76	894
76	926
77	87
77	173
77	226
77	658
77	660
77	739
77	748
77	783
77	809
77	839
77	842
77	850
77	859
77	860
77	907
77	951
77	966
78	226
78	328
78	420
78	476
78	678
78	705
78	925
79	122
79	150
79	161
79	236
79	294
79	317
79	336
79	421
79	424
79	456
79	465
79	532
79	556
79	587
79	659
79	681
79	682
79	717
79	764
79	775
79	829
79	954
79	983
80	520
80	691
81	234
81	265
81	276
81	279
81	286
81	306
81	365
81	447
81	473
81	550
81	567
81	797
81	817
81	827
81	888
81	951
81	993
82	678
83	123
83	169
83	196
83	354
83	532
83	701
83	724
83	755
83	773
83	821
83	886
84	255
84	407
84	517
84	591
85	117
85	238
85	240
85	345
85	402
85	443
85	485
85	507
85	706
85	765
85	773
85	788
86	453
86	770
86	794
87	171
87	178
87	247
87	314
87	318
87	426
87	464
87	477
87	557
87	620
87	634
87	651
87	717
87	786
87	861
87	875
87	927
87	948
87	952
87	954
88	250
88	294
88	344
88	679
88	721
88	778
89	134
89	411
89	412
89	542
89	576
89	586
89	649
89	720
89	848
89	890
90	112
90	191
90	213
90	224
90	412
90	612
90	658
90	727
90	758
90	824
90	901
91	185
91	352
91	444
91	646
92	101
92	323
92	342
92	418
92	582
92	696
92	747
92	781
92	787
92	943
92	964
93	130
93	171
93	186
93	206
93	247
93	306
93	317
93	399
93	416
93	465
93	470
93	496
93	548
93	550
93	565
93	649
93	792
93	842
93	930
93	942
93	956
93	978
94	115
94	334
94	368
94	497
94	526
94	559
94	611
94	787
94	793
94	810
95	149
95	214
95	312
95	404
95	440
95	449
95	466
95	597
95	624
95	807
95	809
95	854
96	810
96	930
97	189
97	248
97	269
97	396
97	430
97	541
97	552
97	732
97	745
97	852
97	858
98	168
98	192
98	223
98	271
98	358
98	404
98	428
98	433
98	538
98	634
98	640
98	742
98	797
98	928
98	941
98	942
98	955
99	159
99	175
99	240
99	400
99	512
99	601
99	636
99	661
99	700
99	764
100	207
100	221
100	308
100	382
100	420
100	565
100	569
100	602
100	610
100	829
100	922
100	931
101	197
101	370
101	418
101	575
101	592
101	685
101	865
101	867
101	919
102	453
103	168
103	245
103	318
103	348
103	389
103	399
103	416
103	426
103	496
103	546
103	565
103	659
103	814
103	941
103	976
104	155
104	231
104	272
104	344
104	664
104	669
104	750
104	805
104	900
104	996
105	130
105	193
105	268
105	278
105	288
105	326
105	427
105	433
105	496
105	534
105	578
105	643
105	669
105	808
105	903
105	926
106	159
106	373
106	469
106	492
106	600
106	711
106	955
106	972
106	993
107	131
107	161
107	174
107	252
107	310
107	571
107	577
107	601
107	619
107	659
107	700
107	786
107	907
108	261
108	304
108	434
108	446
108	744
108	824
108	841
108	998
109	144
109	163
109	219
109	271
109	289
109	371
109	675
109	883
109	968
110	881
111	131
111	179
111	259
111	267
111	317
111	489
111	590
111	602
111	620
111	649
111	691
111	763
111	813
111	830
111	954
113	146
113	178
113	366
113	501
113	529
113	807
113	863
113	876
113	877
115	266
115	323
115	482
115	573
115	922
115	933
115	945
115	988
116	669
117	119
117	221
117	247
117	294
117	305
117	380
117	424
117	555
117	598
117	619
117	760
117	786
117	836
117	877
117	961
118	158
118	261
118	284
118	340
118	480
118	576
118	633
118	650
118	830
118	889
118	916
118	939
118	965
118	986
119	255
119	260
119	269
119	293
119	300
119	362
119	414
119	456
119	634
119	643
119	792
119	954
119	959
119	961
120	369
120	419
120	599
120	618
120	622
120	831
120	978
121	146
121	267
121	287
121	395
121	616
121	795
122	219
122	306
122	317
122	399
122	416
122	424
122	430
122	447
122	464
122	580
122	586
122	681
122	772
122	783
122	789
122	868
122	871
122	915
123	826
124	193
124	290
124	573
124	622
125	652
126	762
127	747
127	921
128	186
128	465
128	548
128	658
128	694
128	727
128	804
128	818
128	912
129	192
129	195
129	230
129	286
129	306
129	355
129	396
129	409
129	530
129	552
129	632
129	721
129	792
129	814
129	858
129	930
129	969
130	258
130	396
130	469
130	473
130	584
130	730
130	766
130	797
130	803
130	828
130	832
130	852
130	899
131	149
131	155
131	168
131	175
131	269
131	284
131	328
131	414
131	424
131	426
131	479
131	492
131	500
131	560
131	748
131	764
131	765
132	155
132	294
132	317
132	389
132	399
132	451
132	492
132	495
132	514
132	584
132	645
132	813
132	842
132	872
132	915
132	963
133	381
133	383
133	485
133	724
133	927
134	164
134	186
134	241
134	337
134	387
134	647
134	848
134	924
134	946
135	245
135	447
135	472
135	668
135	707
135	769
135	793
135	822
135	873
135	907
135	924
136	656
137	199
137	229
137	244
137	314
137	336
137	430
137	433
137	470
137	580
137	603
137	668
137	707
137	769
137	805
137	828
137	839
137	843
137	906
137	956
138	257
138	614
138	635
138	690
138	992
139	168
139	173
139	202
139	243
139	260
139	277
139	284
139	306
139	310
139	326
139	335
139	409
139	451
139	490
139	561
139	643
139	704
139	783
139	809
139	839
139	907
139	930
139	963
140	183
140	357
140	379
140	418
140	469
140	740
140	759
140	783
140	894
140	951
141	221
141	606
143	192
143	201
143	228
143	316
143	736
144	289
144	333
144	386
144	406
144	517
144	581
144	598
144	734
145	285
145	381
145	430
145	581
145	846
146	160
146	248
146	397
146	422
146	449
146	450
146	466
146	478
146	955
147	171
147	173
147	202
147	306
147	317
147	409
147	713
147	805
147	813
147	875
147	915
147	954
147	976
148	912
149	404
149	531
149	789
149	803
149	813
149	875
150	152
150	174
150	207
150	332
150	339
150	347
150	375
150	577
150	659
150	954
150	966
150	980
151	644
152	226
152	336
152	414
152	485
152	509
152	512
152	557
152	693
152	714
152	952
153	226
153	485
153	486
153	569
153	598
153	826
153	877
154	189
154	203
154	278
154	473
154	492
154	586
154	810
154	852
154	901
154	951
155	202
155	353
155	416
155	438
155	447
155	546
155	566
155	590
155	624
155	915
155	941
155	942
155	954
155	985
156	192
156	273
156	445
156	538
156	674
156	749
156	790
156	838
156	935
158	413
158	444
158	547
158	728
159	189
159	195
159	273
159	351
159	404
159	479
159	564
159	584
159	607
159	632
159	664
159	807
160	183
160	189
160	219
160	267
160	275
160	282
160	330
160	450
160	454
160	501
160	531
160	684
160	711
160	809
160	827
160	852
160	853
160	877
161	175
161	226
161	240
161	254
161	271
161	310
161	339
161	376
161	474
161	532
161	714
161	717
161	742
161	766
161	829
161	920
163	175
163	602
163	661
163	675
163	805
163	840
163	898
164	241
164	604
164	977
165	419
165	452
165	583
165	729
166	247
166	254
166	318
166	374
166	381
166	383
166	755
166	891
167	311
167	959
168	246
168	311
168	314
168	374
168	435
168	514
168	546
168	561
168	621
168	681
168	739
168	765
168	782
168	783
168	954
168	956
168	966
168	995
169	325
170	240
170	345
170	376
170	504
170	542
170	649
170	663
170	704
170	916
171	174
171	251
171	279
171	310
171	317
171	331
171	332
171	416
171	424
171	526
171	549
171	570
171	621
171	647
171	699
171	839
172	233
172	241
172	245
172	251
172	331
172	464
172	504
172	589
172	645
172	660
172	662
172	663
172	671
172	682
172	739
172	752
172	890
173	195
173	276
173	282
173	317
173	324
173	337
173	342
173	399
173	413
173	508
173	596
173	671
173	682
173	890
174	200
174	345
174	414
174	474
174	514
174	522
174	649
174	717
174	763
174	954
174	963
175	264
175	284
175	328
175	349
175	456
175	764
175	836
175	846
175	948
175	952
176	289
176	313
176	456
176	502
176	537
176	616
176	661
176	675
176	738
176	895
176	948
177	200
177	216
177	253
177	277
177	311
177	342
177	365
177	379
177	421
177	473
177	483
177	514
177	541
177	575
177	647
177	746
177	763
177	801
177	813
177	828
177	942
177	954
177	988
178	214
178	292
178	303
178	400
178	449
178	501
178	529
178	538
178	609
179	208
179	340
179	388
179	553
179	623
179	650
179	693
179	822
180	574
180	790
180	908
181	248
181	359
181	379
181	632
181	654
181	714
181	827
182	192
182	442
182	777
182	811
182	974
183	865
183	867
184	191
184	338
184	513
184	548
184	694
184	933
185	405
186	241
186	342
186	391
186	411
186	568
186	660
186	668
186	685
186	719
186	758
186	818
187	202
187	224
187	232
187	310
187	327
187	499
187	514
187	553
187	612
187	720
187	782
187	802
187	888
187	890
187	916
187	959
189	301
189	312
189	579
189	584
189	597
189	627
189	764
189	767
189	809
189	827
189	951
190	408
190	483
190	505
190	568
190	574
190	781
190	943
191	370
191	391
191	720
191	810
192	301
192	527
192	567
192	648
192	979
193	222
193	534
193	622
193	648
193	736
193	874
193	974
194	349
194	678
195	216
195	260
195	335
195	351
195	531
195	541
195	568
195	625
195	635
195	828
195	839
195	875
195	891
195	918
195	941
195	980
196	242
196	255
196	259
196	691
196	956
197	369
197	741
197	866
198	444
198	482
198	924
198	934
199	245
199	323
199	489
199	573
199	603
199	640
199	715
199	759
199	828
199	903
199	922
199	951
199	969
200	252
200	274
200	347
200	424
200	426
200	474
200	508
200	565
200	580
200	703
200	739
200	763
200	769
200	985
201	796
201	893
202	229
202	318
202	327
202	379
202	484
202	833
203	248
203	278
203	344
203	396
203	465
203	501
203	546
203	570
203	664
203	746
203	887
203	948
204	344
204	540
204	670
204	882
204	996
205	463
206	216
206	500
206	514
206	534
206	570
206	660
206	702
206	709
206	745
206	771
206	894
206	933
207	257
207	336
207	345
207	425
207	477
207	508
207	546
207	571
207	619
207	623
207	676
207	689
207	710
207	750
207	765
207	829
207	850
207	860
207	946
208	383
208	471
208	503
208	507
208	786
208	845
209	266
209	357
209	674
209	736
209	867
209	918
209	972
209	994
211	265
211	501
211	792
211	844
211	883
211	991
213	468
213	548
213	589
214	243
214	265
214	303
214	396
214	495
214	521
214	670
214	798
214	807
214	836
214	858
214	906
215	453
216	306
216	339
216	421
216	496
216	575
216	592
216	647
216	839
216	859
216	872
216	926
216	959
216	972
217	347
217	718
217	845
217	892
219	272
219	332
219	447
219	469
219	483
219	501
219	584
219	713
219	792
219	877
219	948
219	957
220	240
220	507
220	773
221	243
221	283
221	285
221	456
221	506
221	529
221	569
221	755
221	779
221	886
221	948
221	968
222	757
222	800
222	802
222	929
223	287
223	466
223	929
224	284
224	539
224	666
224	681
224	839
225	790
225	970
226	247
226	254
226	255
226	269
226	279
226	406
226	425
226	560
226	570
226	949
226	952
226	961
227	340
227	544
227	892
227	898
228	258
228	741
228	811
229	508
229	532
229	542
229	649
229	691
229	912
229	936
230	252
230	335
230	530
230	540
230	731
230	883
230	902
230	927
230	956
231	257
231	335
231	456
231	537
231	636
231	714
231	721
231	779
231	846
231	886
232	337
232	418
232	577
232	589
232	771
232	848
232	981
233	249
233	487
233	508
233	514
233	516
233	647
233	752
233	829
233	907
233	930
234	271
234	303
234	353
234	404
234	440
234	449
234	466
234	511
234	529
234	584
234	732
234	883
234	885
235	310
235	328
235	382
235	389
235	508
235	526
235	621
235	687
235	703
235	783
235	859
235	915
235	956
236	242
236	340
236	354
236	488
236	691
236	744
236	880
236	939
236	947
236	992
237	288
237	301
237	599
238	291
238	296
238	340
238	420
238	439
238	613
238	631
238	911
238	925
239	820
240	610
240	613
240	619
240	690
240	706
241	413
241	418
241	493
241	547
241	585
241	660
241	880
241	987
242	247
242	298
242	318
242	339
242	347
242	380
242	503
242	571
242	613
242	619
242	701
242	737
242	987
243	274
243	335
243	344
243	416
243	501
243	584
243	630
243	647
243	682
243	699
243	746
243	814
243	860
243	927
243	952
244	283
244	330
244	411
244	426
244	472
244	508
244	647
244	745
244	818
244	907
244	942
244	946
244	981
244	988
245	249
245	253
245	317
245	487
245	500
245	589
245	647
245	658
245	824
245	865
245	874
245	922
246	247
246	347
246	516
246	522
246	565
246	587
246	775
246	828
246	860
246	907
246	954
247	254
247	328
247	342
247	495
247	509
247	514
247	536
247	601
247	645
247	659
247	699
247	710
247	748
247	834
247	949
247	954
247	976
248	308
248	312
248	373
248	527
248	579
248	607
248	854
248	901
249	480
249	727
249	888
249	913
249	922
250	275
250	303
250	400
250	422
250	813
250	917
250	973
251	332
251	405
251	490
251	590
251	612
251	651
251	694
251	745
251	752
251	891
251	907
251	966
251	976
251	988
251	995
252	282
252	285
252	349
252	406
252	560
252	601
252	620
252	699
252	737
252	765
252	852
252	907
252	955
253	304
253	391
253	455
253	553
253	568
253	658
253	758
253	804
253	835
253	888
253	978
253	981
253	999
254	257
254	285
254	306
254	425
254	510
254	569
254	608
254	755
254	911
255	319
255	420
255	426
255	495
255	606
255	697
255	917
256	287
256	292
256	721
256	750
256	858
257	414
257	620
257	952
258	320
258	396
258	435
258	489
258	496
258	579
258	664
258	860
258	870
258	900
258	919
259	328
259	340
259	485
259	619
259	657
259	742
259	880
259	965
259	971
260	277
260	310
260	421
260	423
260	575
260	601
260	640
260	681
260	763
260	827
260	859
260	915
260	922
260	930
260	956
260	995
261	698
263	288
263	320
263	331
263	334
263	373
263	410
263	550
263	643
263	759
263	806
263	810
263	984
264	319
264	456
264	533
264	556
264	655
264	814
264	821
264	829
265	267
265	361
265	373
265	583
265	648
265	731
265	809
265	931
265	980
266	368
266	461
266	802
266	866
267	286
267	293
267	294
267	353
267	371
267	477
267	529
267	552
267	559
267	624
267	664
267	670
267	683
267	721
267	814
267	877
267	891
267	928
268	320
268	401
268	574
268	825
268	957
268	960
269	336
269	356
269	415
269	424
269	456
269	476
269	537
269	683
269	703
269	886
269	887
269	996
270	950
271	351
271	355
271	552
271	560
271	630
271	716
271	779
271	814
271	846
271	887
271	949
272	335
272	353
272	400
272	404
272	531
272	634
272	732
272	792
272	827
272	948
272	973
272	993
273	278
273	343
273	351
273	359
273	648
273	674
273	721
273	740
274	283
274	317
274	327
274	332
274	484
274	512
274	514
274	553
274	570
274	659
274	660
274	710
274	783
274	829
275	305
275	366
275	474
275	530
275	555
275	643
275	772
275	858
276	388
276	603
276	649
276	663
276	691
276	710
276	737
276	744
276	752
276	856
276	946
276	976
277	410
277	469
277	480
277	490
277	559
277	575
277	586
277	592
277	719
277	730
277	865
277	874
277	899
278	326
278	330
278	334
278	496
278	531
278	583
278	625
278	645
278	793
278	955
279	336
279	409
279	496
279	561
279	700
279	773
279	805
279	891
279	996
280	308
280	533
280	679
281	386
281	555
281	678
281	795
281	836
281	863
281	895
282	283
282	303
282	322
282	348
282	416
282	507
282	583
282	634
282	645
282	713
282	740
282	765
282	809
282	813
282	814
282	834
282	868
282	875
282	956
282	963
283	285
283	294
283	306
283	322
283	331
283	355
283	529
283	531
283	601
283	630
283	636
283	681
283	699
283	861
283	887
283	951
283	995
284	324
284	332
284	426
284	492
284	651
284	659
284	752
284	763
284	782
284	815
284	828
284	915
284	918
285	294
285	325
285	375
285	486
285	509
285	968
286	305
286	349
286	365
286	430
286	560
286	634
286	647
286	763
286	853
286	860
286	887
286	931
287	334
287	398
287	458
287	552
287	732
287	885
288	331
288	574
288	819
288	838
288	858
288	908
288	974
289	329
289	598
289	836
290	445
290	867
290	974
291	294
291	335
291	339
291	389
291	443
291	557
291	572
291	587
291	724
291	824
291	834
291	992
292	312
292	367
292	407
292	458
293	348
293	399
293	430
293	451
293	506
293	508
293	541
293	575
293	645
293	766
293	772
293	792
293	814
293	859
293	911
293	941
294	303
294	336
294	492
294	509
294	552
294	560
294	570
294	596
294	602
294	630
294	703
294	765
294	927
294	948
295	405
295	576
295	727
295	782
295	934
296	325
296	376
296	451
296	602
296	724
297	545
297	558
298	340
298	345
298	376
298	601
298	815
299	332
299	336
299	337
299	451
299	464
299	465
299	504
299	508
299	514
299	531
299	625
299	737
299	745
299	763
299	956
299	976
299	995
300	325
300	415
300	420
300	511
300	512
300	555
300	764
300	788
300	840
300	846
300	861
301	379
301	427
301	611
301	630
301	674
301	750
301	854
302	459
302	682
303	312
303	415
303	478
303	746
303	756
303	789
303	883
303	931
303	962
304	621
304	685
304	842
305	396
305	414
305	596
305	651
305	732
305	778
305	931
305	991
306	399
306	423
306	447
306	464
306	496
306	508
306	552
306	621
306	732
306	759
306	803
306	820
306	875
306	930
306	957
306	963
307	339
307	340
307	425
307	638
307	689
307	912
308	517
308	778
308	789
310	324
310	337
310	347
310	389
310	476
310	546
310	561
310	647
310	651
310	730
310	767
310	859
310	941
311	320
311	337
311	342
311	470
311	474
311	516
311	659
311	745
311	758
311	828
311	941
311	988
312	349
312	457
312	458
312	466
312	478
312	634
312	675
312	684
312	716
312	731
312	807
313	476
313	502
313	506
313	515
313	712
313	750
313	778
313	780
313	885
313	917
314	423
314	447
314	541
314	561
314	647
314	699
314	805
314	872
314	877
314	907
315	329
315	349
315	375
315	386
315	415
315	537
315	569
316	505
316	736
316	798
316	866
317	328
317	330
317	404
317	414
317	416
317	447
317	476
317	479
317	601
317	891
317	966
318	328
318	426
318	438
318	492
318	601
318	663
318	691
318	717
318	822
318	879
318	927
318	980
319	569
319	693
319	714
319	826
320	331
320	470
320	526
320	532
320	575
320	580
320	625
320	651
320	666
320	759
320	798
320	861
320	868
320	923
322	344
322	404
322	430
322	451
322	470
322	511
322	531
322	602
322	664
322	766
322	948
323	758
323	800
323	835
324	474
324	509
324	532
324	540
324	602
324	613
324	699
324	706
324	859
324	860
324	916
325	406
325	441
325	556
325	601
325	676
325	700
325	705
325	773
325	816
325	886
325	961
325	983
326	330
326	512
326	586
326	624
326	654
326	669
326	699
326	702
326	899
326	951
326	956
326	972
327	342
327	345
327	404
327	479
327	541
327	612
327	653
327	665
327	769
327	771
327	956
327	976
328	449
328	564
328	584
328	808
328	963
329	569
329	878
330	348
330	479
330	540
330	564
330	640
330	681
330	700
330	702
330	737
330	803
330	827
330	843
330	900
330	966
330	972
331	534
331	583
331	600
331	853
331	903
331	915
331	978
331	988
332	424
332	509
332	748
332	813
332	815
332	907
333	348
333	415
333	452
333	518
333	521
333	533
333	537
333	655
333	795
333	807
333	836
334	377
334	611
334	767
334	832
334	903
335	366
335	409
335	451
335	584
335	602
335	634
335	636
335	661
335	764
335	772
335	792
335	937
336	456
336	570
336	588
336	621
336	651
336	703
336	763
336	779
336	834
336	954
337	376
337	496
337	553
337	566
337	637
337	763
337	810
337	818
337	959
338	390
338	499
338	624
338	707
338	822
338	851
339	421
339	680
339	920
339	971
339	987
340	345
340	356
340	488
340	498
340	596
340	650
340	690
340	693
340	829
340	912
341	361
341	428
342	438
342	451
342	496
342	504
342	524
342	527
342	647
342	683
342	708
342	842
342	903
342	915
343	400
343	469
343	531
343	538
343	624
343	648
344	373
344	428
344	669
344	746
344	973
345	380
345	381
345	382
345	659
345	663
345	701
345	753
345	755
345	906
345	992
347	492
347	498
347	508
347	514
347	589
347	619
347	649
347	710
347	725
347	730
347	739
347	779
347	925
348	351
348	358
348	514
348	552
348	587
348	634
348	699
348	716
348	803
348	868
348	940
348	948
348	951
348	976
349	355
349	396
349	428
349	540
349	596
349	742
349	750
349	783
349	852
349	928
350	378
350	434
350	629
350	824
351	366
351	373
351	430
351	454
351	578
351	583
351	624
351	742
351	811
352	604
352	658
352	994
353	379
353	430
353	483
353	530
353	600
353	630
353	713
353	765
353	772
353	792
353	827
353	928
353	963
353	969
353	996
354	690
354	816
354	938
355	361
355	449
355	454
355	578
355	740
355	885
355	899
355	996
356	385
356	784
356	816
356	910
356	939
357	368
357	455
357	482
357	719
357	900
357	923
357	943
357	989
358	418
358	433
358	497
358	586
358	625
358	640
358	740
358	803
358	838
358	923
358	957
358	993
359	666
359	711
359	900
359	973
360	726
361	422
361	466
361	697
361	731
361	876
362	539
362	939
362	965
362	971
362	982
363	444
363	446
363	982
364	551
365	416
365	424
365	428
365	483
365	625
365	630
365	647
365	664
365	766
365	767
365	809
365	877
365	928
366	473
366	550
366	578
366	681
366	765
366	772
366	832
366	875
366	928
367	731
368	573
368	692
368	715
368	865
369	379
369	445
369	684
369	866
370	408
370	715
370	865
371	422
371	425
371	495
371	518
371	569
371	902
371	973
372	535
372	932
373	474
373	630
373	746
373	766
373	803
373	899
373	900
374	441
374	556
374	608
374	676
374	808
374	952
375	441
375	691
375	764
375	840
376	474
376	477
376	522
376	587
376	645
376	663
376	676
376	701
376	703
376	748
376	753
376	822
376	828
376	842
376	946
377	711
377	721
377	751
378	402
378	439
378	690
378	722
378	816
378	856
378	879
378	880
378	910
378	965
379	428
379	538
379	570
379	573
379	619
379	625
379	739
379	858
379	877
380	556
380	701
380	712
380	815
380	976
381	425
381	441
381	477
381	485
381	613
381	660
381	762
381	927
382	437
382	477
382	481
382	635
382	816
382	850
383	471
383	563
383	606
383	846
383	992
384	460
384	537
384	812
384	905
386	429
386	598
386	812
387	418
387	461
387	548
387	585
387	658
387	660
387	704
387	933
387	943
387	981
388	633
388	685
388	988
389	399
389	476
389	509
389	676
389	710
389	783
389	859
389	875
389	877
389	941
389	952
389	968
389	983
390	562
390	657
390	890
390	992
391	405
391	412
391	461
391	470
391	516
391	585
391	637
391	668
391	694
391	707
391	924
392	433
392	540
392	575
392	630
392	647
392	768
392	793
392	810
392	825
392	838
392	866
392	914
392	972
393	554
393	594
393	921
395	440
395	502
395	902
395	962
396	400
396	417
396	428
396	552
396	588
396	669
396	713
396	883
396	887
396	931
396	955
396	996
397	536
398	400
398	419
398	515
398	607
399	416
399	464
399	521
399	565
399	570
399	588
399	601
399	653
399	664
399	730
399	737
399	745
399	868
399	954
399	985
401	410
401	573
401	578
401	611
401	759
401	853
402	494
402	822
402	910
402	936
402	998
404	473
404	530
404	651
404	664
404	852
404	853
404	875
404	928
404	969
405	413
405	612
405	698
405	701
405	842
405	851
405	933
406	414
406	420
406	456
406	608
406	700
406	753
406	927
406	985
406	996
407	501
407	515
407	669
407	827
407	844
408	482
408	520
408	800
408	835
408	914
408	989
409	588
409	596
409	634
409	636
409	675
409	713
409	765
409	797
409	834
409	973
409	980
410	550
410	575
410	579
410	715
410	894
411	482
411	619
411	708
411	752
411	959
412	487
412	511
412	516
412	660
412	671
412	708
412	720
412	799
412	817
412	851
412	933
412	981
413	446
413	590
413	653
413	659
413	873
413	924
413	969
414	473
414	512
414	606
414	659
414	699
414	763
414	851
414	920
414	937
414	994
415	591
415	705
415	712
415	738
416	426
416	479
416	546
416	587
416	598
416	601
416	640
416	739
416	742
416	769
416	782
416	819
416	834
416	906
416	951
417	553
417	577
417	649
417	698
417	708
417	842
417	856
417	922
417	946
417	966
417	986
418	585
418	933
418	964
419	643
419	648
419	664
419	711
420	452
420	486
420	510
420	511
420	569
420	581
420	826
420	983
421	489
421	534
421	587
421	596
421	699
421	801
421	859
421	916
421	920
421	940
421	941
422	428
422	442
422	449
422	478
422	609
422	721
422	875
422	928
423	524
423	550
423	612
423	647
423	649
423	665
423	666
423	682
423	802
423	985
424	486
424	601
424	603
424	635
424	647
424	701
424	706
424	737
424	748
424	808
424	875
424	954
425	540
425	602
425	606
425	623
425	662
425	689
425	911
425	920
426	516
426	565
426	590
426	737
426	779
426	808
426	829
426	916
426	995
427	534
427	644
427	654
427	702
427	798
427	858
428	454
428	501
428	527
428	531
428	583
428	625
428	669
428	675
428	697
428	809
429	655
429	895
429	932
430	447
430	450
430	477
430	511
430	597
430	675
430	703
430	730
430	829
430	872
430	931
430	969
430	972
432	453
432	535
432	795
432	905
433	465
433	490
433	666
433	709
433	767
433	798
433	838
433	900
434	524
434	650
434	845
434	925
434	946
434	986
435	597
435	781
435	810
435	819
435	970
435	994
436	898
437	463
437	539
437	594
437	774
438	489
438	630
438	716
438	732
438	813
438	915
438	933
438	959
438	963
439	690
439	718
439	722
439	824
440	627
440	746
440	996
441	476
441	949
441	956
442	644
442	935
442	944
442	979
443	613
443	635
443	718
443	762
443	764
443	880
444	547
444	646
444	799
444	890
444	934
445	811
447	522
447	546
447	621
447	713
447	799
447	940
447	966
448	796
449	501
449	517
449	732
449	807
450	630
450	721
450	793
450	899
450	955
451	483
451	514
451	546
451	565
451	571
451	659
451	682
451	828
451	901
451	946
451	966
452	584
452	798
452	973
453	898
454	627
454	713
454	805
454	875
454	940
454	993
455	487
455	499
455	524
455	589
455	612
455	758
455	771
455	820
455	842
455	848
456	474
456	510
456	602
456	840
456	891
457	473
457	558
457	648
457	996
458	478
458	552
458	616
458	655
459	513
459	953
461	553
461	568
461	585
461	685
461	720
461	835
461	888
461	933
462	997
463	774
463	879
464	507
464	570
464	587
464	737
464	742
464	912
464	952
464	966
465	625
465	732
465	793
465	803
465	853
465	900
465	942
466	721
466	807
466	837
466	901
467	471
467	623
467	676
467	925
467	939
468	685
468	818
468	945
469	472
469	496
469	527
469	586
469	597
469	600
469	625
469	702
469	727
469	803
469	859
469	872
469	969
469	972
469	993
470	570
470	583
470	588
470	647
470	669
470	745
470	771
470	782
470	828
470	904
470	906
470	923
470	931
471	488
471	518
471	608
471	724
471	760
471	762
471	788
471	911
472	566
472	568
472	633
472	637
472	727
473	496
473	579
473	624
473	797
473	899
474	512
474	514
474	522
474	634
474	663
474	674
474	683
474	706
474	808
474	813
474	891
474	963
475	594
476	485
476	556
476	602
476	645
476	691
476	703
476	705
476	706
476	764
476	765
476	927
477	494
477	503
477	557
477	610
477	623
477	651
477	690
478	501
478	670
478	721
478	731
478	746
478	792
478	814
479	493
479	553
479	612
479	653
479	691
479	720
479	845
479	868
479	976
480	516
480	575
480	585
480	640
480	658
480	747
480	781
480	914
480	924
480	964
480	978
481	494
481	610
481	856
482	504
482	592
482	873
482	964
482	989
483	496
483	546
483	578
483	630
483	739
483	798
483	803
483	829
483	951
483	966
483	993
484	508
484	625
484	645
484	647
484	668
484	682
484	688
484	737
484	742
484	799
484	834
484	839
484	872
484	954
484	966
485	518
485	623
485	712
486	581
486	789
486	949
487	585
487	888
487	964
488	503
488	631
489	565
489	587
489	621
489	647
489	759
489	818
489	941
490	500
490	575
490	586
490	647
490	730
490	752
490	801
490	817
490	842
490	874
491	811
492	516
492	541
492	565
492	570
492	587
492	601
492	612
492	703
492	717
492	748
492	783
492	808
492	828
492	859
492	861
492	889
492	890
492	963
493	524
493	584
493	592
493	710
493	782
493	821
493	833
493	874
493	978
494	532
494	938
494	997
495	518
495	608
495	683
495	716
495	746
495	772
495	840
495	860
495	928
495	956
495	961
495	969
496	640
496	671
496	842
496	867
496	945
496	951
497	573
497	574
497	578
497	586
497	592
497	640
497	654
497	709
497	918
498	543
498	619
498	657
498	755
498	816
499	553
499	562
499	576
499	694
499	998
500	526
500	534
500	559
500	645
500	682
500	801
500	859
500	868
500	894
500	966
501	616
501	716
501	746
501	859
502	670
502	789
502	814
502	996
503	507
503	512
503	687
503	938
504	516
504	603
504	658
504	719
504	769
504	851
504	872
504	894
504	915
505	749
506	511
506	714
506	917
506	962
507	508
507	657
507	762
508	514
508	524
508	571
508	586
508	612
508	640
508	653
508	659
508	690
508	859
508	890
508	967
509	521
509	587
509	682
509	690
509	753
509	765
509	827
509	891
509	961
510	560
510	608
510	701
510	703
510	886
510	961
511	537
511	560
511	712
511	852
511	937
512	602
512	710
512	742
512	808
513	604
513	862
514	651
514	663
514	763
514	783
514	855
514	956
514	963
514	985
515	733
516	561
516	621
516	682
516	783
516	891
516	915
516	959
517	518
517	533
517	678
517	780
517	876
517	917
518	570
518	779
518	861
518	968
520	835
520	871
521	537
521	587
521	609
521	616
521	700
521	885
521	902
521	917
521	952
522	663
522	760
522	949
523	892
523	947
524	526
524	633
524	653
524	694
524	739
524	959
525	898
526	548
526	568
526	625
526	660
526	666
526	671
526	745
526	768
526	956
526	988
526	993
526	995
527	625
527	664
527	740
527	797
527	843
527	903
528	595
528	694
529	530
529	540
529	584
529	731
529	877
530	540
530	596
530	616
530	772
530	779
530	792
530	805
530	808
530	877
530	948
531	541
531	607
531	627
531	643
531	732
531	838
531	858
532	701
532	773
533	734
533	778
533	857
533	932
534	565
534	640
534	643
534	750
534	767
534	768
534	867
534	868
534	875
534	928
534	942
536	846
536	909
536	932
537	679
537	834
538	564
538	579
538	583
538	591
538	597
538	607
538	711
538	740
539	638
539	665
539	784
539	936
539	938
539	965
540	584
540	601
540	716
540	731
540	742
540	779
540	833
540	861
541	590
541	621
541	636
541	663
541	669
541	681
541	775
541	803
541	805
541	828
541	843
541	868
541	875
541	903
541	906
541	915
541	966
542	633
542	698
542	727
542	856
546	588
546	681
546	783
546	813
546	827
546	843
546	868
546	930
546	976
547	577
547	845
547	897
547	934
548	668
548	720
548	758
548	824
548	933
548	998
549	636
549	662
549	786
549	815
549	830
549	980
550	570
550	575
550	766
550	808
550	827
550	929
550	931
552	579
552	640
552	683
552	750
552	789
552	887
552	969
553	580
553	603
553	660
553	685
553	706
553	739
553	906
553	940
553	976
554	562
555	724
555	836
555	846
556	606
556	705
556	748
556	907
556	952
557	566
557	570
557	693
557	754
558	648
559	817
559	825
559	833
559	918
559	960
560	691
560	772
560	860
560	952
561	612
561	759
561	828
561	873
561	890
562	698
562	822
562	824
563	606
563	608
563	700
564	644
564	899
565	621
565	638
565	660
565	739
565	832
565	995
566	577
566	638
566	650
567	793
567	919
567	979
568	592
568	715
568	745
568	818
568	914
568	933
569	714
569	952
570	587
570	612
570	699
570	763
570	783
570	808
570	834
570	839
570	860
570	891
570	963
570	995
571	650
573	825
573	899
573	960
573	989
574	599
574	666
574	855
574	979
575	625
575	666
575	825
576	824
576	864
577	748
577	782
577	822
577	963
578	612
578	682
578	702
578	759
578	767
578	853
578	903
578	930
578	978
579	766
579	793
579	840
580	706
580	769
580	839
580	906
580	924
580	946
580	966
581	676
581	700
581	846
581	961
581	983
583	624
583	716
583	793
584	588
584	630
584	809
584	858
584	894
584	907
584	956
585	639
585	720
585	747
585	855
585	964
586	739
586	766
586	781
586	951
587	588
587	601
587	606
587	645
587	742
587	772
587	817
587	940
587	963
587	967
588	739
588	748
588	803
588	856
588	891
588	930
589	638
589	820
590	649
590	745
590	842
590	941
591	962
592	715
592	839
592	964
593	646
593	818
594	744
594	845
594	965
595	646
595	999
596	668
596	681
596	742
596	765
596	877
596	891
596	941
597	714
597	838
597	854
597	918
598	675
598	748
598	772
599	787
599	813
599	839
599	975
600	643
600	767
600	793
600	853
601	620
601	742
601	748
601	859
601	940
601	969
602	691
602	764
602	807
602	812
602	814
603	633
603	649
603	653
603	671
603	830
603	875
603	906
603	963
604	637
606	608
606	693
606	710
606	911
606	983
607	792
607	793
607	797
607	929
608	753
608	755
608	773
608	949
609	756
609	789
609	917
610	620
610	657
610	677
610	689
610	698
610	788
611	709
611	832
611	853
611	970
612	645
612	771
612	782
612	830
613	689
613	701
613	761
613	786
613	889
613	915
616	876
616	961
616	973
618	958
619	620
619	691
619	706
619	816
619	880
619	986
620	623
620	808
620	859
620	911
620	948
620	949
620	992
621	647
621	708
621	737
621	766
621	805
621	813
621	860
621	916
621	959
623	676
623	689
623	710
623	724
623	725
624	634
624	716
624	731
624	899
624	900
625	853
625	942
625	967
627	670
627	803
627	827
627	901
627	917
628	657
628	760
628	971
629	936
630	873
630	891
630	928
630	942
630	955
631	691
631	755
631	841
631	912
631	997
632	647
632	669
632	674
632	697
632	721
632	732
632	789
632	883
632	885
632	887
632	952
632	991
633	647
633	668
633	763
633	799
633	848
633	988
634	640
634	753
634	809
634	903
634	968
636	670
636	797
636	877
636	948
636	996
637	694
637	801
638	650
638	824
638	946
638	971
639	945
640	682
640	775
640	888
640	900
640	903
640	941
640	951
642	751
643	664
643	899
643	957
644	648
644	652
644	674
644	806
644	809
645	681
645	763
645	766
645	843
645	853
645	907
645	915
645	927
645	941
645	956
645	980
645	995
646	977
646	998
647	694
647	745
647	771
647	818
647	872
647	916
647	930
647	951
648	729
648	740
648	806
649	820
649	833
649	889
649	907
649	942
649	947
650	662
650	722
650	829
650	848
651	682
651	737
651	775
651	813
651	954
651	966
653	707
653	753
653	769
653	782
653	820
653	956
654	692
654	787
654	899
657	830
657	850
657	889
658	660
658	727
658	924
658	989
659	663
659	701
659	706
659	748
659	768
659	783
659	786
659	859
659	872
660	681
660	759
660	779
660	818
660	865
660	872
660	904
660	918
660	989
661	678
661	909
662	687
662	698
663	676
663	682
663	691
663	701
663	710
663	911
663	924
663	949
663	976
664	797
664	854
664	972
665	879
665	965
665	971
666	745
666	759
666	894
667	747
668	804
668	820
668	822
668	835
668	981
669	684
669	767
669	793
669	815
669	928
669	955
670	716
670	732
670	750
670	858
670	883
670	884
670	928
671	730
671	764
671	802
671	813
671	842
671	872
671	940
671	995
674	711
674	740
674	766
674	870
674	900
674	962
675	712
675	716
675	764
675	778
675	973
676	699
676	755
676	840
677	707
677	710
677	771
677	833
677	851
677	942
677	987
678	807
678	861
678	983
678	991
680	897
680	982
680	998
681	703
681	713
681	742
681	843
681	868
681	872
681	891
681	924
682	685
682	706
682	748
682	783
682	803
682	853
682	875
682	930
683	716
683	783
683	834
684	713
684	810
684	993
685	720
685	758
685	810
685	904
685	941
685	959
687	824
687	986
688	867
688	924
689	710
689	786
689	949
690	710
690	992
691	701
691	925
691	939
692	727
692	759
692	768
692	853
692	874
692	923
693	773
693	927
693	987
694	801
696	781
696	871
697	746
697	798
697	844
697	858
697	955
697	973
698	856
698	864
698	946
698	967
698	971
699	717
699	742
699	765
699	834
699	859
699	916
700	937
701	856
702	810
702	868
702	957
703	753
703	783
703	985
704	752
704	959
705	714
706	737
706	748
706	783
706	833
706	841
706	920
706	976
707	987
708	758
708	763
708	782
708	964
709	914
710	829
711	729
711	929
711	935
711	957
712	734
713	765
713	951
713	985
714	973
715	875
715	964
716	772
716	883
716	885
716	973
717	742
717	763
717	852
717	860
717	861
719	752
719	803
719	804
719	845
719	867
719	915
719	924
719	933
719	994
720	933
720	964
721	750
721	809
721	817
721	883
722	816
722	971
724	821
724	840
725	786
725	911
725	925
727	922
729	793
729	900
730	782
730	803
730	872
730	900
730	967
731	738
731	743
731	789
731	814
731	858
731	948
732	803
732	877
732	887
734	826
734	857
735	770
737	813
737	829
737	906
737	915
737	916
737	976
738	909
738	961
739	805
739	815
739	868
739	880
739	930
739	941
739	956
739	976
741	984
742	805
742	808
742	827
742	834
742	860
742	907
742	980
744	998
745	839
745	848
745	853
745	872
746	827
746	863
746	887
746	996
747	758
747	759
747	839
747	867
747	888
748	763
748	808
748	815
748	907
748	978
749	899
750	875
750	887
750	930
750	969
750	993
751	798
752	872
752	873
752	915
752	916
752	941
752	988
753	859
753	961
753	967
757	800
759	798
759	838
759	918
760	925
760	980
761	910
762	788
762	826
763	828
763	967
763	976
764	861
764	891
764	917
764	937
764	961
765	920
765	972
766	783
766	813
766	828
767	768
767	787
767	798
767	809
767	838
767	853
767	868
767	903
768	926
768	975
769	818
769	941
771	783
771	830
771	859
771	873
772	792
772	827
773	826
774	982
775	817
775	843
775	846
775	923
777	806
777	944
779	792
779	916
779	949
779	973
781	945
782	803
782	805
782	810
782	833
782	880
782	915
782	923
782	967
783	942
783	967
784	824
784	881
785	913
786	889
786	925
787	904
787	926
787	988
789	809
789	827
789	877
789	885
789	931
792	887
792	903
792	928
793	798
793	873
795	843
795	876
797	798
797	814
797	873
797	883
797	969
798	877
798	899
799	830
799	924
800	943
801	954
802	989
803	805
803	813
803	852
803	853
803	875
803	899
803	951
803	969
803	993
804	888
804	923
805	813
805	843
805	872
805	875
805	941
807	885
807	969
808	906
809	877
809	917
809	948
809	955
810	832
810	894
810	978
811	944
811	974
812	823
812	905
813	963
813	976
814	884
814	973
815	817
815	824
815	925
815	967
815	971
817	957
818	922
818	959
820	933
822	833
822	971
823	925
824	986
825	865
825	888
825	896
826	898
827	877
828	891
828	915
828	941
828	956
828	971
828	972
831	832
831	869
831	974
833	959
833	971
833	976
833	988
834	836
834	907
835	922
835	950
836	860
836	886
837	844
837	870
837	929
838	872
838	900
838	906
838	975
838	978
839	873
839	916
839	930
839	959
840	927
841	947
842	907
842	941
842	951
842	966
843	876
844	870
848	890
848	934
849	850
849	856
851	976
852	883
853	854
853	926
853	969
854	979
855	975
860	928
860	937
861	886
862	999
863	885
863	963
863	973
865	874
865	916
865	918
865	969
866	984
867	918
867	919
867	945
867	994
868	894
868	929
868	930
869	893
871	945
872	915
872	963
874	954
874	994
875	941
875	993
877	907
877	980
880	967
880	992
883	973
886	968
887	962
887	968
888	904
889	946
889	963
890	907
891	915
891	980
896	958
899	900
899	928
900	957
903	966
906	907
906	915
906	954
907	959
907	966
911	925
911	961
912	920
912	971
914	918
915	954
915	967
917	968
918	994
922	933
922	943
923	926
923	967
925	992
926	960
928	942
928	993
930	941
930	942
930	951
930	985
935	979
940	954
940	976
942	951
947	987
951	957
952	966
957	972
957	993
959	988
961	980
963	967
967	976
975	984
979	984
980	996
981	986
982	989
