0	24
0	128
0	206
0	219
0	525
0	576
0	586
0	644
0	665
0	689
0	702
0	770
0	792
1	153
1	160
1	171
1	228
1	465
1	537
1	724
1	947
2	46
2	291
2	543
2	752
2	836
3	57
3	122
3	200
3	228
3	238
3	258
3	401
3	499
3	505
3	624
3	638
3	738
3	863
3	886
3	890
3	892
3	916
3	921
4	116
4	208
4	472
4	665
4	675
4	690
4	702
4	715
5	10
5	275
5	279
5	281
5	355
5	425
5	761
5	769
5	811
5	825
5	917
6	59
6	382
6	412
6	804
7	152
7	551
7	598
7	757
8	578
8	622
8	651
8	773
8	969
9	322
9	483
9	508
9	580
9	615
9	731
9	743
9	779
9	895
9	963
10	70
10	358
10	423
10	433
10	514
10	716
10	769
10	770
10	819
10	823
10	870
10	917
11	49
11	56
12	144
12	370
12	705
14	66
14	564
14	705
14	712
14	884
15	134
15	245
15	251
15	340
15	471
15	488
15	619
15	629
15	644
15	842
15	978
16	115
16	220
16	474
16	496
16	794
16	868
17	130
17	146
17	277
17	371
17	478
17	511
17	558
17	574
17	597
17	618
17	636
17	646
17	666
17	709
17	721
17	800
17	855
17	996
18	19
18	305
18	347
18	392
18	497
18	514
18	575
18	582
18	584
19	165
19	281
19	373
19	510
19	582
19	623
19	806
19	869
20	62
20	533
20	572
20	704
21	137
21	220
21	512
21	661
21	753
21	829
21	985
22	225
22	976
23	79
23	202
23	231
23	329
23	381
23	617
23	934
24	92
24	132
24	164
24	245
24	745
24	774
25	34
25	207
25	426
25	472
25	543
25	678
25	821
25	902
25	910
26	284
26	369
26	556
26	893
27	49
27	153
27	205
27	232
27	523
27	537
27	561
27	693
27	750
27	940
27	955
28	66
28	168
29	40
29	246
29	251
29	258
29	350
29	395
29	409
29	434
29	451
29	536
29	616
29	626
29	648
29	657
29	667
29	683
29	734
29	794
30	75
30	333
30	350
30	422
30	563
31	70
31	88
31	136
31	177
31	279
31	301
31	347
31	384
31	388
31	680
31	685
31	765
31	785
32	140
33	34
33	60
33	88
33	156
33	178
33	221
33	229
33	239
33	320
33	327
33	367
33	430
33	431
33	434
33	453
33	499
33	505
33	538
33	599
33	614
33	720
33	807
33	849
33	991
34	223
34	242
34	410
34	416
34	471
34	499
34	538
34	549
34	626
34	710
34	722
34	777
34	780
34	824
34	872
35	171
35	174
35	187
35	193
35	284
35	396
35	457
35	478
35	510
35	597
36	240
36	503
37	85
37	207
37	317
37	322
37	343
37	428
37	438
37	678
37	807
38	138
38	646
38	652
38	663
38	728
38	909
38	912
39	224
39	346
39	347
39	529
39	594
39	615
39	705
39	963
39	993
40	329
40	395
40	536
40	756
41	749
41	752
41	764
41	826
42	153
42	733
43	126
43	128
43	156
43	182
43	339
43	395
43	583
43	775
43	793
43	904
44	424
44	813
44	866
44	950
46	100
46	201
46	374
47	153
47	183
47	306
47	554
47	759
47	828
50	226
50	240
50	247
50	341
50	348
50	439
50	471
50	538
50	563
50	715
50	755
50	969
52	261
52	440
52	775
52	784
53	408
53	440
53	533
53	602
53	652
53	771
53	888
53	915
53	961
54	227
54	516
54	613
54	693
54	724
54	914
55	67
55	73
55	190
55	243
55	254
55	314
55	356
55	472
55	611
55	654
55	815
55	868
56	454
56	492
56	561
56	572
56	714
56	862
57	133
57	154
57	339
57	381
57	551
57	562
57	671
57	738
57	802
57	890
57	898
57	925
57	978
58	841
59	115
59	234
59	247
59	265
59	689
59	800
59	804
59	805
59	807
59	820
59	857
59	948
60	71
60	229
60	302
60	504
60	669
60	769
60	793
60	816
60	827
60	943
61	121
61	210
61	343
61	397
61	401
61	413
61	431
61	600
61	637
61	654
61	678
61	824
61	875
62	84
62	156
62	336
62	369
62	401
62	428
62	521
62	621
62	671
62	691
62	760
62	843
62	910
62	946
62	959
63	403
63	484
63	521
63	689
63	706
63	854
63	883
64	214
64	375
64	559
64	582
64	608
64	623
64	685
64	866
64	979
65	85
65	102
65	105
65	343
65	402
65	504
65	541
65	583
65	599
65	609
65	654
65	777
65	793
65	798
65	816
65	907
65	979
66	157
67	202
67	395
67	477
67	599
67	616
67	617
67	658
67	729
67	821
67	904
68	89
68	121
68	123
68	414
68	572
68	579
68	677
68	791
69	839
70	92
70	209
70	356
70	793
70	969
71	74
71	98
71	229
71	231
71	287
71	339
71	527
71	614
71	656
71	683
71	694
71	742
71	755
71	765
71	872
71	916
71	918
72	103
72	166
72	174
72	332
72	547
72	552
72	923
73	182
73	228
73	239
73	245
73	259
73	318
73	402
73	434
73	683
73	730
73	793
73	815
74	80
74	173
74	230
74	648
74	665
74	710
74	729
74	794
75	527
75	817
75	905
76	408
76	457
78	285
78	299
78	382
78	411
78	416
78	441
78	491
78	515
78	585
78	712
78	777
78	803
78	842
78	895
78	907
78	948
79	123
79	124
79	161
79	202
79	350
79	538
79	617
79	959
80	245
80	697
81	147
81	308
81	487
81	967
82	377
82	696
83	85
83	130
83	166
83	171
83	218
83	233
83	274
83	631
83	666
83	721
83	787
83	894
83	897
83	903
83	953
84	196
84	277
84	311
84	460
84	549
84	607
84	672
84	720
84	892
84	909
84	947
84	994
85	283
85	315
85	336
85	360
85	428
85	443
85	549
85	555
85	595
85	777
85	810
85	820
85	848
86	101
86	142
86	566
86	971
87	346
87	504
87	515
87	725
87	895
87	989
87	996
88	207
88	217
88	270
88	283
88	305
88	336
88	457
88	485
88	605
88	611
88	655
88	743
88	798
88	804
88	826
88	897
89	126
89	154
89	181
89	182
89	200
89	339
89	362
89	363
89	524
89	562
89	624
89	638
89	672
89	720
89	898
89	937
89	946
90	138
90	189
90	191
90	211
90	216
90	459
90	558
90	636
90	666
91	183
91	189
91	212
91	384
91	394
91	407
91	430
91	520
91	530
91	613
91	618
91	698
91	706
91	762
91	763
91	781
92	109
92	234
92	290
92	410
92	467
92	476
92	479
92	527
92	544
92	663
92	842
92	957
93	129
93	181
93	207
93	233
93	279
93	289
93	305
93	412
93	510
93	515
93	549
93	619
93	780
93	809
93	877
93	946
94	279
94	314
94	355
94	389
94	599
94	603
94	702
94	878
95	125
95	264
95	433
95	933
95	951
96	160
96	548
96	570
96	721
97	183
97	302
97	408
97	530
97	573
97	656
97	890
97	915
98	134
98	196
98	358
98	410
98	426
98	471
98	611
98	616
98	846
99	104
99	379
99	755
100	224
100	470
100	727
100	823
100	938
102	279
102	281
102	514
102	531
102	651
102	856
102	895
103	552
103	686
103	746
103	814
104	340
104	553
104	794
104	951
104	957
105	184
105	317
105	343
105	609
105	629
105	637
105	644
105	738
105	816
105	877
105	939
105	946
106	196
106	230
106	277
106	420
106	460
106	557
106	601
106	855
106	865
107	594
107	623
107	699
107	701
107	727
107	825
107	887
107	956
107	993
108	927
109	118
109	307
109	336
109	411
109	428
109	542
109	618
109	669
109	731
109	743
109	758
109	798
109	809
109	831
109	910
109	915
109	922
109	973
110	123
110	268
110	387
110	589
111	136
111	157
111	594
111	612
111	963
112	238
112	380
113	348
113	445
113	705
114	246
114	313
115	249
115	270
115	301
115	515
115	549
115	560
115	577
115	585
115	595
115	631
115	685
115	765
115	824
115	878
115	956
115	987
116	143
116	270
116	397
116	496
116	611
116	672
116	857
116	883
117	193
117	478
117	569
117	627
117	699
118	146
118	194
118	229
118	294
118	407
118	511
118	595
118	747
118	855
118	887
118	973
118	991
119	207
119	233
119	261
119	438
119	466
119	468
119	635
119	676
119	823
119	884
119	997
120	278
120	283
120	423
120	615
120	749
121	352
121	414
121	417
121	480
121	498
121	579
121	935
121	948
122	337
122	354
122	489
122	502
122	523
122	556
122	570
122	589
122	719
122	788
122	791
122	795
123	208
123	276
123	387
123	505
123	778
123	788
123	921
124	220
124	739
124	768
125	330
125	341
125	359
125	433
125	789
126	128
126	182
126	221
126	277
126	312
126	315
126	339
126	363
126	404
126	409
126	451
126	579
126	624
126	637
126	921
127	572
127	601
127	754
127	908
128	304
128	312
128	363
128	366
128	409
128	527
128	675
128	678
128	745
128	815
129	136
129	218
129	283
129	555
129	585
129	650
129	684
129	844
129	892
129	900
129	929
130	197
130	361
130	371
130	399
130	407
130	432
130	466
130	478
130	508
130	555
130	580
130	630
130	663
130	837
130	888
130	903
130	931
131	336
131	458
131	540
131	859
131	963
132	223
132	340
132	341
132	409
132	415
132	563
132	629
132	644
132	715
132	808
133	221
133	311
133	315
133	403
133	434
133	719
133	730
133	854
133	898
133	934
133	946
133	948
134	178
134	230
134	272
134	295
134	320
134	410
134	571
134	576
134	695
134	824
134	871
134	877
135	176
135	442
135	851
135	954
136	291
136	429
136	496
136	555
136	582
136	631
136	669
136	789
136	870
136	969
137	222
137	489
138	408
138	465
138	663
138	724
138	936
139	215
139	539
139	822
139	998
140	473
140	552
141	147
141	218
141	587
141	615
141	764
142	147
142	263
142	764
142	814
143	161
143	210
143	235
143	255
143	324
143	448
143	500
143	524
143	571
143	645
143	665
143	674
143	793
143	936
143	939
144	932
145	456
145	495
145	530
145	778
145	788
145	790
145	863
145	879
145	919
146	180
146	197
146	249
146	277
146	307
146	328
146	431
146	600
146	827
146	848
146	978
147	213
147	902
147	944
147	989
148	292
148	367
148	443
148	507
148	602
148	646
148	758
148	759
148	782
148	793
148	849
148	926
148	947
149	152
149	757
150	206
150	220
150	239
150	270
150	272
150	354
150	474
150	488
150	614
150	667
150	684
150	722
150	731
150	755
150	793
150	834
150	871
150	872
150	930
150	959
150	979
151	221
151	255
151	299
151	317
151	417
151	603
151	677
151	865
151	890
151	959
151	986
152	268
152	561
152	648
152	681
152	768
152	934
153	830
154	268
154	276
154	420
154	480
154	556
154	591
154	791
154	832
154	936
155	171
155	191
155	265
155	483
155	548
155	597
155	666
155	676
155	974
156	208
156	354
156	404
156	411
156	460
156	524
156	683
156	707
156	782
157	249
157	373
157	612
157	774
158	284
158	316
158	390
158	416
158	636
158	641
158	654
158	695
158	800
158	804
158	812
158	827
158	852
158	856
159	643
160	456
160	724
160	805
160	961
160	965
160	974
161	230
161	339
161	366
161	409
161	614
161	824
161	911
161	946
161	994
162	659
162	823
162	833
162	928
164	305
164	345
164	361
164	394
164	411
164	453
164	471
164	543
164	712
164	780
164	782
164	987
165	425
165	752
165	774
165	917
165	944
166	233
166	478
166	510
166	575
166	577
166	595
166	737
166	743
166	774
166	806
166	812
166	949
166	953
167	222
167	739
167	778
167	795
168	552
168	567
168	696
169	222
170	400
171	186
171	216
171	218
171	233
171	252
171	261
171	322
171	336
171	440
171	448
171	469
171	666
171	784
171	828
171	931
172	256
172	786
172	841
172	905
173	617
173	710
174	464
174	529
174	764
174	784
174	953
175	180
175	189
175	194
175	432
175	624
175	666
175	674
175	709
175	812
175	916
176	442
176	692
177	305
177	322
177	356
177	426
177	501
177	508
177	515
177	520
177	584
177	619
177	689
177	699
177	885
177	970
178	181
178	184
178	197
178	219
178	410
178	541
178	562
178	599
178	677
178	780
178	793
178	877
180	212
180	232
180	260
180	315
180	324
180	328
180	351
180	401
180	413
180	431
180	448
180	520
180	521
180	557
180	621
180	628
180	805
180	958
181	185
181	281
181	289
181	356
181	386
181	388
181	389
181	416
181	426
181	612
181	632
181	689
181	767
181	811
181	844
181	885
181	900
181	921
181	932
182	209
182	235
182	327
182	344
182	363
182	451
182	505
182	549
182	621
182	824
182	832
182	838
183	228
183	266
183	390
183	460
183	573
183	591
183	625
183	634
183	653
183	802
183	909
183	947
184	229
184	250
184	304
184	317
184	614
184	683
184	738
184	751
184	794
185	249
185	510
185	566
185	584
185	595
185	608
185	615
185	635
185	664
185	812
185	866
185	897
186	193
186	274
186	275
186	277
186	283
186	336
186	508
186	558
186	630
186	712
186	827
186	831
186	855
186	884
187	440
187	517
187	552
187	634
187	709
187	759
187	762
187	805
188	470
188	789
189	211
189	292
189	315
189	351
189	688
189	762
189	805
189	843
189	875
189	978
190	198
190	219
190	418
190	474
190	755
190	777
190	817
190	972
191	195
191	211
191	332
191	346
191	399
191	577
191	597
191	646
191	676
191	784
191	949
193	283
193	322
193	413
193	438
193	542
193	584
193	623
193	632
193	663
193	736
193	793
193	800
193	810
193	812
193	887
194	430
194	466
194	521
194	584
194	634
194	663
194	827
194	855
195	473
195	813
196	210
196	212
196	228
196	250
196	328
196	480
196	669
196	720
196	781
196	883
196	890
196	892
196	898
196	946
196	973
197	284
197	336
197	407
197	440
197	443
197	466
197	508
197	695
197	709
197	827
197	909
197	912
197	915
198	299
198	334
198	355
198	488
198	665
198	677
198	683
198	768
198	872
200	354
200	366
200	404
200	409
200	417
200	505
200	656
200	700
200	793
200	800
202	235
202	312
202	314
202	556
202	667
203	405
203	532
203	551
203	757
203	898
203	935
205	419
205	492
205	561
205	639
205	693
205	912
206	410
206	657
206	702
206	755
206	836
206	847
207	307
207	394
207	478
207	520
207	605
207	608
207	631
207	636
207	809
208	245
208	318
208	353
208	524
208	562
208	573
208	638
208	781
208	788
208	795
208	886
208	946
209	223
209	304
209	314
209	388
209	474
209	585
209	596
209	603
209	669
209	988
210	212
210	277
210	312
210	323
210	353
210	369
210	387
210	390
210	404
210	452
210	486
210	624
210	626
210	698
210	732
210	780
210	807
210	831
211	274
211	301
211	307
211	457
211	511
211	537
211	602
211	618
211	630
211	666
212	217
212	353
212	385
212	524
212	560
212	626
212	656
212	706
212	793
212	838
212	843
212	910
213	248
213	435
213	459
213	606
213	676
213	771
213	827
213	974
214	250
214	307
214	396
214	562
214	607
214	624
214	645
214	654
214	707
214	800
215	465
215	724
216	356
216	431
216	432
216	469
216	600
216	646
216	663
216	688
216	884
216	920
217	336
217	386
217	399
217	411
217	428
217	430
217	479
217	483
217	555
217	636
217	675
217	676
217	678
217	787
217	796
217	807
217	889
217	953
218	384
218	605
218	635
218	712
218	806
218	821
218	826
218	846
218	880
218	887
218	897
218	932
219	481
219	543
219	609
219	632
219	684
219	844
219	847
219	918
220	254
220	385
220	395
220	404
220	481
220	498
220	524
220	654
220	670
220	707
220	719
220	890
220	959
221	376
221	404
221	481
221	524
221	562
221	638
221	670
221	672
221	690
221	867
221	890
221	892
221	905
221	907
221	909
221	994
222	381
222	506
222	694
222	946
223	231
223	386
223	416
223	504
223	571
223	623
223	672
223	777
223	785
223	811
223	918
224	278
224	279
224	423
224	444
224	752
224	765
224	913
225	253
225	254
225	298
225	327
225	661
225	729
226	476
226	629
227	321
227	419
227	528
227	572
227	591
227	965
228	277
228	466
228	618
228	662
228	782
228	831
228	843
228	855
229	353
229	453
229	496
229	648
229	722
229	768
229	815
229	821
229	878
229	921
230	231
230	260
230	276
230	287
230	339
230	556
230	598
230	872
230	959
230	978
230	988
231	269
231	576
231	745
231	794
231	815
231	946
232	353
232	528
232	628
232	693
232	941
233	265
233	308
233	315
233	602
233	676
233	711
233	740
233	883
233	974
234	302
234	305
234	322
234	339
234	410
234	426
234	429
234	430
234	453
234	479
234	504
234	508
234	527
234	549
234	555
234	671
234	742
234	845
234	889
235	249
235	259
235	260
235	304
235	309
235	339
235	363
235	366
235	367
235	404
235	407
235	410
235	499
235	562
235	698
235	730
235	778
235	811
235	892
235	897
235	975
236	927
236	971
237	266
237	537
237	703
237	706
237	784
238	256
238	314
238	364
238	418
238	692
238	776
238	943
239	247
239	270
239	345
239	453
239	500
239	549
239	689
239	856
240	314
240	924
241	354
241	879
242	274
242	399
242	435
242	597
242	618
242	628
242	646
242	676
242	709
242	760
242	762
242	947
244	259
244	310
244	313
244	329
244	550
244	681
244	778
245	272
245	453
245	488
245	583
245	738
245	871
245	872
245	905
246	350
246	777
247	249
247	270
247	367
247	441
247	496
247	527
247	595
247	769
247	777
247	781
247	793
247	816
247	948
248	606
248	974
249	366
249	401
249	409
249	505
249	549
249	560
249	656
249	677
249	827
249	877
250	311
250	492
250	562
250	600
250	707
250	912
250	946
251	339
251	362
251	367
251	522
251	556
251	677
251	697
251	880
251	890
251	916
251	975
252	584
252	635
252	737
252	765
252	779
252	897
252	902
252	910
253	395
253	477
253	550
253	658
253	683
253	694
253	753
253	911
254	729
255	339
255	500
255	656
255	661
255	707
255	729
255	904
255	979
256	314
256	499
256	525
256	616
256	842
256	868
257	386
257	540
257	740
257	743
257	894
258	334
258	729
258	817
258	980
259	309
259	381
259	694
259	700
259	829
259	905
259	994
260	317
260	367
260	460
260	500
260	624
260	707
260	738
260	808
260	872
260	892
260	959
261	265
261	424
261	597
261	942
262	701
262	836
262	906
263	664
263	884
263	989
264	491
264	505
264	603
264	684
264	715
265	274
265	283
265	289
265	299
265	316
265	336
265	435
265	485
265	510
265	636
265	646
265	702
265	712
265	785
265	846
266	278
266	408
266	722
266	805
266	837
266	960
268	387
268	482
268	534
268	589
268	788
269	442
269	692
270	283
270	504
270	513
270	549
270	563
270	689
270	751
270	991
271	557
271	805
272	500
272	654
274	289
274	294
274	343
274	386
274	411
274	478
274	486
274	511
274	518
274	533
274	542
274	592
274	627
274	712
274	730
274	827
274	831
274	848
274	933
274	974
275	379
275	389
275	553
275	631
275	755
275	769
275	857
275	870
275	878
276	403
276	417
276	570
276	614
276	624
276	930
276	934
277	352
277	383
277	390
277	408
277	443
277	557
277	573
277	598
277	639
277	671
277	695
277	831
277	958
277	973
278	346
278	546
278	620
279	486
279	514
279	531
279	574
279	774
279	869
279	887
279	895
281	346
281	575
281	689
282	465
282	783
282	822
282	888
283	361
283	386
283	394
283	595
283	605
283	880
283	917
283	949
283	973
284	301
284	384
284	430
284	486
284	518
284	540
284	632
284	641
284	662
284	737
284	800
284	831
285	301
285	317
285	361
285	559
285	585
285	629
285	666
285	702
285	730
285	846
285	857
285	987
287	355
287	747
287	755
287	868
289	322
289	392
289	580
289	605
289	765
289	830
289	846
289	915
290	453
290	586
290	734
290	885
291	348
291	490
291	553
291	622
291	735
291	773
291	969
292	420
292	600
292	601
292	621
292	634
292	656
292	750
292	831
292	867
293	712
294	408
294	428
294	573
294	602
295	341
295	441
295	736
295	767
295	785
295	878
295	993
297	406
297	526
297	759
297	864
298	551
298	829
298	982
299	302
299	317
299	386
299	478
299	504
299	538
299	611
299	614
299	621
299	669
299	707
299	777
299	800
299	844
299	855
299	909
299	963
300	356
300	429
300	619
300	650
300	727
300	779
300	820
300	825
301	485
301	515
301	592
301	608
301	662
301	804
301	807
301	812
301	907
301	987
302	315
302	362
302	430
302	471
302	502
302	599
302	605
302	675
302	689
302	807
302	849
302	897
302	915
302	959
302	960
304	441
304	451
305	360
305	468
305	515
305	549
305	635
305	645
305	738
305	765
305	785
305	810
305	849
305	987
306	339
306	353
306	362
306	407
306	443
306	483
306	502
306	521
306	600
306	706
306	863
306	865
307	411
307	413
307	414
307	515
307	557
307	592
307	672
307	730
307	809
307	837
307	865
307	918
307	958
308	332
308	382
308	487
308	564
308	784
308	787
308	942
308	989
310	488
310	815
310	980
311	590
311	600
311	614
311	641
311	670
311	758
311	865
311	945
312	320
312	323
312	327
312	339
312	367
312	414
312	452
312	556
312	599
312	637
312	674
312	707
312	738
312	863
312	978
312	979
313	700
313	829
314	571
314	576
314	609
314	657
314	690
314	868
314	943
314	959
315	343
315	366
315	416
315	638
315	645
315	674
315	698
315	780
315	805
315	816
315	843
315	886
315	898
315	902
315	910
315	921
316	322
316	430
316	436
316	483
316	485
316	510
316	543
316	605
316	654
316	707
316	711
316	736
316	737
316	798
316	825
316	897
317	343
317	395
317	472
317	541
317	599
317	675
317	690
317	781
317	785
317	991
318	367
318	521
318	654
318	739
318	782
318	824
318	877
318	921
318	988
319	481
319	545
319	834
320	339
320	474
320	505
320	524
320	556
320	560
320	583
320	614
320	624
320	694
320	824
320	855
320	905
321	528
321	687
321	693
321	703
321	724
321	728
321	865
321	881
322	336
322	345
322	376
322	407
322	413
322	483
322	585
322	608
322	736
322	787
322	810
322	907
322	915
323	327
323	345
323	413
323	479
323	492
323	541
323	656
323	698
323	807
323	837
324	431
324	530
324	830
324	886
324	912
324	922
324	936
325	964
327	404
327	409
327	425
327	451
327	484
327	505
327	677
327	793
327	883
327	921
328	401
328	496
328	557
328	562
328	611
328	666
328	732
328	743
328	762
328	798
328	831
328	883
328	912
328	991
329	385
329	417
329	648
329	661
329	692
329	697
329	768
329	904
332	464
332	540
332	726
332	840
332	942
332	974
333	418
333	629
333	637
333	794
333	817
334	350
334	404
334	519
334	524
334	617
334	648
334	959
336	371
336	438
336	485
336	493
336	518
336	595
336	628
336	631
336	731
336	810
337	387
337	420
337	502
337	551
337	719
337	757
337	763
337	832
337	874
337	987
339	397
339	451
339	857
339	890
340	434
340	467
340	474
340	545
340	599
340	638
340	878
341	474
341	644
341	656
341	769
341	878
342	436
342	468
342	619
342	636
342	685
342	735
342	932
343	396
343	695
343	781
343	796
343	828
343	918
343	988
343	991
344	569
344	580
344	931
345	360
345	367
345	376
345	386
345	388
345	443
345	486
345	515
345	585
345	611
345	630
345	707
345	736
345	765
345	785
345	806
346	444
346	612
346	620
347	382
347	392
347	608
347	769
347	806
347	956
348	358
348	389
348	425
348	439
348	683
348	716
348	767
348	769
348	956
348	969
349	642
350	453
350	640
350	980
351	460
351	524
351	542
351	562
351	670
351	796
351	865
351	921
351	936
352	378
352	448
352	454
352	460
352	572
352	854
352	936
352	958
353	361
353	414
353	431
353	452
353	613
353	674
353	736
353	893
353	908
353	945
354	395
354	401
354	403
354	404
354	551
354	570
354	611
354	707
354	778
354	908
355	415
355	609
355	659
355	716
355	770
355	870
355	895
356	360
356	361
356	373
356	394
356	549
356	559
356	574
356	584
356	635
356	636
356	645
356	678
356	689
356	747
357	774
357	811
358	373
358	388
358	596
358	619
358	644
358	727
358	869
358	885
358	900
358	993
359	429
359	471
359	476
359	513
359	702
359	745
359	761
359	769
359	770
359	804
359	811
360	376
360	392
360	394
360	542
360	553
360	555
360	584
360	612
360	680
360	699
360	798
360	929
361	376
361	383
361	416
361	436
361	443
361	500
361	518
361	585
361	669
361	678
361	736
361	809
361	821
361	837
361	897
362	367
362	395
362	411
362	600
362	645
362	657
362	672
362	754
362	798
362	976
363	366
363	403
363	556
363	638
363	675
363	677
363	768
363	791
363	796
363	911
363	915
364	415
364	616
364	891
366	395
366	401
366	481
366	500
366	508
366	518
366	562
366	583
366	592
366	611
366	698
366	909
366	948
367	467
367	481
367	486
367	599
367	675
367	683
367	738
367	866
367	939
368	454
368	935
369	383
369	430
369	432
369	459
369	478
369	554
369	573
369	602
369	674
369	758
369	805
369	827
369	828
369	942
369	961
370	423
370	470
370	622
371	383
371	407
371	440
371	459
371	466
371	630
371	663
371	731
371	810
371	812
371	848
371	903
371	920
371	949
371	960
371	991
372	949
373	479
373	549
373	623
373	765
373	767
373	785
373	798
373	807
373	857
373	953
374	735
374	752
375	582
375	615
375	705
375	820
375	833
376	383
376	397
376	472
376	483
376	499
376	636
376	672
376	678
376	690
376	736
376	837
376	856
376	890
378	879
378	893
379	429
379	491
379	789
379	885
379	956
380	400
380	433
381	477
381	681
381	831
381	904
381	937
382	510
382	514
382	555
382	623
382	626
382	825
382	971
383	428
383	485
383	520
383	628
383	663
383	796
383	798
383	812
383	856
384	469
384	608
384	663
384	771
384	787
384	827
384	831
384	844
384	855
384	880
384	903
384	926
385	417
385	498
385	904
386	443
386	485
386	518
386	559
386	584
386	669
386	676
386	759
386	807
386	837
386	849
386	897
387	590
387	661
387	930
388	389
388	416
388	429
388	726
388	770
388	825
388	871
389	429
389	650
389	836
390	409
390	507
390	560
390	562
390	597
390	625
390	706
390	800
390	892
390	895
390	946
390	948
390	958
390	991
392	394
392	472
392	584
392	690
392	712
392	825
392	897
392	987
394	485
394	531
394	608
394	632
394	650
394	705
394	846
394	929
395	624
395	719
395	720
396	493
396	558
396	577
396	820
396	837
397	414
397	471
397	599
397	645
397	672
397	683
397	730
397	871
397	877
397	925
398	410
398	476
398	629
398	773
398	847
399	548
399	606
399	903
399	918
399	997
400	451
400	616
400	756
400	891
401	404
401	408
401	411
401	499
401	613
401	695
401	732
401	824
402	471
402	538
402	563
402	576
402	665
402	677
402	747
402	901
403	431
403	523
403	524
403	670
403	707
403	723
403	781
403	883
403	916
403	925
404	452
404	481
404	626
404	675
404	685
404	732
404	753
404	884
404	930
404	986
405	480
406	724
406	888
407	411
407	420
407	460
407	465
407	600
407	628
407	695
407	732
407	802
407	855
407	875
408	469
408	558
408	600
408	628
408	663
408	674
408	678
409	484
409	558
409	607
409	624
409	638
409	665
409	677
409	707
409	738
409	788
409	800
409	863
410	481
410	626
410	816
410	918
411	428
411	435
411	663
411	698
411	760
411	775
411	798
411	991
412	426
412	586
412	650
412	826
412	852
413	430
413	491
413	507
413	698
413	747
413	800
413	831
413	915
413	958
414	492
414	530
414	670
414	693
414	720
414	795
414	916
414	925
415	808
415	951
416	543
416	556
416	585
416	826
416	857
416	889
416	915
416	929
417	556
417	637
417	930
418	538
418	583
418	665
418	667
418	817
418	834
418	863
418	948
419	523
419	557
419	940
420	460
420	480
420	484
420	670
420	671
420	672
420	815
420	872
420	909
421	516
421	554
422	503
422	756
423	705
423	752
423	833
424	567
424	587
424	740
424	775
424	859
425	491
425	574
425	869
426	491
426	555
426	585
426	611
426	777
426	810
426	849
426	915
426	988
428	435
428	464
428	484
428	595
428	726
428	760
429	603
429	632
429	715
429	744
429	769
429	803
429	804
429	807
429	842
430	459
430	542
430	628
430	747
430	784
430	848
430	884
431	557
431	634
431	656
431	657
431	732
431	747
431	865
431	883
431	936
432	630
432	771
433	622
433	761
433	767
433	818
433	901
433	906
434	460
434	488
434	556
434	657
434	871
434	905
434	979
435	507
435	642
435	709
435	726
435	732
435	831
436	531
436	585
436	603
436	870
436	932
437	840
438	542
438	584
438	900
438	960
439	538
439	553
439	576
439	836
439	988
440	469
440	758
440	828
440	926
441	549
441	553
441	596
441	603
441	612
441	659
441	804
441	956
442	808
442	954
443	511
443	518
443	619
443	636
443	695
443	743
443	747
443	784
443	806
443	844
443	987
444	627
445	632
446	587
446	749
448	492
448	507
448	542
448	601
448	625
448	771
448	877
448	921
448	978
448	991
449	995
451	515
451	524
451	609
451	657
451	681
451	777
451	943
452	601
452	706
452	719
452	757
452	768
452	791
452	832
452	886
452	909
452	936
452	945
453	471
453	538
453	657
453	683
453	755
453	815
453	969
454	601
454	708
455	586
455	789
455	870
456	723
457	466
457	478
457	483
457	584
457	597
457	674
457	826
457	856
457	949
458	853
459	533
459	573
459	618
459	663
459	784
459	831
459	922
460	886
460	893
460	919
461	896
462	797
463	482
463	790
463	881
464	558
464	577
464	726
464	730
464	896
465	888
465	936
465	942
466	511
466	580
466	646
466	709
466	721
466	726
466	764
466	787
466	820
466	875
466	960
467	471
467	474
467	583
467	665
467	815
467	978
468	564
468	680
469	507
469	508
469	518
469	533
469	599
469	630
469	641
469	721
469	740
470	852
471	787
471	792
471	803
471	907
472	480
472	530
472	541
472	560
472	603
472	645
472	689
472	690
472	695
472	738
472	844
472	880
472	991
473	567
473	686
474	500
474	544
474	549
474	629
474	777
474	847
474	871
475	799
476	525
476	710
476	773
476	836
476	860
477	700
477	768
477	964
478	567
478	580
478	597
478	726
478	946
478	949
478	974
479	527
479	585
479	609
479	641
479	675
479	804
479	871
479	943
480	579
480	795
480	854
480	867
480	888
480	961
481	500
481	614
481	637
481	648
481	656
481	707
481	722
481	729
481	861
481	863
481	883
481	886
481	959
481	972
482	523
482	601
483	520
483	521
483	558
483	573
483	662
483	677
483	688
483	730
483	798
483	807
483	827
483	842
483	867
483	973
484	573
484	663
484	695
484	898
484	909
484	922
484	973
484	977
485	511
485	549
485	608
485	623
485	632
485	698
485	712
485	737
485	798
485	810
485	907
486	541
486	669
486	846
486	897
486	921
486	922
486	960
486	973
487	649
487	781
487	859
487	896
488	524
488	571
488	609
488	629
488	792
488	794
489	502
489	677
489	754
489	791
489	832
489	919
489	992
490	803
490	818
491	501
491	504
491	515
491	527
491	538
491	571
491	619
491	683
491	722
491	777
491	780
491	793
492	653
492	706
492	759
492	802
492	867
493	686
493	813
493	902
494	749
494	962
495	532
495	589
495	955
496	605
496	626
496	645
496	683
496	777
496	785
496	827
496	970
496	972
496	988
498	505
498	579
498	637
498	672
498	782
498	916
498	937
499	543
499	549
499	603
499	607
499	626
499	675
499	677
499	939
499	959
500	656
500	690
500	854
500	872
500	910
500	946
500	959
500	964
501	821
501	861
501	871
501	979
501	993
502	854
502	867
504	654
504	780
504	804
504	861
504	948
504	978
504	988
504	991
505	524
505	591
505	632
505	674
505	707
505	762
505	782
505	832
505	893
506	700
507	518
507	540
507	709
507	731
507	903
507	926
507	987
508	520
508	592
508	612
508	615
508	676
508	709
508	731
508	764
508	798
508	892
508	926
510	514
510	608
510	623
510	635
510	699
510	849
510	859
510	897
510	963
511	533
511	580
511	630
511	759
511	805
511	926
511	987
512	598
512	748
512	791
513	735
513	845
514	752
514	876
514	993
515	555
515	559
515	632
515	679
515	806
515	811
515	826
515	848
515	889
516	528
517	548
517	646
517	655
517	721
517	784
517	931
518	542
518	555
518	574
518	666
518	705
518	798
518	800
518	810
518	848
518	987
520	523
520	605
520	636
520	662
520	712
520	731
520	826
520	831
520	848
520	856
520	884
520	909
520	926
521	562
521	600
521	634
521	654
521	656
521	670
521	731
521	800
521	916
522	534
522	681
522	768
522	919
522	935
523	783
523	791
523	977
524	562
524	595
524	638
524	985
525	563
525	734
525	808
527	671
527	751
527	769
527	777
527	808
528	601
528	704
528	750
528	881
529	582
529	774
529	944
529	953
530	533
530	573
530	670
530	977
531	555
531	833
531	917
532	613
532	791
532	862
532	977
533	592
533	623
533	630
533	730
533	805
533	810
533	830
533	991
534	757
534	832
534	892
534	966
534	994
535	576
535	651
535	755
535	770
535	860
536	682
536	975
537	606
537	947
538	623
538	702
538	848
538	885
538	969
539	822
540	705
540	737
540	766
541	549
541	674
541	675
541	722
541	817
541	880
541	922
541	959
542	787
542	796
542	810
542	849
542	974
543	549
543	755
543	767
543	821
543	877
543	900
543	907
543	929
543	943
543	973
545	851
546	569
546	917
546	981
546	996
547	552
547	696
547	760
548	558
548	606
548	630
548	784
548	888
549	684
549	816
549	848
549	857
550	658
550	834
550	986
551	865
551	921
551	930
551	959
551	986
553	751
553	769
553	811
553	818
553	821
554	666
554	881
554	940
555	608
555	622
555	629
555	632
555	650
555	765
555	785
555	810
555	889
555	913
555	993
556	768
556	796
556	898
556	922
556	930
556	978
557	723
557	830
557	965
558	595
558	731
558	888
558	973
559	824
560	562
560	583
560	599
560	722
560	776
560	824
560	871
560	877
560	880
560	959
561	639
561	693
561	838
561	862
562	669
562	780
562	846
562	892
562	979
563	644
564	627
564	655
566	749
567	649
567	655
567	896
568	873
569	577
569	615
569	649
569	650
569	731
570	573
570	763
570	782
570	977
571	681
571	872
572	634
572	636
572	698
572	783
572	838
572	865
572	875
572	886
572	912
572	960
572	965
572	968
572	977
573	592
573	606
573	691
573	743
573	758
573	782
573	828
573	908
573	922
574	584
574	663
574	699
574	727
574	743
574	779
574	810
574	949
574	974
574	996
575	712
575	825
575	887
575	900
575	933
575	993
576	659
576	837
576	901
577	641
577	779
577	810
577	895
578	877
578	954
579	778
579	791
579	934
580	666
580	859
580	902
580	942
582	680
582	811
582	956
583	609
583	780
584	608
584	612
584	620
584	627
584	635
584	685
584	903
584	963
584	974
585	826
585	880
585	900
585	915
585	918
585	929
585	948
586	761
586	803
586	804
586	878
587	666
587	894
588	786
589	757
589	984
590	600
590	908
590	948
591	613
591	671
591	886
592	595
592	602
592	663
592	666
592	926
593	954
594	899
594	962
595	676
595	730
595	747
595	760
595	784
595	787
595	798
595	810
595	826
595	953
596	619
596	629
596	770
596	852
596	870
596	876
597	606
597	764
597	848
597	859
598	624
598	863
598	994
599	669
599	683
599	755
599	763
600	691
600	693
600	730
600	781
600	934
600	973
600	977
601	874
602	606
602	760
602	784
603	702
603	808
605	631
605	635
605	765
605	800
605	846
606	731
606	732
606	830
606	914
606	926
607	667
607	670
607	674
607	732
607	782
607	868
607	892
607	910
607	921
607	946
608	612
608	635
608	685
608	727
608	731
608	738
608	845
608	949
608	993
609	616
609	657
609	665
609	751
609	815
611	645
611	722
611	861
611	877
611	916
611	937
611	943
611	970
611	978
612	716
612	727
612	779
612	887
612	971
613	754
613	908
614	631
614	684
614	722
614	742
614	943
614	959
615	655
615	688
615	699
615	740
615	764
616	665
616	715
616	722
617	777
618	691
618	709
618	762
618	771
618	881
619	727
619	803
619	819
620	900
620	902
621	843
621	865
621	922
621	961
621	991
622	969
623	685
623	699
623	740
623	744
623	845
624	831
624	912
624	921
624	945
624	986
625	628
625	639
625	828
625	865
625	908
625	912
626	645
626	671
626	672
626	877
626	909
627	635
627	676
627	743
627	807
627	826
627	849
627	884
627	996
628	828
628	830
628	843
628	961
629	715
629	769
630	635
630	721
630	731
630	737
630	827
630	915
630	963
631	806
631	915
632	727
632	785
632	920
634	671
634	691
634	747
634	830
634	831
634	961
635	662
635	806
635	849
635	922
636	662
636	663
636	721
636	747
636	807
636	830
636	844
637	672
637	706
637	863
637	868
637	872
637	945
638	683
638	729
638	854
638	898
638	921
639	663
639	947
640	851
641	691
641	826
641	865
641	920
642	711
642	894
643	814
644	659
644	770
644	878
645	669
645	672
645	675
645	688
645	827
645	909
645	934
646	709
646	721
646	737
646	903
647	728
647	882
648	768
649	942
650	765
650	953
651	744
651	756
651	770
651	819
651	857
652	709
652	724
652	864
652	965
653	693
653	935
654	815
654	880
654	929
654	948
654	979
655	813
655	949
655	997
656	824
656	865
656	988
657	734
657	742
657	793
657	815
659	769
659	803
659	811
659	836
659	860
659	869
659	885
661	700
661	898
661	904
662	804
662	809
662	920
662	970
663	730
663	781
664	749
664	812
664	913
665	742
666	787
666	846
669	880
669	898
669	926
670	674
670	854
670	867
670	882
670	934
671	843
671	854
671	886
671	925
672	706
672	763
672	837
672	905
672	959
672	984
674	732
674	782
674	815
674	904
674	946
674	961
674	991
675	726
675	738
675	793
675	830
675	877
675	939
675	984
676	844
676	949
677	722
677	863
677	865
677	946
677	972
677	978
678	731
678	736
678	798
678	800
678	848
678	915
680	712
680	737
680	764
680	806
680	812
680	859
680	949
681	700
683	953
683	994
684	742
684	878
684	918
684	943
685	689
685	709
687	750
687	888
688	831
688	884
688	922
689	846
690	695
690	722
690	824
690	880
690	892
690	939
691	802
691	936
693	977
694	930
694	994
695	800
695	848
695	907
695	920
697	910
698	714
698	732
698	738
698	760
698	824
698	831
698	973
699	844
699	956
700	964
700	982
701	933
702	745
702	755
704	955
705	711
705	894
706	771
706	782
706	802
706	864
706	883
707	782
707	805
707	934
708	763
708	886
708	908
708	968
709	731
709	743
709	760
709	903
709	931
710	978
710	980
711	766
711	797
711	967
712	780
712	806
712	849
712	897
712	987
714	754
714	914
714	977
715	767
715	836
715	871
716	877
716	895
716	929
716	932
719	832
719	912
719	936
719	980
719	994
720	831
720	936
721	760
721	853
721	856
722	738
722	755
722	777
722	857
722	880
722	895
722	939
722	943
722	979
722	988
723	965
724	758
724	759
724	940
725	749
725	963
726	760
726	787
726	894
726	903
726	989
727	806
727	842
727	885
727	895
727	899
727	970
728	772
728	791
728	968
729	793
729	794
729	819
730	767
730	787
730	807
730	820
730	826
730	830
730	897
730	903
730	922
731	762
731	848
731	960
732	843
732	883
732	910
732	961
732	973
734	756
734	773
734	868
735	736
735	956
736	785
736	811
736	856
736	871
736	895
736	991
737	779
737	812
738	795
738	800
738	890
740	779
740	963
741	841
741	851
742	815
743	846
744	769
744	819
744	917
745	794
745	860
745	871
745	988
746	814
746	950
747	769
749	860
750	763
750	812
750	912
750	914
751	821
751	846
751	857
751	871
751	877
753	872
753	898
755	777
755	811
755	821
755	857
755	869
755	871
756	794
757	935
757	958
757	984
758	762
759	828
759	947
760	781
760	820
760	859
760	875
760	884
760	909
760	931
761	823
761	969
761	971
762	805
762	909
762	926
763	802
763	838
763	883
763	941
763	965
764	949
765	845
766	771
766	826
766	897
767	798
767	816
767	824
768	992
769	817
769	821
769	836
769	870
770	803
770	836
770	860
770	870
770	924
772	882
772	955
776	858
776	872
777	793
777	816
777	819
777	837
777	871
777	918
778	854
778	863
778	911
778	945
778	984
779	907
780	807
780	948
781	843
781	886
781	909
781	960
781	973
782	843
782	921
782	926
785	826
785	869
785	877
785	885
785	956
787	820
787	903
787	974
788	874
788	893
788	984
789	876
791	874
792	847
792	972
793	807
793	811
793	821
793	943
794	863
794	905
795	874
796	880
796	909
796	910
796	915
798	800
798	809
798	827
798	892
798	915
798	973
798	991
800	889
802	830
802	843
802	961
803	819
803	870
804	806
804	844
804	918
804	956
805	908
805	958
805	973
806	846
806	887
806	913
807	826
807	837
807	844
807	907
808	943
809	827
809	887
809	907
809	922
810	846
813	814
813	853
813	923
816	824
816	943
816	946
816	970
818	819
818	870
819	825
819	836
819	847
819	869
821	970
823	860
824	846
824	861
824	880
824	905
824	979
825	866
825	938
826	920
827	838
827	909
828	859
828	961
828	973
831	936
833	953
833	962
836	969
837	878
837	922
838	865
838	883
839	851
839	954
841	954
842	969
842	979
842	988
843	867
843	909
844	871
844	895
844	907
844	929
844	988
845	887
846	849
846	960
847	957
848	929
848	974
849	897
849	907
852	917
854	898
854	966
855	926
856	897
856	915
856	931
856	991
857	907
857	957
858	957
863	921
863	925
863	934
864	893
864	912
864	965
865	909
865	965
867	919
868	889
868	972
869	889
871	939
871	943
871	970
871	979
872	939
872	959
873	945
874	958
876	895
876	917
877	970
877	978
877	979
878	889
878	933
879	966
880	892
882	883
882	914
884	949
885	889
885	988
886	934
886	965
886	973
889	956
890	918
890	939
892	943
892	945
892	959
892	979
893	916
893	961
895	956
897	920
897	929
900	907
901	924
902	913
902	949
902	974
903	973
904	986
907	943
908	919
908	965
909	916
909	921
910	915
914	977
915	920
916	936
918	948
920	973
920	974
922	931
925	976
927	962
930	945
931	974
934	994
935	984
936	965
940	941
943	970
945	994
946	991
956	963
960	997
964	982
968	977
972	979
976	985
985	986
985	994
