0	27
0	59
0	181
0	348
0	371
0	409
0	414
0	472
0	740
0	765
0	766
0	787
1	13
1	113
1	175
1	230
1	461
1	536
1	659
1	696
1	792
1	900
1	925
2	49
2	111
2	145
2	192
2	343
2	482
2	488
2	664
2	739
2	815
2	998
3	110
3	126
3	229
3	345
3	394
3	407
3	441
3	517
3	724
3	761
3	879
3	972
4	77
4	130
4	154
4	168
4	736
5	29
5	59
5	246
5	256
5	306
5	724
5	773
5	947
6	222
6	284
6	580
6	651
6	770
6	981
7	166
7	424
7	444
8	58
8	91
8	186
8	260
8	278
8	313
8	334
8	394
8	519
8	577
8	605
8	746
8	761
8	862
8	913
8	921
8	996
9	74
9	80
9	159
9	183
9	219
9	245
9	286
9	302
9	493
9	520
9	582
9	656
9	670
9	834
9	923
9	997
10	71
10	99
10	110
10	115
10	129
10	164
10	249
10	251
10	316
10	397
10	474
10	485
10	589
10	597
10	600
10	605
10	639
10	675
10	681
10	744
10	765
10	900
10	952
10	955
10	988
11	43
11	186
11	305
11	350
11	373
11	402
11	613
11	736
11	745
11	778
11	886
12	282
12	318
12	412
12	753
12	794
12	945
13	232
13	306
13	368
13	530
13	539
13	713
13	742
13	761
13	788
14	121
14	142
14	201
14	219
14	258
14	309
14	449
14	463
14	493
14	537
14	538
14	705
14	806
14	989
15	318
15	346
15	380
15	408
15	491
15	685
15	772
15	777
15	871
16	288
17	179
17	237
17	804
18	688
18	716
19	74
19	93
19	156
19	364
19	451
19	520
19	553
19	564
19	623
19	663
19	695
19	709
19	779
20	177
20	240
20	404
20	604
20	705
20	985
21	46
21	404
21	665
21	875
21	910
22	32
22	101
22	165
22	214
22	313
22	421
22	625
22	634
22	659
22	759
22	786
22	845
22	856
22	892
22	938
23	111
23	119
23	226
23	382
23	585
24	75
24	158
24	172
24	567
24	689
24	705
24	706
24	783
24	911
25	332
25	364
25	430
25	532
25	554
25	631
25	722
25	811
25	828
25	920
25	990
26	41
26	80
26	100
26	141
26	216
26	221
26	250
26	253
26	285
26	305
26	382
26	700
26	894
26	926
26	994
27	36
27	59
27	126
27	136
27	175
27	365
27	417
27	598
27	711
27	857
28	112
28	326
28	344
28	346
28	391
28	422
28	533
28	551
28	570
28	658
28	695
28	720
28	855
29	97
29	171
29	229
29	243
29	264
29	542
29	544
29	671
29	884
30	34
30	50
30	83
30	123
30	277
30	325
30	350
30	366
30	407
30	461
30	503
30	513
30	519
30	527
30	580
30	583
30	584
30	605
30	666
30	727
30	763
30	785
30	800
30	902
31	252
31	507
31	513
31	517
31	781
31	866
31	921
32	91
32	93
32	251
32	316
32	446
32	490
32	600
32	639
32	669
32	749
32	849
32	853
32	928
32	930
33	195
33	381
33	418
33	542
33	866
34	53
34	59
34	83
34	89
34	139
34	186
34	223
34	284
34	334
34	363
34	384
34	390
34	394
34	424
34	473
34	531
34	539
34	666
34	725
34	736
34	743
34	854
34	990
35	139
35	171
35	260
35	339
35	407
35	459
35	478
35	481
35	502
35	646
35	903
35	959
35	991
36	108
36	185
36	348
36	690
36	782
36	878
36	936
37	99
37	139
37	194
37	351
37	439
37	486
37	591
37	653
37	658
37	675
37	695
37	704
37	706
37	738
37	794
37	817
37	818
37	842
37	892
37	919
37	969
38	184
38	227
38	238
38	326
38	342
38	406
38	514
38	630
38	686
38	699
38	849
39	79
39	91
39	102
39	175
39	266
39	313
39	334
39	345
39	439
39	440
39	456
39	625
39	749
39	825
39	845
39	906
39	913
40	318
40	697
40	699
40	844
41	195
41	203
41	223
41	250
41	392
41	423
41	444
41	501
41	513
41	778
41	814
41	848
41	944
42	190
42	571
42	739
42	950
42	989
43	163
43	173
43	390
43	440
43	478
43	533
43	570
43	643
43	681
43	778
43	800
43	886
43	892
43	959
44	155
44	252
44	294
44	478
44	498
46	396
46	428
46	692
47	89
47	97
47	133
47	331
47	366
47	389
47	401
47	646
47	761
47	798
47	909
47	919
47	921
47	959
49	99
49	167
49	225
49	230
49	326
49	364
49	446
49	456
49	461
49	486
49	589
49	607
49	635
49	681
49	697
49	807
49	855
49	865
49	873
49	886
50	89
50	101
50	139
50	164
50	223
50	231
50	324
50	377
50	660
50	681
50	765
50	856
50	871
50	886
50	905
50	970
50	973
51	174
51	271
51	292
51	313
51	379
51	394
51	399
51	490
51	551
51	589
51	597
51	656
51	695
51	711
51	779
51	823
51	825
51	869
52	170
52	224
52	447
52	671
52	922
53	64
53	169
53	223
53	226
53	263
53	264
53	376
53	435
53	439
53	466
53	502
53	506
53	517
53	542
53	637
53	769
54	988
56	114
56	134
56	407
56	421
56	431
56	559
56	678
56	878
56	908
56	922
58	126
58	166
58	252
58	325
58	370
58	384
58	424
58	513
58	539
58	600
58	651
58	724
58	781
58	785
58	915
58	927
58	944
59	90
59	186
59	197
59	339
59	345
59	398
59	474
59	502
59	503
59	509
59	584
59	620
59	644
59	742
59	746
59	792
60	77
60	84
60	182
60	193
60	253
60	283
60	286
60	321
60	352
60	436
60	571
60	784
60	848
60	994
60	997
62	138
62	298
62	552
62	649
62	951
62	967
63	640
63	731
63	983
64	116
64	280
64	352
64	513
64	531
64	547
64	612
64	636
64	854
64	906
64	969
64	970
65	81
65	85
65	145
65	180
65	213
65	259
65	279
65	534
65	610
65	648
65	680
66	519
66	549
66	566
66	580
66	651
66	764
66	846
67	424
67	468
67	884
68	88
68	177
68	310
68	432
68	473
68	548
68	807
69	92
69	192
69	201
69	272
69	279
69	285
69	343
69	460
69	493
69	510
69	571
69	738
69	834
69	876
69	923
69	931
70	493
70	560
70	830
71	95
71	165
71	236
71	278
71	317
71	339
71	352
71	373
71	439
71	446
71	573
71	591
71	600
71	639
71	659
71	733
71	796
71	799
71	817
71	938
71	952
71	990
72	301
72	369
72	545
72	747
72	792
72	843
72	918
73	258
73	347
73	627
73	635
73	756
74	91
74	110
74	298
74	316
74	344
74	352
74	605
74	618
74	650
74	655
74	663
74	685
74	771
74	818
74	869
74	939
74	945
75	172
75	380
75	992
76	492
76	735
76	870
77	100
77	140
77	153
77	253
77	730
77	748
77	876
78	116
78	134
78	136
78	423
78	583
78	766
78	915
78	921
78	962
79	91
79	122
79	129
79	131
79	139
79	202
79	231
79	339
79	365
79	377
79	394
79	431
79	501
79	533
79	618
79	666
79	675
79	696
79	706
79	725
79	798
79	814
80	201
80	342
80	670
80	685
80	756
80	834
81	309
81	380
81	473
81	480
81	699
81	715
81	882
83	86
83	195
83	243
83	264
83	277
83	278
83	289
83	340
83	367
83	371
83	409
83	423
83	469
83	500
83	539
83	605
83	646
83	647
83	923
84	120
84	258
84	272
84	357
84	372
84	397
84	537
84	588
84	691
84	710
84	737
84	797
84	800
84	940
84	989
85	279
85	311
85	335
85	350
85	416
85	582
85	587
85	607
85	626
85	635
86	175
86	187
86	281
86	410
86	545
86	598
86	742
86	801
87	144
87	148
87	214
87	413
87	499
87	759
87	820
87	913
88	180
88	201
88	416
88	449
88	523
88	569
88	587
88	658
88	673
88	737
88	960
89	171
89	229
89	334
89	366
89	400
89	474
89	478
89	503
89	584
89	615
89	646
89	729
89	738
89	759
89	765
89	793
89	848
89	900
89	990
90	125
90	222
90	580
91	102
91	114
91	197
91	281
91	346
91	361
91	401
91	439
91	485
91	547
91	555
91	562
91	654
91	655
91	698
91	786
91	796
91	872
91	933
91	990
92	99
92	156
92	213
92	329
92	408
92	687
92	706
92	709
92	762
92	998
93	243
93	346
93	402
93	446
93	461
93	484
93	510
93	532
93	568
93	629
93	654
93	713
93	724
93	820
93	859
93	998
94	395
94	524
94	582
94	635
94	715
94	767
94	858
95	110
95	218
95	283
95	316
95	350
95	361
95	389
95	435
95	474
95	591
95	635
95	639
95	681
95	710
95	719
95	799
95	855
95	862
95	873
95	962
95	977
95	998
96	333
96	369
96	431
96	505
96	559
96	634
96	659
96	820
96	843
97	106
97	161
97	195
97	200
97	252
97	278
97	337
97	370
97	466
97	787
97	846
98	133
98	331
98	415
98	419
98	478
98	507
98	583
98	714
98	886
98	889
99	218
99	257
99	438
99	509
99	520
99	646
99	675
99	676
99	693
99	725
99	786
99	800
100	429
100	950
101	281
101	294
101	324
101	403
101	520
101	622
101	704
101	706
101	823
101	865
101	868
101	964
101	975
102	125
102	195
102	246
102	276
102	287
102	409
102	459
102	539
102	605
102	766
102	799
103	327
103	616
103	808
103	820
104	178
104	194
104	229
104	246
104	256
104	340
104	409
104	411
104	459
104	466
104	486
104	698
104	861
104	897
105	526
105	529
105	998
107	130
107	507
107	593
107	739
108	169
108	224
108	381
108	542
108	596
108	609
108	760
108	781
108	836
108	903
108	929
108	947
109	161
109	194
109	195
109	274
109	356
109	368
109	521
109	580
109	698
109	766
109	770
109	884
110	286
110	510
110	514
110	604
110	695
110	702
110	749
110	771
110	798
110	919
111	385
111	458
111	562
111	632
111	763
111	851
112	236
112	379
112	456
112	591
112	653
112	656
112	704
112	794
112	943
112	951
113	118
113	188
113	271
113	353
113	399
113	520
113	526
113	529
113	628
113	655
113	713
113	808
113	820
113	919
113	962
114	393
114	447
114	527
114	550
114	579
114	581
114	732
114	742
114	857
115	159
115	184
115	266
115	408
115	474
115	524
115	591
115	709
115	723
115	784
115	911
116	182
116	258
116	366
116	420
116	441
116	500
116	501
116	504
116	743
116	755
116	769
116	823
117	122
117	278
117	367
117	415
117	469
117	589
117	743
117	769
117	781
117	788
117	817
117	853
117	869
117	902
118	210
118	365
119	131
119	140
119	142
119	375
119	607
119	619
119	795
119	863
119	924
120	245
120	253
120	310
120	385
120	473
120	488
120	548
120	647
120	753
120	800
120	841
120	873
120	940
121	201
121	311
121	395
121	449
121	473
121	931
122	133
122	136
122	274
122	370
122	385
122	435
122	535
122	749
122	765
122	802
122	812
122	966
123	340
123	350
123	365
123	440
123	679
123	711
123	842
123	856
123	869
124	136
124	146
124	175
124	185
124	186
124	199
124	276
124	420
124	581
124	657
124	788
124	861
124	872
124	952
125	356
125	370
125	612
125	884
126	134
126	197
126	199
126	232
126	246
126	270
126	313
126	366
126	583
126	614
126	690
126	724
126	746
126	773
126	869
126	972
127	223
127	305
127	324
127	352
127	390
127	401
127	405
127	423
127	424
127	441
127	469
127	481
127	486
127	507
127	519
127	538
127	565
127	576
127	639
127	666
127	743
127	813
127	853
127	919
127	963
127	966
128	166
128	385
128	478
128	764
128	991
129	272
129	285
129	335
129	474
129	493
129	619
129	736
129	800
129	827
129	841
129	994
130	147
130	498
131	141
131	337
131	392
131	415
131	498
131	563
131	614
131	643
131	799
131	901
131	908
131	955
132	145
132	571
132	664
132	817
132	969
133	263
133	289
133	294
133	375
133	489
133	573
133	714
133	837
133	851
133	868
134	199
134	286
134	340
134	378
134	398
134	517
134	535
134	584
134	620
134	644
134	711
134	953
134	976
135	492
136	178
136	263
136	306
136	331
136	459
136	605
136	897
136	947
136	976
137	311
138	590
138	628
138	956
139	154
139	233
139	251
139	278
139	317
139	414
139	544
139	646
139	647
139	725
139	938
140	190
140	924
141	162
141	536
141	573
141	691
141	753
141	776
141	903
141	953
142	343
142	416
142	664
142	737
143	567
143	621
143	712
143	859
143	860
143	877
144	364
144	413
144	450
144	484
144	713
144	820
145	202
145	240
145	245
145	266
145	463
145	537
145	548
145	571
145	588
145	619
145	626
145	762
145	961
146	210
146	345
146	348
146	365
146	367
146	539
146	592
146	671
146	696
146	702
146	802
146	819
146	833
146	835
146	922
147	216
147	755
148	181
148	185
148	210
148	401
148	411
148	487
148	592
148	758
148	782
149	169
149	274
149	341
149	370
149	390
149	398
149	437
149	459
149	660
149	725
150	266
150	364
150	365
150	532
150	533
150	555
150	586
150	669
150	681
150	749
150	768
150	855
150	990
151	187
151	291
151	681
152	395
152	630
152	693
152	877
153	245
153	324
153	343
153	416
153	710
153	762
154	157
154	166
154	239
154	294
154	448
154	632
155	312
155	337
155	507
155	647
155	785
155	944
155	948
156	247
156	286
156	313
156	348
156	360
156	365
156	393
156	411
156	591
156	600
156	604
156	666
156	796
156	825
156	919
156	923
156	974
157	166
157	280
157	382
157	424
157	429
157	458
157	573
157	776
157	791
157	912
157	991
158	347
158	548
158	591
158	720
158	774
159	177
159	268
159	387
159	416
159	538
159	931
160	176
160	448
160	466
160	593
160	596
160	645
160	690
160	837
160	839
160	884
161	328
161	378
161	760
162	205
162	458
162	763
163	173
163	283
163	397
163	402
163	480
163	567
163	675
163	800
163	926
163	973
163	997
164	173
164	272
164	280
164	340
164	350
164	440
164	486
164	501
164	653
164	675
164	796
164	853
164	856
164	862
164	869
164	901
164	977
165	276
165	290
165	333
165	413
165	490
165	528
165	556
165	654
165	669
165	784
165	818
165	823
165	856
165	958
166	632
166	714
166	757
166	867
166	953
167	412
167	438
167	451
167	656
167	699
167	907
168	212
168	269
169	197
169	348
169	394
169	439
169	598
169	782
169	946
170	189
170	617
170	731
170	944
171	199
171	277
171	278
171	289
171	341
171	453
171	576
171	598
171	614
171	620
171	646
171	902
171	909
171	972
172	721
173	286
173	325
173	384
173	390
173	394
173	434
173	435
173	436
173	474
173	478
173	547
173	604
173	762
173	873
173	901
174	236
174	271
174	293
174	322
174	353
174	393
174	410
174	469
174	510
174	520
174	591
174	734
174	849
174	865
174	905
174	913
174	928
175	181
175	232
175	247
175	276
175	286
175	332
175	333
175	522
175	550
175	818
175	922
175	934
177	261
178	206
178	246
178	348
178	366
178	441
178	502
178	577
178	583
178	598
178	982
178	999
180	201
180	449
180	611
180	715
180	966
181	232
181	275
181	479
181	529
181	550
181	584
181	683
181	773
181	782
181	813
181	869
181	904
182	192
182	337
182	356
182	384
182	398
182	435
182	436
182	478
182	504
182	837
182	963
182	973
183	406
183	428
183	548
183	567
183	653
183	695
183	767
183	772
184	344
184	422
184	433
184	490
184	510
184	618
184	653
184	680
184	762
184	772
184	842
184	945
184	969
185	186
185	217
185	479
185	487
185	584
185	660
185	788
185	878
185	915
185	972
186	305
186	340
186	341
186	368
186	441
186	502
186	503
186	519
186	577
186	666
186	746
186	853
186	898
186	999
187	574
187	590
187	662
187	681
187	722
187	726
187	792
187	811
188	244
188	332
188	355
188	403
188	440
188	520
188	528
188	631
188	713
188	802
188	814
188	879
188	930
188	958
189	207
189	609
189	819
190	385
190	464
190	498
190	518
190	763
190	815
190	827
190	991
191	292
191	314
191	621
191	628
191	633
191	882
191	883
191	900
191	928
192	314
192	435
192	493
192	534
192	607
192	629
192	710
192	923
193	289
193	341
193	504
193	536
193	651
193	891
193	902
194	203
194	222
194	331
194	370
194	407
194	549
194	651
194	738
194	785
194	900
194	903
194	908
195	381
195	615
195	766
195	833
195	944
196	770
196	866
196	980
197	232
197	243
197	341
197	345
197	411
197	441
197	520
197	583
197	584
197	738
197	788
197	861
198	319
198	406
198	871
199	234
199	306
199	358
199	605
199	861
199	927
200	229
200	287
200	348
200	371
200	729
201	310
201	335
201	460
201	481
201	512
201	534
201	537
201	538
201	565
201	626
201	700
201	704
201	893
202	335
202	456
202	618
202	745
202	765
202	908
202	928
202	969
203	513
203	569
203	636
203	643
203	647
203	719
203	886
204	362
204	369
204	550
204	708
205	688
206	329
206	542
206	703
206	760
206	787
206	835
206	850
206	946
207	287
207	497
208	967
209	303
209	328
209	350
209	423
209	437
209	498
209	831
209	848
210	400
210	843
211	249
211	492
212	593
212	884
213	309
213	534
213	875
213	943
214	290
214	413
214	515
214	556
214	586
214	820
214	854
214	922
214	930
214	932
216	221
216	375
216	660
216	700
216	795
216	823
216	963
217	550
217	592
218	236
218	302
218	350
218	395
218	484
218	600
218	618
218	653
218	679
218	709
218	969
219	261
219	402
219	538
219	587
219	588
219	613
219	629
219	648
219	674
219	795
219	806
219	830
219	864
219	893
219	955
220	224
220	592
220	701
220	914
220	922
220	934
220	984
221	700
221	723
221	736
222	506
222	949
222	952
222	996
223	230
223	339
223	401
223	423
223	435
223	498
223	637
223	749
223	955
223	959
223	973
224	306
224	328
224	418
224	577
224	614
224	929
224	976
225	406
225	473
225	680
226	366
226	466
226	580
226	594
226	764
226	944
226	970
227	318
227	412
227	910
228	239
228	382
228	448
228	452
228	714
228	716
228	736
228	776
228	953
228	991
229	243
229	409
229	544
229	962
230	260
230	262
230	286
230	365
230	461
230	485
230	533
230	636
230	654
230	733
230	793
230	796
230	799
230	869
230	925
230	975
231	250
231	307
231	352
231	389
231	392
231	411
231	439
231	440
231	502
231	535
231	612
231	614
231	725
231	814
231	842
231	853
232	339
232	625
232	677
232	761
232	799
232	856
232	878
232	897
232	922
232	936
233	399
233	408
233	410
233	621
233	630
233	874
234	275
234	348
234	583
234	742
234	925
234	962
236	261
236	351
236	435
236	446
236	567
236	685
236	709
236	726
236	862
236	865
236	997
237	385
237	518
237	540
237	588
237	826
237	942
237	960
237	986
238	354
238	552
238	852
238	907
238	913
238	974
239	452
239	573
239	716
239	748
239	953
240	253
240	302
240	310
240	329
240	344
240	380
240	473
240	635
240	680
240	806
240	940
243	348
243	378
243	381
243	407
243	472
243	539
243	584
243	703
243	729
243	788
243	929
243	972
244	326
244	403
244	461
244	568
244	663
244	784
244	859
244	988
245	268
245	363
245	482
245	488
245	700
245	715
245	993
246	331
246	371
246	378
246	398
246	418
246	598
246	657
246	773
246	788
246	812
246	861
246	962
246	972
247	271
247	307
247	335
247	351
247	387
247	486
247	490
247	509
247	551
247	589
247	619
247	666
247	672
247	687
247	745
247	823
247	873
247	879
248	876
249	281
249	344
249	353
249	354
249	474
249	510
249	539
249	551
249	695
249	733
249	762
249	786
249	861
249	865
249	873
249	906
250	280
250	283
250	377
250	405
250	563
250	647
250	814
250	817
250	889
251	348
251	389
251	467
251	528
251	709
251	743
251	793
251	818
251	825
251	928
251	929
251	964
252	256
252	312
252	325
252	375
252	507
252	549
252	584
252	748
252	959
253	280
253	375
253	619
253	636
253	642
253	710
253	755
253	800
253	848
253	889
253	919
253	926
254	262
254	327
254	661
254	879
255	387
256	275
256	459
256	683
256	729
256	740
257	354
257	399
257	414
257	467
257	503
257	529
257	553
257	618
257	685
257	706
257	732
257	734
257	906
257	964
257	975
258	379
258	512
258	723
258	952
259	324
259	463
259	648
259	774
260	293
260	313
260	394
260	446
260	461
260	502
260	532
260	589
260	693
260	745
260	771
260	892
260	900
260	922
260	925
260	983
261	588
261	635
261	648
261	762
261	858
261	940
262	292
262	586
262	616
262	779
263	333
263	504
263	897
264	415
264	542
264	584
264	596
264	690
264	782
265	327
265	650
265	829
266	391
266	546
266	589
266	672
266	695
266	724
266	793
266	797
266	799
266	869
266	928
267	668
268	280
268	343
268	482
268	485
268	493
268	591
268	635
268	806
269	442
270	274
270	517
270	583
270	612
270	637
270	651
270	909
270	921
271	490
271	520
271	604
271	654
271	719
271	823
271	842
271	854
271	865
271	879
272	372
272	375
272	420
272	512
272	525
272	774
272	841
272	876
272	894
272	924
274	513
274	536
274	563
274	612
274	757
274	806
274	856
275	306
275	421
275	605
275	620
275	703
275	813
275	962
275	976
276	367
276	519
276	579
276	634
276	638
276	765
276	771
276	802
276	820
276	900
276	946
276	983
277	278
277	339
277	392
277	394
277	401
277	486
277	503
277	615
277	683
277	785
277	814
277	966
278	316
278	373
278	384
278	401
278	503
278	724
278	793
278	798
278	856
278	902
278	906
279	343
279	465
279	523
280	375
280	405
280	423
280	436
280	675
280	800
280	806
280	856
280	873
280	892
280	933
280	989
281	290
281	317
281	323
281	344
281	397
281	439
281	485
281	529
281	555
281	600
281	675
281	743
281	793
281	868
282	428
282	473
282	940
282	965
283	337
283	420
283	585
283	594
283	646
283	725
283	851
284	785
284	902
284	970
285	351
285	513
285	636
285	889
286	300
286	323
286	326
286	397
286	434
286	675
286	702
286	823
286	854
286	890
286	905
287	729
287	884
287	996
288	516
288	599
289	366
289	401
289	415
289	423
289	476
289	478
289	531
289	536
289	577
289	597
289	636
289	714
289	736
289	848
289	891
289	959
289	966
290	300
290	353
290	447
290	516
290	631
290	634
290	768
290	788
290	913
290	925
290	983
291	338
291	470
291	838
292	450
292	470
292	623
292	679
292	818
292	874
292	913
292	939
293	306
293	313
293	317
293	340
293	341
293	367
293	487
293	584
293	605
293	698
293	711
293	796
293	959
294	377
294	420
294	460
294	753
294	953
295	307
295	532
295	546
295	552
295	590
295	623
295	828
296	364
296	455
296	697
296	707
296	726
296	784
296	860
296	868
296	943
297	491
297	568
297	707
297	871
298	335
298	354
298	552
299	546
299	554
299	599
299	638
299	655
299	789
299	808
299	813
299	983
300	316
300	345
300	361
300	394
300	402
300	439
300	539
300	551
300	586
300	608
300	631
300	719
300	749
300	771
300	796
300	799
300	906
300	925
300	938
300	975
300	997
301	362
301	574
301	758
301	984
302	375
302	436
302	587
302	591
302	687
302	762
302	765
302	807
302	822
302	868
302	873
302	997
303	474
303	714
304	308
304	526
304	816
304	820
305	370
305	485
305	486
305	658
305	675
305	681
305	738
305	796
305	799
305	898
305	906
305	952
306	371
306	584
306	609
306	613
306	785
307	426
307	455
307	528
307	697
307	951
309	343
309	463
309	482
309	493
309	512
309	537
309	538
309	548
309	723
309	739
309	795
309	803
309	889
310	416
310	510
310	601
310	656
310	676
310	695
310	709
311	538
311	588
311	931
312	437
312	478
312	903
313	370
313	389
313	551
313	796
313	802
313	868
313	869
313	936
313	990
314	329
314	391
314	531
314	621
314	694
314	709
314	784
314	998
316	376
316	389
316	441
316	461
316	485
316	531
316	613
316	625
316	681
316	765
316	793
316	817
316	818
316	869
316	900
316	906
316	964
317	340
317	365
317	441
317	446
317	473
317	479
317	502
317	615
317	677
317	743
317	799
317	856
317	906
318	396
318	667
318	832
319	395
319	422
319	492
319	494
319	582
319	680
319	692
319	860
319	907
319	920
319	945
320	606
321	385
321	416
321	602
321	603
321	642
321	673
321	763
321	893
322	326
322	360
322	361
322	385
322	434
322	565
322	604
322	637
322	653
322	720
322	727
322	798
322	823
322	889
322	955
323	363
323	393
323	408
323	570
323	604
323	618
323	706
323	719
323	771
324	389
324	393
324	395
324	428
324	432
324	530
324	531
324	570
324	612
324	613
324	658
324	724
324	727
324	738
324	777
324	793
324	862
324	864
324	977
325	356
325	366
325	542
325	647
325	862
325	921
326	364
326	379
326	410
326	440
326	567
326	656
326	686
326	687
326	695
326	779
326	784
326	855
326	865
326	951
327	522
327	747
327	808
328	356
328	609
328	729
329	346
329	354
329	406
329	449
329	461
329	582
329	591
329	629
329	712
329	823
329	865
329	923
330	587
330	626
330	654
331	384
331	441
331	583
331	584
331	755
331	761
331	949
332	433
332	546
332	568
332	722
332	838
333	344
333	360
333	431
333	634
333	842
333	928
334	339
334	352
334	373
334	584
334	605
334	683
334	698
334	861
334	905
334	915
334	927
334	997
335	458
335	572
335	613
335	621
335	706
335	715
335	733
335	762
335	856
335	858
337	376
337	401
337	453
337	700
337	851
337	897
337	959
338	408
338	543
338	660
338	692
339	384
339	441
339	596
339	614
339	769
339	862
340	414
340	431
340	436
340	711
340	749
340	921
340	952
340	966
340	972
341	366
341	407
341	584
341	681
341	696
341	724
341	902
342	404
342	715
342	756
342	881
343	523
343	537
343	565
343	670
343	694
344	474
344	484
344	533
344	681
344	733
344	771
344	873
344	885
344	955
345	461
345	468
345	654
345	711
345	825
345	919
345	936
345	976
346	408
346	510
346	576
346	633
346	709
346	822
346	859
346	930
347	992
348	579
348	666
348	711
348	872
348	878
348	927
349	404
349	674
350	373
350	402
350	434
350	517
350	570
350	675
350	734
350	755
350	778
350	969
351	394
351	433
351	587
351	613
351	618
351	653
351	658
351	664
351	704
351	765
351	786
351	794
351	817
351	856
351	920
351	955
352	367
352	469
352	542
352	547
352	615
352	646
352	647
352	725
352	749
352	765
352	769
352	771
352	853
352	855
352	902
353	365
353	399
353	467
353	490
353	623
353	768
353	786
353	811
353	818
353	849
353	951
354	611
354	726
354	859
354	882
354	928
355	396
355	494
355	667
355	875
356	381
356	419
356	516
356	640
356	866
357	375
357	460
357	488
357	512
357	676
357	700
357	806
357	831
357	889
357	926
357	994
358	527
358	606
358	701
358	982
359	731
359	750
359	888
359	916
360	446
360	663
360	745
360	855
360	951
360	988
361	685
361	738
361	762
362	829
363	460
363	588
363	737
363	810
363	834
363	854
363	889
363	919
363	964
364	433
364	467
364	554
364	556
364	582
364	631
364	732
364	828
364	845
364	870
364	951
365	394
365	398
365	407
365	461
365	479
365	584
365	625
365	666
365	696
365	703
365	713
365	825
365	905
366	436
366	502
366	519
366	539
366	577
366	644
366	738
366	898
366	902
366	952
366	972
366	976
367	461
367	472
367	592
367	604
367	654
367	711
367	742
367	820
367	862
367	964
368	640
368	833
368	897
369	509
369	522
369	576
369	711
369	747
370	506
370	530
370	549
370	833
370	970
371	459
371	620
371	773
371	835
371	872
371	922
372	375
372	377
372	482
372	538
372	601
372	664
372	710
372	723
372	739
372	795
372	810
372	924
372	994
373	390
373	398
373	432
373	441
373	469
373	487
373	501
373	503
373	547
373	612
373	725
373	760
373	853
375	416
375	420
375	432
375	489
375	530
375	565
375	919
376	435
376	530
376	637
376	660
376	738
376	749
376	769
376	778
376	781
376	798
376	807
376	837
376	901
376	921
376	952
377	436
377	569
377	648
377	755
377	853
377	886
377	991
378	544
378	609
378	640
378	819
379	582
379	587
379	783
379	803
379	926
379	961
380	492
381	729
381	760
381	884
382	442
382	728
382	839
383	655
383	665
383	697
383	918
384	594
384	614
384	615
384	973
385	525
385	841
386	951
387	560
387	715
387	826
388	748
389	433
389	446
389	520
389	600
389	604
389	654
389	685
389	719
389	786
389	928
389	964
389	975
390	410
390	441
390	466
390	547
390	563
390	646
390	724
390	753
390	769
390	853
390	905
391	577
391	639
391	719
391	720
391	732
391	955
392	399
392	501
392	653
392	700
392	702
392	760
392	778
392	853
393	401
393	456
393	467
393	486
393	531
393	535
393	654
393	786
394	439
394	542
394	570
394	600
394	604
394	666
394	853
394	886
394	959
395	538
395	567
395	572
395	720
395	783
396	412
396	455
396	621
396	630
396	699
396	794
397	434
397	436
397	588
397	594
397	639
397	734
397	854
397	919
397	926
397	933
397	973
397	995
398	439
398	516
398	539
398	577
398	621
398	644
398	696
398	765
398	787
398	878
398	879
399	403
399	633
399	702
399	768
399	849
399	882
399	900
400	561
400	678
400	936
400	946
401	418
401	420
401	474
401	485
401	576
401	660
401	666
401	778
401	799
401	905
402	548
402	565
402	572
402	600
402	654
402	704
402	807
402	827
402	854
402	864
403	410
403	425
403	568
403	600
403	726
403	732
403	890
403	913
403	975
404	480
404	721
404	826
405	436
405	458
405	493
405	637
405	651
405	691
405	814
405	886
405	889
405	908
406	433
406	564
406	692
406	772
406	856
406	900
407	521
407	596
407	620
407	711
407	746
407	796
407	902
407	972
408	493
408	569
408	607
408	702
408	720
408	732
408	794
408	822
408	871
408	951
409	459
409	596
409	787
409	835
409	884
410	653
410	679
410	786
410	855
410	859
410	988
411	472
411	487
411	533
411	592
411	835
411	861
411	904
412	514
412	576
412	686
412	877
413	520
413	574
413	759
413	870
413	913
413	945
414	487
414	494
414	698
414	746
414	773
414	813
415	423
415	469
415	563
415	647
415	764
415	853
415	919
415	949
415	959
416	463
416	512
416	570
416	587
416	588
416	613
416	642
416	795
416	831
416	834
416	876
416	917
416	928
417	638
417	825
417	904
418	620
419	444
419	459
419	468
419	521
419	566
419	580
419	764
419	851
419	884
419	996
420	597
420	619
420	620
420	739
420	800
420	950
420	959
420	998
421	542
421	747
421	915
421	922
421	946
422	524
422	548
422	621
422	663
422	712
422	734
422	784
422	868
422	882
422	955
422	964
422	974
423	435
423	453
423	501
423	633
423	746
423	769
423	856
423	892
423	926
423	966
423	973
424	729
424	781
425	433
425	440
425	621
425	825
425	838
425	937
425	951
426	779
426	874
426	928
428	492
428	920
428	985
429	457
429	603
429	815
430	722
431	461
431	659
431	675
431	825
431	829
431	879
432	456
432	500
432	503
432	709
432	765
432	797
432	834
432	868
432	959
432	969
433	838
433	859
433	882
433	928
434	446
434	503
434	533
434	563
434	578
434	615
434	636
434	761
434	842
434	854
434	855
435	563
435	660
435	807
435	869
435	901
435	919
436	533
436	597
436	613
436	679
436	685
436	704
436	706
436	738
436	793
436	919
436	969
436	994
437	536
438	494
438	630
438	707
438	734
438	838
438	874
438	910
438	992
439	461
439	531
439	547
439	555
439	604
439	605
439	639
439	679
439	745
439	771
439	786
439	798
439	869
439	928
439	966
439	990
440	586
440	604
440	613
440	666
440	677
440	722
440	913
440	928
441	539
441	614
441	690
441	698
441	792
443	688
444	506
444	521
444	764
444	823
444	996
445	915
445	946
446	510
446	535
446	600
446	639
446	702
446	765
446	771
446	865
446	902
447	526
447	662
448	716
448	919
448	953
449	512
449	578
449	607
449	626
449	705
449	881
449	995
450	529
451	885
452	536
452	643
452	716
452	791
452	800
452	963
453	460
453	500
453	504
453	530
453	646
453	683
453	738
453	778
453	799
453	800
453	831
453	963
453	990
454	844
454	852
455	470
455	528
455	630
455	695
455	828
455	874
456	486
456	567
456	613
456	639
456	658
456	772
456	783
456	822
456	823
458	498
458	716
458	728
458	791
458	848
459	577
459	583
459	819
459	837
460	486
460	604
460	710
460	725
460	800
460	848
460	909
460	943
461	467
461	474
461	509
461	531
461	536
461	539
461	550
461	711
461	732
461	925
462	704
462	772
462	803
463	834
464	743
464	748
464	755
464	991
465	911
466	517
466	884
466	928
466	957
467	474
467	490
467	604
467	654
467	726
467	905
467	925
467	938
468	542
468	580
468	884
469	500
469	583
469	631
469	644
469	933
469	990
470	634
470	722
470	726
470	735
470	988
471	673
471	917
472	581
472	600
472	620
472	657
472	690
472	703
472	724
472	761
472	773
472	787
472	897
472	921
472	976
473	533
473	548
473	567
473	582
473	629
473	653
473	709
473	814
473	822
473	834
474	485
474	503
474	535
474	547
474	576
474	604
474	638
474	676
474	681
474	683
474	759
474	796
474	798
474	823
474	868
474	898
474	906
476	593
476	753
476	791
476	848
476	908
477	549
477	764
478	513
478	536
478	577
478	738
478	814
478	891
478	970
479	579
479	583
479	683
479	775
479	904
479	927
479	936
480	493
480	537
480	538
480	565
480	582
480	664
480	774
481	642
481	737
482	493
482	626
482	876
482	893
482	924
482	971
484	528
484	546
484	633
484	655
484	669
484	732
484	793
484	870
484	879
484	883
485	502
485	592
485	618
485	719
485	753
485	799
485	925
485	938
486	547
486	607
486	658
486	706
486	749
486	831
486	868
486	886
486	989
487	503
487	527
487	773
487	799
487	872
487	900
487	927
487	972
488	493
488	534
488	565
488	569
488	664
488	804
488	863
488	876
488	940
488	971
489	619
489	643
489	757
489	831
490	502
490	532
490	533
490	535
490	639
490	681
490	749
490	758
490	762
490	905
491	492
491	611
491	882
491	911
492	496
492	618
492	648
492	877
492	992
493	664
493	735
493	810
493	826
493	881
494	551
494	707
494	777
494	779
494	882
494	890
494	988
494	992
495	558
496	717
496	887
496	911
497	916
498	530
498	652
498	953
499	539
499	550
499	592
499	713
499	817
500	517
500	738
500	834
501	725
501	762
502	614
502	644
502	788
502	929
503	539
503	584
503	646
503	778
503	859
503	862
503	900
503	902
504	646
504	647
504	728
504	903
504	921
505	515
505	529
505	554
505	665
505	693
505	720
505	742
505	784
505	869
505	930
505	933
505	998
506	593
507	530
507	643
507	651
507	909
509	625
509	644
509	808
509	845
509	936
509	946
510	547
510	709
510	720
512	551
512	588
512	626
512	673
512	748
512	780
512	795
513	781
513	889
513	909
514	629
514	687
514	749
514	871
514	998
515	559
515	608
515	638
515	718
515	818
515	820
515	905
516	668
516	742
516	934
517	544
517	562
517	651
517	725
517	766
517	781
517	972
518	540
518	730
519	683
519	687
519	732
519	745
519	765
519	799
519	817
520	568
520	654
520	720
520	732
520	817
520	849
520	859
520	969
520	998
521	640
521	645
521	833
521	903
522	662
522	845
522	870
523	664
523	971
523	993
524	707
524	712
524	849
524	923
525	664
526	634
526	829
526	936
527	724
527	946
528	735
528	870
528	918
528	975
529	546
529	631
529	718
530	535
530	583
530	594
530	636
530	637
530	660
530	812
530	903
530	921
530	959
531	547
531	636
531	646
531	734
531	749
531	771
531	798
531	799
531	892
531	927
532	539
532	554
532	576
532	586
532	600
532	618
532	633
532	796
532	820
532	879
533	666
533	738
533	765
533	938
533	964
534	587
534	756
534	881
534	961
535	793
535	861
535	862
535	905
535	938
535	939
535	983
536	563
536	614
536	739
536	891
537	674
537	806
537	940
537	994
537	995
538	543
538	591
538	670
538	739
538	803
538	810
538	993
539	586
539	629
539	702
539	861
539	904
540	626
540	737
540	762
540	987
542	660
542	743
542	947
542	973
543	564
543	656
543	699
544	609
544	657
544	872
544	884
544	915
545	574
545	634
545	759
545	879
545	913
545	975
546	628
546	828
546	883
547	565
547	600
547	604
547	729
547	853
548	553
548	587
548	601
548	629
548	676
548	726
548	780
548	863
548	876
549	809
550	584
550	677
550	683
550	792
550	861
550	878
551	570
551	587
551	591
551	658
551	672
551	676
551	733
551	745
551	793
551	796
551	905
552	779
552	838
553	745
553	794
553	810
553	834
553	858
553	989
553	997
554	628
554	655
554	712
554	828
554	883
554	958
555	590
555	782
555	818
555	855
555	938
556	628
556	650
556	784
556	885
558	942
559	936
561	925
561	932
562	753
562	889
562	908
563	636
563	733
563	734
563	842
563	848
563	871
563	889
563	908
563	959
564	772
564	777
564	955
564	964
565	607
565	629
565	710
565	736
565	762
565	822
565	834
565	886
565	963
565	971
566	770
566	903
567	582
567	621
567	656
567	674
567	676
567	794
567	858
568	600
568	621
568	634
568	874
568	883
568	988
569	710
569	780
569	863
569	894
569	971
569	989
570	769
570	969
571	794
572	611
572	822
572	882
572	989
573	646
574	870
575	911
576	589
576	655
576	663
576	733
576	793
576	879
576	964
577	583
577	625
577	698
577	817
577	929
577	972
578	637
579	592
579	616
579	631
579	742
579	747
580	833
580	884
581	701
582	607
582	709
582	961
583	637
583	812
583	977
584	605
584	646
584	659
584	724
584	761
585	619
585	676
585	728
585	757
585	848
585	851
585	863
585	908
586	679
586	768
586	818
586	855
586	885
586	919
587	795
587	800
587	863
587	917
588	635
588	780
588	863
588	894
589	634
589	658
589	675
589	818
589	856
589	865
589	868
589	881
589	964
590	628
590	918
591	680
591	687
591	689
591	783
591	975
591	992
591	998
592	855
592	857
592	972
592	984
594	619
594	891
594	921
595	718
596	640
597	619
597	685
597	743
597	822
597	854
597	879
597	886
598	646
598	817
598	901
599	606
599	789
599	934
600	604
600	630
600	654
600	676
600	709
600	719
600	734
600	745
600	870
600	879
600	990
601	626
601	739
601	971
601	973
601	993
603	780
603	893
603	924
603	926
604	607
604	663
604	675
604	771
604	849
604	938
604	945
605	615
605	638
605	644
605	719
605	785
605	853
605	915
605	964
606	657
606	946
607	613
607	635
607	704
607	863
607	876
607	997
608	628
608	718
608	811
608	829
608	918
608	939
609	947
610	648
610	689
610	931
610	943
611	629
611	630
611	672
611	765
611	783
611	794
611	800
611	877
612	625
612	700
612	766
612	794
612	863
612	906
612	933
612	973
613	675
613	762
613	767
613	798
613	862
613	868
614	647
614	703
614	807
614	861
614	904
614	921
614	929
615	724
615	725
615	743
615	853
615	898
615	902
616	759
616	838
618	630
618	696
618	732
618	777
618	786
618	842
618	871
618	873
618	879
618	898
618	964
618	988
619	738
619	753
619	755
619	886
619	912
619	926
620	732
620	766
620	869
620	958
620	972
620	976
621	630
621	695
621	777
621	786
621	825
621	875
621	951
622	730
622	737
622	815
622	827
622	912
622	931
623	665
623	786
623	820
623	825
623	945
625	904
625	927
626	807
626	864
626	963
626	994
627	674
627	830
627	858
627	985
628	828
628	849
628	952
629	687
629	745
629	774
629	871
630	656
630	687
630	709
630	719
630	734
630	772
630	786
630	822
630	849
630	859
630	865
630	882
630	885
630	945
630	964
631	796
631	818
631	845
631	939
632	866
633	735
633	779
633	874
634	638
634	718
634	789
635	955
636	647
636	666
636	769
636	912
637	647
637	662
637	698
637	703
637	745
638	655
638	711
638	733
638	813
638	898
638	900
638	962
638	975
639	675
639	681
639	692
639	807
639	854
639	998
643	871
643	959
644	696
644	817
644	936
645	769
645	949
646	725
646	736
646	817
646	853
646	901
646	902
646	972
647	660
647	698
647	769
647	778
647	921
649	732
649	829
649	838
649	860
649	975
651	729
651	764
651	833
653	695
654	659
654	672
654	685
654	760
654	849
655	662
655	742
655	768
655	828
655	859
656	988
656	992
657	698
657	915
657	952
657	982
658	676
658	685
658	710
658	720
658	771
658	873
658	961
658	971
659	779
659	792
659	820
660	736
660	778
660	785
660	853
660	886
660	908
661	699
661	847
662	813
662	983
663	676
663	679
663	732
663	743
663	786
663	964
663	974
664	670
664	810
664	830
664	881
665	870
665	885
666	675
666	696
666	704
666	725
666	933
666	977
667	875
667	910
668	792
668	983
669	732
669	759
669	823
669	930
670	780
670	995
671	698
671	850
671	932
672	719
672	768
672	777
672	784
672	855
672	870
672	964
672	990
674	822
675	677
675	796
675	881
675	906
676	706
676	733
676	749
676	771
676	842
676	871
676	972
677	718
677	732
677	743
677	765
677	796
677	820
677	904
678	789
678	914
678	946
679	693
679	695
679	793
679	879
680	783
680	868
680	943
680	985
681	743
681	765
681	796
681	798
681	800
681	854
681	906
681	998
683	814
683	902
683	921
683	966
684	894
685	706
685	738
685	744
685	834
686	754
686	951
687	693
687	709
687	720
687	756
687	849
687	865
687	930
690	796
690	901
690	925
691	733
691	740
691	827
691	876
691	940
693	849
693	859
693	930
693	951
693	958
694	931
694	993
695	719
695	806
695	877
695	879
696	724
696	734
696	793
697	735
697	736
697	777
697	852
697	860
697	877
697	885
698	812
698	879
698	909
698	972
700	710
700	739
700	863
700	876
700	955
701	708
701	789
702	745
702	749
702	762
702	771
702	845
702	871
703	902
703	929
703	936
703	962
703	976
704	706
704	762
704	793
704	865
704	955
705	965
705	985
706	727
706	793
706	854
706	855
706	862
707	822
707	874
707	910
708	934
708	946
709	838
709	865
709	879
710	889
710	933
711	788
711	928
711	998
712	920
713	718
713	747
713	820
713	898
713	936
714	909
715	931
715	940
716	891
716	909
716	973
718	747
718	874
719	733
719	858
719	873
719	907
719	955
720	794
720	797
722	838
722	849
723	791
724	761
724	853
724	944
725	778
725	938
725	959
726	859
726	907
726	978
727	738
727	744
727	794
727	868
727	933
728	791
728	837
729	835
729	953
730	748
730	893
730	924
731	833
731	916
732	855
732	936
733	734
733	799
733	823
733	952
734	743
734	744
734	771
734	865
734	975
735	838
735	958
736	785
736	879
736	933
737	834
738	799
738	886
738	969
739	767
739	851
739	987
740	866
740	897
742	936
743	807
743	817
743	861
743	921
744	807
744	864
744	865
744	877
744	879
744	881
744	925
745	799
745	856
745	859
746	760
746	799
746	972
747	829
748	893
749	796
749	864
749	990
750	850
750	932
753	848
755	814
755	864
755	994
756	963
757	848
758	956
759	820
760	835
760	947
760	972
761	972
762	771
762	841
762	864
762	926
762	994
764	791
764	909
765	771
765	842
765	854
765	905
765	969
766	785
766	835
766	973
767	865
767	885
767	955
768	818
768	820
768	928
768	964
769	812
769	919
769	949
771	838
771	870
771	975
772	945
773	982
774	803
777	849
777	871
777	988
778	933
778	977
779	859
779	874
780	830
780	881
780	989
781	866
782	836
782	869
783	977
784	838
784	849
784	865
784	873
784	998
785	872
786	951
786	964
787	788
788	843
788	962
789	843
789	934
791	815
791	851
792	900
792	984
793	807
793	813
793	898
793	997
794	823
794	868
794	890
794	955
795	810
795	827
795	858
796	823
796	977
797	940
797	977
797	994
797	997
798	807
798	853
798	892
798	963
798	975
799	938
800	831
800	846
800	926
802	869
806	923
807	842
808	918
810	821
810	831
810	863
810	876
811	820
811	918
811	958
812	884
812	902
812	915
812	944
812	970
813	872
813	999
814	889
814	962
817	853
817	892
817	902
817	952
818	820
818	856
818	913
819	982
820	857
820	983
822	871
822	943
823	855
823	862
823	901
823	905
823	958
824	857
824	934
825	861
825	928
825	998
827	909
827	924
828	883
828	907
829	925
829	939
829	946
829	983
829	984
830	989
831	848
831	889
831	953
832	877
833	944
834	854
834	881
834	961
835	949
837	839
837	889
837	933
838	849
838	874
838	885
838	910
839	866
839	903
840	877
840	992
841	950
841	971
842	863
842	868
842	933
845	862
845	913
848	949
849	943
850	984
851	912
851	919
851	933
851	953
853	891
853	975
853	977
854	906
854	977
855	905
856	938
857	984
858	868
859	930
862	873
862	919
862	943
862	990
868	959
869	898
872	901
872	915
872	947
872	982
874	877
874	958
875	911
876	993
877	920
878	982
879	975
880	915
880	935
881	917
882	890
882	920
884	949
885	945
886	889
886	926
889	912
890	992
891	908
891	963
892	938
892	977
898	964
900	964
900	976
901	959
902	903
904	927
905	966
905	975
906	933
908	959
910	992
915	927
915	962
917	950
919	959
920	961
921	952
923	930
924	950
926	960
926	969
926	971
926	994
927	939
929	935
929	962
930	951
932	982
933	990
938	990
939	958
939	974
940	961
940	971
943	955
945	951
947	972
950	987
952	990
953	991
955	974
957	979
960	995
972	990
974	975
974	998
977	998
988	998
992	997
