0	13
0	272
0	375
0	569
0	708
0	745
0	798
0	861
0	917
1	70
1	217
1	265
1	321
1	374
1	399
1	401
1	468
1	655
1	716
1	732
1	841
1	848
1	876
1	970
2	94
2	105
2	258
2	259
2	740
2	950
3	75
3	123
3	291
3	424
3	688
3	709
4	23
4	30
4	49
4	154
4	164
4	172
4	234
4	277
4	398
4	403
4	423
4	484
4	556
4	759
4	795
4	830
4	846
4	854
4	873
4	903
4	914
5	33
5	53
5	62
5	110
5	155
5	255
5	427
5	505
5	533
5	635
5	667
5	733
5	815
5	875
6	201
6	207
6	214
6	230
6	388
6	498
6	534
6	565
6	613
6	623
6	624
6	683
6	729
6	750
6	766
6	767
6	817
6	955
6	975
6	977
6	978
7	509
7	828
7	849
8	9
8	120
8	241
8	248
8	547
8	627
8	814
8	910
8	927
9	45
9	67
9	103
9	122
9	199
9	354
9	396
9	418
9	587
9	654
9	671
9	699
9	847
9	932
9	943
9	949
9	955
9	964
9	973
10	485
10	713
10	762
10	788
10	815
11	33
11	183
11	212
11	231
11	487
11	557
11	592
11	593
11	610
11	704
12	59
12	123
12	143
12	331
12	356
12	493
12	618
12	664
12	675
12	768
12	774
13	306
13	602
14	514
14	521
14	931
15	117
15	177
15	238
15	258
15	380
15	610
15	684
15	909
15	923
16	39
16	106
16	110
16	121
16	329
16	408
16	445
16	533
16	862
16	885
17	96
17	362
17	497
17	501
17	883
17	923
18	283
18	457
18	695
18	720
18	786
18	985
18	989
19	28
19	600
19	939
20	888
21	67
21	139
21	142
21	180
21	354
21	361
21	417
21	441
21	482
21	640
21	785
21	795
21	884
21	890
22	591
23	71
23	131
23	149
23	209
23	261
23	288
23	353
23	403
23	406
23	501
23	515
23	886
23	890
24	65
24	114
24	141
24	255
24	362
24	427
24	546
24	635
24	640
24	759
24	847
24	868
24	918
24	923
24	942
25	850
25	986
26	746
27	144
27	168
27	264
27	341
27	357
27	754
27	755
27	800
27	988
28	200
28	637
28	649
28	801
28	946
28	959
29	56
29	157
29	252
29	266
29	354
29	432
29	574
29	587
29	718
29	933
29	957
30	78
30	103
30	131
30	199
30	253
30	257
30	261
30	456
30	533
30	535
30	598
30	625
30	693
30	703
30	771
31	52
31	134
31	310
31	321
31	324
31	336
31	588
31	784
31	911
32	84
32	364
32	421
33	58
33	127
33	133
33	229
33	321
33	659
33	823
33	855
34	54
34	94
34	128
34	257
34	275
34	338
34	366
34	401
34	511
34	515
34	556
34	557
34	629
34	648
34	667
35	62
35	253
35	275
35	333
35	406
35	408
35	427
35	461
35	515
35	544
35	596
35	660
35	662
35	707
35	785
35	830
35	866
35	900
35	940
36	130
36	172
36	463
36	508
36	548
36	714
36	760
36	776
36	914
36	978
37	232
37	522
37	597
37	799
38	51
38	200
38	358
38	487
38	825
38	833
39	57
39	62
39	255
39	282
39	373
39	434
39	469
39	748
39	766
39	788
39	875
39	899
39	963
39	983
40	291
40	297
40	543
40	555
41	57
41	177
41	201
41	305
41	400
41	430
41	505
41	523
41	572
41	588
41	599
41	685
41	793
41	953
41	999
42	57
42	138
42	139
42	181
42	208
42	498
42	606
42	634
42	640
42	718
42	735
42	765
42	940
43	53
43	148
43	164
43	172
43	214
43	275
43	324
43	347
43	388
43	662
43	667
43	704
43	805
43	981
44	283
44	313
44	339
44	416
44	417
44	420
44	558
44	580
44	752
44	899
44	928
45	58
45	267
45	375
45	429
45	471
45	538
45	572
45	634
45	664
45	667
45	681
45	700
45	805
45	886
45	976
47	111
47	162
47	172
47	249
47	328
47	352
47	366
47	407
47	495
47	501
47	588
47	721
47	757
47	805
47	855
47	896
47	972
48	51
48	88
48	160
48	270
48	468
48	678
48	726
48	915
48	939
48	959
49	75
49	78
49	318
49	423
49	615
49	657
49	681
49	707
49	714
49	903
49	917
50	504
51	65
51	88
51	362
51	487
51	885
51	946
51	969
51	983
52	290
52	352
52	381
52	471
52	761
52	859
53	139
53	183
53	410
53	415
53	452
53	476
53	551
53	581
53	586
53	596
53	611
53	629
53	753
53	844
53	990
53	999
54	149
54	161
54	246
54	273
54	394
54	429
54	463
54	525
54	953
54	961
54	967
54	976
55	257
55	304
55	375
55	417
55	431
55	441
55	578
55	782
56	165
56	214
56	262
56	338
56	593
56	603
56	631
56	637
56	699
56	810
56	901
56	921
57	121
57	168
57	229
57	253
57	262
57	328
57	400
57	445
57	482
57	612
57	634
57	685
57	789
58	89
58	225
58	229
58	239
58	270
58	287
58	338
58	448
58	620
58	624
58	649
58	710
58	753
58	759
58	875
58	898
58	901
58	933
59	175
59	215
59	343
59	447
59	481
59	768
59	786
60	74
60	171
60	174
60	230
60	320
60	321
60	330
60	338
60	468
60	538
60	596
60	623
60	728
60	731
60	805
60	845
62	64
62	127
62	165
62	234
62	408
62	469
62	611
62	655
62	683
62	704
62	780
62	830
62	859
62	990
63	362
63	491
63	531
63	783
63	825
63	900
63	950
64	125
64	199
64	201
64	213
64	228
64	304
64	313
64	349
64	354
64	392
64	404
64	448
64	498
64	744
64	940
64	993
65	175
65	230
65	239
65	310
65	341
65	476
65	592
65	637
65	731
65	753
65	844
65	968
66	96
66	106
66	207
67	91
67	155
67	329
67	374
67	408
67	620
67	788
68	78
68	226
68	257
68	344
68	440
68	519
68	846
69	243
69	291
69	453
69	755
69	780
69	834
70	663
70	862
70	869
70	885
70	920
71	131
71	199
71	234
71	412
71	461
71	478
71	511
71	577
71	586
71	620
71	625
71	776
71	785
71	789
71	872
71	890
71	910
74	233
74	399
74	905
75	147
75	149
75	178
75	601
75	629
75	827
75	961
76	307
76	405
76	411
76	514
77	423
77	443
77	463
77	629
77	705
77	722
77	757
77	787
77	824
77	899
77	917
78	128
78	154
78	405
78	598
78	695
79	201
79	346
79	367
79	388
79	396
79	472
79	478
79	728
79	966
80	102
80	139
80	152
80	198
80	461
80	578
80	594
80	619
80	654
80	729
80	730
80	771
80	882
80	890
80	900
81	101
81	145
81	220
81	269
81	419
81	496
81	507
81	537
81	563
81	567
81	570
81	613
81	698
82	464
82	509
82	926
83	242
83	339
83	442
83	695
83	995
84	105
84	137
84	346
84	369
84	432
84	512
84	684
84	871
85	116
85	135
85	145
85	196
85	213
85	383
85	416
85	417
85	459
85	535
85	606
85	651
85	723
85	877
86	204
86	305
86	725
86	746
86	747
86	840
86	863
87	103
87	125
87	131
87	228
87	288
87	498
87	502
87	585
87	776
87	873
87	889
87	899
87	910
87	981
88	439
88	610
88	885
89	139
89	203
89	322
89	401
89	469
89	637
89	700
89	702
89	844
89	887
89	972
90	104
90	166
90	489
90	641
90	979
91	148
91	171
91	224
91	225
91	255
91	320
91	321
91	330
91	559
91	629
91	727
91	769
91	878
91	891
91	970
91	999
92	178
92	221
92	354
92	366
92	495
92	601
92	700
92	724
92	805
92	967
93	141
93	181
93	362
93	404
93	535
93	578
93	615
93	626
93	692
93	718
93	725
93	744
93	890
93	952
93	963
93	971
94	142
94	240
94	302
94	304
94	574
96	309
97	186
97	221
97	310
97	428
97	509
97	510
97	662
97	728
97	732
97	765
97	770
97	790
97	849
98	152
98	489
99	479
99	712
99	871
100	277
100	840
101	210
101	213
101	276
101	279
101	298
101	498
101	560
101	632
101	872
102	220
102	288
102	304
102	381
102	441
102	482
102	511
102	568
102	609
102	612
102	615
102	626
102	729
102	759
102	940
103	122
103	201
103	210
103	285
103	305
103	329
103	383
103	418
103	423
103	478
103	488
103	535
103	595
103	598
103	630
103	669
103	699
103	798
103	854
103	993
104	751
104	851
104	892
105	197
105	238
105	276
105	326
105	507
105	513
105	957
106	492
106	537
106	628
106	731
106	952
106	975
108	195
108	407
108	475
108	841
108	855
109	110
109	113
109	127
109	138
109	139
109	226
109	270
109	288
109	329
109	373
109	417
109	465
109	474
109	516
109	560
109	603
109	999
110	252
110	253
110	328
110	397
110	637
110	672
110	692
110	704
110	735
110	757
110	760
110	815
110	841
110	868
110	900
110	991
111	138
111	329
111	346
111	354
111	388
111	404
111	577
111	614
111	631
111	634
111	723
111	816
111	832
111	847
111	981
112	180
112	384
112	430
112	433
112	444
112	844
113	327
113	360
113	378
113	413
113	541
113	564
113	609
113	665
113	695
113	743
113	791
114	140
114	197
114	444
114	531
114	579
114	901
115	874
116	121
116	207
116	279
116	482
116	498
116	517
116	612
116	729
116	817
116	868
116	955
117	387
117	652
117	883
118	172
118	215
118	267
118	281
118	304
118	375
118	392
118	585
118	699
118	893
118	903
118	962
119	164
119	175
119	320
119	347
119	394
119	414
119	445
119	476
119	539
119	544
119	671
119	675
119	721
119	891
119	962
119	970
120	208
120	311
120	417
120	462
120	616
120	963
121	260
121	396
121	482
121	502
121	529
121	568
121	577
121	626
121	725
121	803
121	804
121	847
122	125
122	128
122	130
122	149
122	182
122	305
122	354
122	423
122	478
122	595
122	626
122	680
122	690
122	824
122	872
122	886
122	889
122	893
122	973
123	144
123	368
123	385
123	691
123	709
123	758
123	850
124	173
124	265
124	310
124	399
124	716
125	146
125	288
125	416
125	417
125	578
125	615
125	839
125	910
127	203
127	448
127	476
127	581
127	732
127	868
127	869
127	881
127	885
127	946
127	958
127	969
128	167
128	278
128	378
128	455
128	489
128	519
128	598
128	665
128	676
128	699
128	719
128	786
128	886
128	995
129	142
129	182
129	276
129	279
129	416
129	417
129	529
129	538
129	564
129	614
129	632
129	651
129	669
129	718
129	742
129	744
129	843
130	318
130	324
130	414
130	569
130	607
130	634
130	710
130	785
130	893
130	899
131	208
131	285
131	288
131	389
131	461
131	478
131	489
131	606
131	620
131	693
131	711
131	899
131	967
132	256
132	317
132	473
132	545
133	195
133	328
133	475
133	476
133	588
133	761
133	876
134	343
134	398
134	494
134	647
134	674
134	867
134	937
134	967
135	185
135	269
135	383
135	573
135	703
135	744
135	771
135	832
135	989
136	194
136	251
136	268
136	392
136	410
136	415
136	546
136	611
137	258
137	380
138	177
138	181
138	251
138	298
138	516
138	560
138	612
138	626
138	682
138	741
138	940
139	214
139	338
139	376
139	445
139	505
139	599
139	635
139	667
139	699
139	759
139	900
140	183
140	197
140	262
140	287
140	338
140	362
140	515
140	599
140	610
140	635
140	656
140	704
140	736
140	817
140	901
140	907
141	155
141	180
141	181
141	201
141	214
141	278
141	305
141	349
141	388
141	441
141	488
141	578
141	583
141	612
141	651
141	815
141	844
141	862
141	872
141	896
141	971
142	155
142	388
142	418
142	482
142	532
142	570
142	669
142	682
142	725
142	792
142	978
143	385
143	447
143	493
143	745
143	797
143	866
144	356
144	424
144	440
144	576
144	724
144	768
145	213
145	339
145	413
145	651
145	847
145	863
145	914
146	327
146	339
146	456
146	478
146	658
146	703
146	757
146	799
146	872
146	873
146	914
146	964
146	966
146	993
147	344
148	220
148	223
148	267
148	285
148	322
148	377
148	397
148	635
148	680
149	158
149	178
149	192
149	199
149	429
149	524
149	525
149	671
149	672
149	699
149	728
149	765
149	827
149	976
150	156
150	326
150	537
150	668
150	748
150	777
151	164
151	175
151	178
151	195
151	270
151	274
151	347
151	603
151	709
151	796
151	803
151	841
151	979
151	984
151	991
152	378
152	462
152	556
152	627
152	690
152	695
152	714
152	764
152	791
152	910
153	717
154	286
154	308
154	375
154	378
154	484
154	625
154	679
154	705
154	760
154	943
154	953
154	993
155	267
155	406
155	557
155	667
155	735
155	789
155	873
156	364
156	432
156	446
156	485
156	512
156	570
156	718
157	177
157	218
157	250
157	319
157	485
157	639
157	966
158	164
158	273
158	310
158	377
158	392
158	394
158	407
158	544
158	585
158	638
158	664
158	785
158	849
158	878
158	904
158	991
159	189
159	390
159	833
159	958
160	200
160	649
161	178
161	316
161	375
161	420
161	429
161	494
161	496
161	502
161	544
161	638
161	648
161	870
161	900
161	973
162	322
162	352
162	377
162	398
162	464
162	515
162	571
162	674
162	761
162	796
162	878
162	972
163	604
163	764
163	985
164	215
164	224
164	228
164	352
164	371
164	394
164	406
164	427
164	452
164	484
164	525
164	556
164	588
164	647
164	648
164	699
164	821
165	168
165	195
165	239
165	310
165	388
165	398
165	406
165	445
165	451
165	476
165	501
165	505
165	524
165	637
165	756
165	831
166	343
166	785
166	867
166	961
166	988
167	356
167	422
167	447
167	703
167	797
167	798
167	984
168	211
168	214
168	220
168	397
168	408
168	498
168	502
168	577
168	748
168	756
168	896
168	918
168	929
168	952
171	249
171	320
171	338
171	476
171	524
171	525
171	638
171	644
171	721
171	796
171	878
171	911
171	935
171	990
172	305
172	428
172	440
172	538
172	679
172	858
172	977
173	314
173	734
173	805
173	887
174	897
174	915
174	959
175	264
175	292
175	304
175	366
175	427
175	851
175	891
175	906
176	245
176	495
176	551
176	905
177	210
177	383
177	723
177	815
177	978
178	239
178	333
178	394
178	645
178	662
178	878
178	911
178	967
179	302
179	865
179	877
179	880
180	202
180	299
180	373
180	400
180	433
180	537
180	623
180	637
180	802
180	817
180	971
180	975
180	999
181	255
181	363
181	614
181	640
181	831
181	879
181	909
181	923
181	942
182	210
182	211
182	218
182	283
182	416
182	443
182	496
182	580
182	744
182	763
183	212
183	229
183	239
183	271
183	444
183	611
183	623
183	712
183	935
184	196
184	220
184	477
184	567
184	651
184	963
185	224
185	301
185	311
185	405
185	425
185	547
185	852
186	368
186	422
186	493
186	664
186	694
186	797
187	272
187	317
187	489
187	545
187	710
187	888
189	677
189	837
190	203
190	295
190	310
190	468
190	596
190	623
190	655
190	731
190	732
190	859
191	642
192	224
192	249
192	267
192	525
192	539
192	575
192	630
192	688
192	770
192	841
192	867
193	798
194	290
194	296
194	539
194	575
194	670
194	905
195	267
195	321
195	338
195	377
195	398
195	469
195	937
195	970
195	983
196	218
196	261
196	263
196	514
196	532
196	609
196	669
196	748
196	863
197	212
197	253
197	593
197	612
197	660
197	712
197	750
197	817
197	918
197	933
198	228
198	287
198	388
198	417
198	626
198	640
198	753
198	761
198	819
198	847
198	882
198	903
198	919
198	940
199	299
199	383
199	423
199	515
199	567
199	578
199	615
199	921
199	963
199	966
199	971
200	649
200	823
200	901
200	946
201	253
201	404
201	917
201	975
201	981
202	286
202	322
202	392
202	406
202	412
202	451
202	459
202	495
202	611
202	660
202	704
202	802
202	900
202	911
202	955
202	968
202	990
203	322
203	352
203	401
203	539
203	559
203	855
203	970
204	206
204	211
204	272
204	331
204	413
204	514
204	604
204	651
204	686
204	843
204	852
205	745
205	888
206	331
206	389
206	746
206	840
207	210
207	222
207	361
207	367
207	404
207	427
207	434
207	587
207	614
207	740
207	966
208	235
208	273
208	288
208	326
208	327
208	339
208	455
208	533
208	570
208	604
208	606
208	682
208	693
208	699
208	728
208	735
209	232
209	261
209	283
209	423
209	488
209	619
209	665
209	703
209	776
209	949
209	993
210	257
210	301
210	514
210	578
210	625
210	651
210	668
210	693
210	919
210	991
211	307
211	327
211	389
211	812
212	234
212	477
212	788
212	965
212	966
212	981
213	383
213	416
213	578
213	613
213	640
213	669
213	693
213	771
214	246
214	354
214	392
214	396
214	397
214	494
214	505
214	546
214	620
214	647
214	952
214	964
215	347
215	406
215	414
215	441
215	467
215	484
215	662
215	672
215	721
215	795
215	849
215	889
216	689
217	551
217	731
217	855
218	326
218	522
218	532
218	583
218	661
218	693
218	843
219	314
219	470
219	734
219	773
220	339
220	441
220	496
220	560
220	580
220	782
220	863
220	981
221	333
221	348
221	429
221	493
221	675
221	716
221	770
221	878
221	900
222	323
222	895
223	353
223	396
223	524
223	662
223	968
223	990
224	366
224	410
224	519
224	586
224	667
224	671
224	681
224	961
225	320
225	321
225	445
225	596
225	655
225	780
225	887
226	275
226	368
226	500
226	630
227	509
227	575
227	712
228	396
228	413
228	418
228	515
228	529
228	569
228	577
228	629
228	638
228	661
228	730
228	795
228	803
228	835
229	255
229	523
229	530
229	557
229	579
229	624
229	969
230	239
230	265
230	374
230	476
230	495
230	524
230	586
230	802
230	804
230	894
231	532
232	423
232	463
232	580
232	690
232	786
233	475
233	581
233	599
233	659
233	999
234	374
234	511
234	526
234	572
234	624
234	685
234	810
234	831
234	847
234	884
234	949
235	378
235	396
235	431
235	452
235	522
235	730
235	781
235	872
235	873
235	899
236	782
237	362
237	492
237	513
237	587
238	628
238	684
238	792
238	804
238	817
238	907
238	934
239	410
239	468
239	587
239	599
239	659
239	721
239	732
239	761
239	796
239	869
239	894
239	915
239	990
240	279
240	284
240	609
240	738
240	819
240	820
240	945
241	705
241	745
242	541
242	989
243	687
243	715
244	597
245	566
245	855
246	259
246	353
246	418
246	451
246	484
246	515
246	535
246	629
246	699
246	757
246	759
246	810
246	903
246	993
247	644
247	824
247	835
248	545
249	295
249	322
249	324
249	374
249	451
249	566
249	596
249	688
249	732
249	904
249	970
250	323
250	740
250	957
251	252
251	287
251	384
251	404
251	465
251	848
251	858
251	879
251	907
251	975
251	987
252	415
252	501
252	557
252	570
252	587
252	660
252	685
252	710
252	713
252	881
252	895
252	901
252	935
252	987
253	277
253	397
253	427
253	428
253	471
253	472
253	587
253	620
253	634
253	638
253	640
253	692
253	756
253	771
253	810
253	973
254	261
254	263
254	456
254	522
254	686
254	739
254	852
255	278
255	388
255	452
255	626
255	678
255	804
255	816
255	831
255	868
256	480
256	927
257	283
257	299
257	304
257	433
257	725
257	909
257	952
257	964
258	485
258	723
259	380
259	446
259	563
259	574
259	843
260	276
260	477
260	503
260	518
260	560
260	788
260	884
261	275
261	804
261	973
262	361
262	408
262	434
262	728
262	736
262	766
262	804
262	817
262	833
262	881
262	898
262	999
263	311
263	359
263	425
263	582
263	840
264	294
264	601
264	773
264	851
265	371
265	399
265	408
265	551
265	733
265	881
266	421
266	513
266	713
266	923
267	333
267	377
267	394
267	427
267	429
267	440
267	451
267	618
267	760
267	770
268	399
268	476
268	559
268	660
268	732
268	769
268	887
268	924
268	952
269	389
269	508
269	564
269	570
269	743
269	762
270	384
270	415
270	518
270	603
270	655
270	704
271	368
271	510
272	313
272	686
272	846
273	277
273	360
273	654
273	836
273	932
274	855
274	876
275	345
275	375
275	382
275	420
275	535
275	556
275	586
275	630
275	633
275	645
275	681
275	770
275	785
275	839
275	849
275	886
275	997
276	282
276	293
276	298
276	302
276	367
276	529
276	639
276	678
277	389
277	416
277	431
277	567
277	625
277	654
277	693
277	863
278	279
278	360
278	366
278	406
278	445
278	472
278	494
278	496
278	515
278	533
278	535
278	585
278	606
278	634
278	789
278	803
278	847
278	873
278	910
278	953
279	653
279	738
279	782
280	936
281	304
281	570
281	661
281	744
281	763
281	785
281	786
281	899
281	921
281	966
282	319
282	346
282	363
282	400
282	465
282	766
282	895
282	977
283	456
283	457
283	693
283	786
283	791
284	411
284	563
284	738
284	973
285	482
285	598
285	625
285	703
285	729
285	776
285	856
285	993
286	288
286	308
286	345
286	382
286	451
286	501
286	556
286	645
286	669
286	785
286	999
287	452
287	459
287	477
287	488
287	530
287	565
287	631
287	723
287	788
287	816
287	817
287	855
287	975
288	305
288	317
288	382
288	461
288	488
288	615
288	729
288	742
288	887
288	890
288	909
288	973
289	837
290	295
290	296
290	340
290	370
290	468
290	495
290	571
290	780
290	990
291	834
292	476
292	538
292	588
292	650
292	896
292	953
293	498
293	534
293	628
293	656
293	718
293	723
293	783
293	831
293	879
293	942
293	978
294	641
294	751
294	870
294	938
295	399
295	655
295	688
295	731
295	855
295	972
296	379
296	453
296	566
296	688
296	731
297	467
297	554
298	302
298	346
298	516
298	570
298	574
298	587
298	792
298	940
298	950
298	982
299	319
299	363
299	494
299	529
299	569
299	570
299	577
299	612
299	743
299	757
299	879
300	304
300	516
300	631
300	685
300	723
300	748
300	879
300	907
300	934
300	940
301	380
301	405
301	419
301	520
302	307
302	466
302	738
302	933
302	974
304	368
304	396
304	524
304	570
304	594
304	609
304	714
304	819
304	840
304	882
304	932
304	981
305	452
305	482
305	606
305	612
305	743
305	792
305	806
305	810
305	847
305	966
306	424
306	706
306	791
306	798
306	892
307	573
308	345
308	375
308	484
308	578
308	588
308	595
308	657
308	710
308	827
308	981
309	358
310	475
310	588
310	611
310	804
310	841
310	896
310	904
310	911
310	970
311	425
311	606
311	782
311	908
312	717
312	725
312	912
313	508
313	625
313	705
313	846
313	903
313	973
313	993
314	470
314	920
314	948
316	442
316	508
316	548
316	647
316	699
316	760
316	860
316	910
317	506
317	739
317	989
318	356
318	451
318	463
318	626
318	680
318	710
318	722
318	765
318	770
318	787
318	893
318	910
318	917
319	376
319	446
319	692
319	718
319	854
319	918
320	328
320	559
320	596
320	650
320	670
320	727
320	732
320	875
321	377
321	401
321	476
321	596
321	655
321	796
321	827
321	828
321	867
321	881
321	911
321	937
322	336
322	450
322	539
322	688
322	859
322	979
323	485
324	333
324	366
324	414
324	429
324	440
324	476
324	671
324	709
324	724
324	735
324	765
324	827
324	868
324	906
324	961
324	976
324	990
325	378
325	500
325	786
325	846
325	893
325	914
326	369
326	560
326	563
326	632
326	748
326	763
326	848
326	909
326	960
326	977
327	349
327	413
327	580
327	597
327	606
327	625
327	725
327	832
327	873
328	408
328	452
328	546
328	566
328	586
328	635
328	962
328	968
329	363
329	396
329	472
329	494
329	583
329	651
329	659
329	735
329	885
329	901
329	918
329	942
329	968
329	975
330	731
330	845
330	859
330	887
331	527
331	852
333	336
333	343
333	394
333	429
333	511
333	515
333	524
333	525
333	681
333	707
333	742
333	785
333	878
333	911
336	402
336	511
336	601
336	841
336	867
336	886
336	906
336	984
337	379
338	374
338	391
338	410
338	468
338	647
338	659
338	692
338	795
338	900
338	904
338	999
339	522
339	852
339	928
339	940
340	807
341	539
341	988
342	691
342	805
342	891
343	356
343	368
343	526
343	827
343	893
343	976
344	724
344	861
344	984
345	440
345	455
345	495
345	645
345	702
345	753
345	760
345	762
345	821
345	849
345	899
345	944
345	973
346	434
346	503
346	529
346	560
346	614
346	682
346	712
346	748
346	816
346	907
346	919
347	398
347	700
347	761
347	784
347	827
347	891
347	911
348	545
348	580
348	609
348	764
348	819
348	953
349	372
349	417
349	535
349	594
349	615
349	619
349	625
349	705
349	730
349	872
349	899
349	914
349	981
350	355
350	512
352	353
352	450
352	846
352	859
352	943
353	429
353	655
353	699
353	789
353	821
353	849
353	868
354	484
354	498
354	546
354	568
354	577
354	606
354	620
354	629
354	651
354	756
354	872
354	886
354	981
355	492
355	513
356	510
356	671
356	707
357	402
357	864
358	996
359	462
359	564
359	739
360	441
360	477
360	533
360	620
360	762
360	909
361	381
361	404
361	577
361	702
361	723
361	806
361	932
361	940
361	949
362	388
362	610
362	628
362	683
362	692
362	783
362	942
363	367
363	408
363	573
363	612
363	614
363	718
363	743
363	750
363	762
363	971
364	380
364	549
364	565
364	668
364	825
366	377
366	454
366	544
366	694
366	760
366	902
366	914
367	488
367	662
367	723
367	921
367	929
367	952
368	548
368	671
368	870
369	485
369	516
369	614
369	826
369	833
369	960
370	906
370	979
371	796
372	375
372	522
372	676
372	835
373	408
373	452
373	603
373	624
373	637
373	718
373	729
373	736
373	804
373	811
373	815
373	857
373	915
373	918
374	397
374	400
374	415
374	426
374	469
374	471
374	476
374	494
374	501
374	572
374	635
374	660
374	756
374	855
374	886
374	893
374	899
374	968
374	970
374	999
375	392
375	440
375	454
375	462
375	601
375	638
375	664
375	714
375	757
375	830
375	899
375	943
376	628
376	653
376	901
377	428
377	544
377	556
377	796
377	916
378	440
378	542
378	578
378	676
378	722
378	785
379	926
380	574
380	792
380	809
381	461
381	496
381	548
381	570
381	609
381	612
381	614
381	795
381	932
382	472
382	585
382	671
382	742
382	830
382	889
382	908
382	914
382	955
383	570
383	698
383	738
384	540
384	857
385	422
385	510
385	515
385	618
385	648
385	707
385	787
385	902
385	943
385	991
386	486
386	939
386	959
387	434
387	589
388	472
388	502
388	515
388	586
388	619
388	665
388	728
388	884
388	886
388	896
388	900
388	953
389	404
389	570
389	703
389	728
389	919
390	610
390	624
390	783
390	857
390	933
391	468
391	664
391	681
391	724
391	728
392	404
392	427
392	471
392	525
392	572
392	635
392	757
392	964
392	975
393	892
394	484
394	493
394	544
394	618
394	622
394	681
394	700
394	795
394	894
394	961
394	967
396	511
396	585
396	676
396	699
396	766
396	782
396	884
396	890
396	921
397	406
397	452
397	468
397	469
397	546
397	565
397	572
397	728
397	780
397	900
397	964
397	999
398	427
398	675
398	972
399	401
399	453
399	464
399	551
399	732
399	924
400	718
400	817
400	880
400	918
400	942
401	475
401	674
401	688
401	721
401	772
401	796
401	962
402	672
403	413
403	478
403	533
403	625
403	661
403	932
404	432
404	441
404	459
404	613
404	640
404	669
404	806
404	847
404	884
404	940
405	520
405	564
405	582
405	743
406	660
406	679
406	685
406	759
406	770
406	970
407	467
407	648
407	673
408	451
408	469
408	495
408	546
408	644
408	672
408	735
408	869
408	883
408	894
408	952
410	430
410	546
410	581
410	593
410	660
410	704
410	750
410	857
411	485
411	516
411	532
411	676
411	743
411	919
412	453
412	562
412	801
412	876
412	913
412	946
413	454
413	609
413	625
413	676
413	870
414	526
414	615
414	757
414	760
414	787
415	511
415	599
415	637
415	644
415	663
415	670
415	759
415	831
415	875
415	881
415	970
415	987
415	990
416	479
416	598
416	606
416	725
416	880
416	982
417	461
417	478
417	577
417	578
417	630
417	839
418	428
418	431
418	619
419	479
419	725
419	819
420	443
420	454
420	564
420	569
420	776
420	846
420	889
420	953
420	985
420	997
421	684
422	447
422	657
422	664
422	707
422	722
423	443
423	544
423	680
423	728
423	742
423	752
423	787
423	860
424	554
424	555
424	779
424	986
425	514
425	547
425	738
425	980
426	716
426	761
426	796
427	430
427	475
427	515
427	603
427	611
427	660
427	672
427	721
427	785
427	841
427	845
427	904
428	451
428	619
428	662
428	721
428	757
428	821
428	868
428	916
428	968
429	784
429	827
429	878
429	911
430	433
430	452
430	488
430	533
430	599
430	635
430	637
430	650
430	659
430	663
430	683
430	692
430	699
430	735
430	753
430	803
430	816
430	915
430	968
431	478
431	743
431	832
431	873
431	973
432	748
432	792
432	858
433	505
433	518
433	692
433	733
433	844
433	929
433	933
433	942
434	523
434	565
434	612
434	631
434	678
434	683
434	756
434	766
434	942
436	761
436	800
438	467
439	553
439	946
440	454
440	585
440	680
440	776
440	997
441	498
441	560
441	609
441	631
441	738
441	836
441	868
441	909
442	489
442	500
442	995
443	496
443	548
443	630
443	657
443	714
443	795
443	870
443	910
443	943
444	448
444	459
444	505
444	565
444	692
444	753
444	815
444	858
445	452
445	497
445	501
445	568
445	656
445	729
445	753
445	900
445	967
445	970
446	507
446	820
446	982
447	473
447	708
447	722
447	774
447	856
448	557
448	603
448	959
450	761
451	484
451	515
451	546
451	572
451	611
451	633
451	716
451	785
451	957
452	472
452	494
452	578
452	624
452	647
452	682
452	730
452	815
452	955
453	732
453	749
453	887
454	542
454	556
454	679
454	699
454	824
454	992
455	545
455	690
455	764
455	863
455	976
455	985
456	597
456	609
456	665
456	703
456	714
456	791
456	852
456	908
456	989
457	506
457	567
457	888
458	503
458	579
458	713
458	950
459	468
459	469
459	524
459	539
459	546
459	599
459	631
459	685
459	753
459	783
459	802
459	885
459	935
459	937
460	649
460	734
460	769
460	994
461	463
461	609
461	619
461	658
461	669
461	743
461	744
461	854
461	981
461	993
462	625
462	710
462	752
462	856
463	634
463	700
463	742
463	752
463	771
463	787
464	539
464	571
464	575
464	611
464	845
465	523
465	531
465	579
465	603
465	631
465	817
465	837
465	907
466	520
466	639
466	766
467	576
467	607
467	938
467	986
468	495
468	509
468	559
468	802
468	844
469	586
469	716
469	844
469	858
469	890
470	885
470	948
471	524
471	548
471	663
471	770
471	803
471	967
472	511
472	620
472	629
472	699
472	735
472	844
472	940
472	964
474	592
474	593
474	699
474	788
474	844
474	935
474	987
475	611
475	796
475	827
475	841
475	911
476	538
476	611
476	629
476	647
476	659
476	660
476	688
476	716
476	721
476	990
477	585
477	586
477	612
477	620
477	624
477	685
477	821
478	564
478	594
478	598
478	615
478	669
478	693
478	703
478	854
478	907
478	973
479	507
479	880
480	737
481	737
481	813
481	976
482	488
482	574
482	620
483	545
484	494
484	524
484	544
484	568
484	586
484	588
484	606
484	675
484	759
484	760
484	785
484	805
484	815
484	830
484	943
485	684
485	777
485	978
487	497
487	608
487	649
487	683
487	736
487	857
488	620
488	669
488	714
488	743
488	792
488	839
488	847
488	964
489	676
489	910
491	823
491	897
491	969
492	816
492	825
493	670
493	773
494	501
494	574
494	620
494	631
494	900
495	546
495	881
495	896
496	630
496	714
496	744
496	756
496	760
496	799
496	860
496	893
496	903
496	921
497	591
497	608
497	666
497	881
497	907
497	950
498	568
498	577
498	613
498	615
498	631
498	640
498	821
498	847
498	966
498	970
499	526
499	648
499	720
499	882
500	654
500	719
500	902
500	917
500	995
501	523
501	538
501	588
501	710
501	803
501	815
502	515
502	615
502	730
502	810
502	872
502	893
502	932
502	944
502	962
502	978
502	981
503	883
503	895
503	901
505	614
505	620
505	629
505	894
507	529
507	639
507	843
507	880
507	960
507	974
508	604
508	620
508	703
508	709
508	714
508	873
508	928
508	932
509	538
509	688
509	731
509	845
509	904
509	905
510	542
510	675
510	765
510	779
510	797
510	841
510	961
510	967
511	525
511	650
511	662
511	770
511	821
511	824
511	933
512	668
512	809
512	880
512	912
514	693
515	524
515	757
515	849
515	891
515	964
515	973
515	991
516	723
516	743
516	826
516	919
516	957
516	975
517	734
517	874
517	887
517	905
517	913
517	915
517	933
518	593
518	603
518	649
518	663
518	713
518	727
518	733
518	869
519	675
519	680
519	705
519	707
519	870
520	865
521	931
522	527
522	595
522	598
523	592
523	624
523	660
523	685
523	766
523	844
524	586
524	662
524	663
524	667
524	805
524	815
524	830
524	866
525	538
525	539
525	618
525	645
525	841
525	858
526	555
526	671
526	675
526	770
526	797
526	861
528	837
529	533
529	614
529	748
529	757
529	909
530	704
530	716
530	783
530	897
530	946
530	958
531	783
531	833
531	837
531	897
532	563
532	743
532	763
532	777
532	782
532	949
533	577
533	578
533	679
533	879
533	890
533	932
533	981
534	596
534	767
534	788
535	598
535	629
535	634
535	832
535	890
535	949
535	953
535	973
536	581
536	623
536	727
536	802
536	959
537	668
537	880
537	957
538	539
538	588
538	599
538	611
538	667
538	672
538	679
538	716
538	797
538	841
539	568
539	603
539	670
539	688
539	716
539	732
539	796
539	859
539	911
539	986
540	608
540	628
540	793
540	907
541	925
542	679
542	705
542	728
542	776
542	779
542	786
542	787
542	866
542	927
543	834
544	645
544	660
544	681
544	866
544	893
545	706
545	846
546	592
546	603
546	655
546	663
546	804
546	904
546	981
548	675
548	681
548	728
548	730
548	847
548	943
548	991
549	811
549	829
550	842
551	805
555	601
555	800
555	867
556	629
556	630
556	634
556	681
556	784
556	795
556	810
556	830
556	890
556	903
556	943
556	955
556	991
557	637
557	649
557	650
557	817
557	942
557	971
558	838
560	612
560	613
560	836
560	879
560	921
561	687
561	818
561	841
561	988
562	566
562	726
562	920
563	632
563	922
563	982
564	609
564	764
564	771
564	863
564	982
565	767
565	782
565	783
565	857
566	796
566	841
567	574
567	630
567	743
567	812
567	819
568	585
568	638
568	730
568	756
568	999
569	606
569	657
569	719
569	787
569	791
569	849
569	899
569	917
570	587
570	651
570	766
570	782
570	884
570	921
571	649
571	780
571	905
571	926
572	629
572	634
572	645
572	759
572	847
573	840
574	792
574	919
574	982
575	599
576	768
576	797
577	620
577	629
577	638
577	654
577	738
577	884
577	921
577	963
577	973
578	638
578	672
578	705
578	836
578	863
578	889
579	623
579	733
579	816
579	857
579	898
579	919
580	597
580	627
580	686
580	899
580	985
581	663
581	704
581	769
581	881
581	896
581	959
582	980
583	654
583	743
583	815
583	820
583	981
585	620
585	654
585	662
585	781
585	795
585	803
585	899
585	903
585	973
585	993
586	599
586	712
586	821
586	970
587	626
587	729
587	789
587	804
587	806
587	815
587	831
587	900
587	907
587	953
587	975
588	635
588	932
588	990
589	837
591	678
591	794
591	823
591	897
592	629
592	644
592	804
592	816
592	933
592	935
592	965
593	596
593	815
593	816
593	855
593	935
594	619
594	634
594	693
594	702
594	890
594	952
595	658
596	655
596	753
596	769
597	601
597	616
597	752
597	856
598	625
598	899
599	753
599	935
601	751
601	976
602	708
603	733
603	952
603	990
604	752
604	908
604	927
604	928
604	989
605	732
606	752
606	903
607	773
609	651
609	693
609	729
609	764
610	683
610	950
611	633
611	634
611	659
611	841
611	855
611	962
611	968
612	678
612	699
612	806
612	879
613	634
613	639
613	695
613	830
613	854
613	909
613	966
613	982
614	620
614	654
614	723
614	817
614	858
614	869
614	934
614	952
615	630
615	690
615	872
615	886
615	890
615	921
615	952
616	686
616	814
616	852
618	906
618	979
619	630
619	744
619	889
619	903
619	949
619	993
620	757
620	803
620	854
620	884
620	886
620	966
622	724
622	761
623	702
623	869
623	875
623	897
623	983
624	712
624	788
624	901
624	999
625	703
625	730
625	795
625	854
625	927
625	992
626	638
626	640
626	669
626	702
626	847
626	937
626	940
627	925
627	927
628	713
628	811
628	923
628	950
628	977
629	638
629	761
629	810
629	827
629	990
630	634
630	665
630	860
630	893
630	899
630	910
630	914
631	713
631	750
631	788
631	942
631	975
632	668
632	792
632	877
632	945
633	654
633	663
633	756
633	805
633	810
633	904
633	999
634	638
634	710
634	728
634	756
634	795
634	854
634	860
634	886
634	916
634	981
635	736
635	753
635	756
635	844
635	894
635	899
635	949
635	968
635	990
636	910
637	760
637	780
637	858
637	881
637	894
637	937
638	644
638	650
638	803
638	949
638	962
639	718
639	748
639	950
640	735
640	789
640	977
641	828
643	746
644	650
644	702
644	735
644	942
644	955
644	971
645	760
645	770
645	805
645	849
645	860
647	667
647	688
647	704
647	733
647	785
647	795
647	943
647	955
648	742
648	760
648	893
648	902
649	678
649	783
649	915
649	983
650	759
650	904
650	935
651	782
651	963
653	836
654	693
654	718
654	723
654	744
654	940
654	963
654	973
655	704
655	753
655	884
656	712
656	783
656	815
657	695
657	714
657	932
657	973
657	997
658	711
658	752
658	852
658	860
658	927
659	700
659	753
659	849
660	894
660	929
660	962
661	669
661	682
661	788
661	923
661	953
662	761
662	785
662	896
662	905
662	964
662	970
662	991
663	855
663	905
663	906
664	779
664	798
665	695
665	903
667	672
667	700
667	805
667	879
668	713
668	748
668	820
668	843
669	682
669	907
669	981
669	987
670	784
671	797
671	902
672	804
672	886
673	772
674	801
674	859
674	878
675	760
675	776
675	779
675	849
675	961
675	976
676	695
676	703
676	928
677	783
677	996
678	736
678	897
678	935
678	951
679	690
679	707
679	723
680	779
680	891
681	803
681	830
682	847
682	978
683	783
684	767
684	843
684	923
684	951
685	692
685	942
686	771
686	835
686	928
687	755
688	704
688	735
688	878
688	970
690	705
690	752
690	787
690	914
692	702
692	750
692	816
692	858
692	933
692	964
692	965
692	971
693	744
693	771
693	882
693	932
693	993
694	707
694	709
694	790
694	850
694	861
694	944
695	764
699	723
699	904
699	981
700	721
700	784
700	830
700	878
700	916
700	967
701	741
702	785
702	830
702	886
702	909
702	921
702	999
703	748
703	771
703	832
703	872
703	953
704	731
704	806
704	874
704	905
705	708
705	776
705	779
705	824
705	846
706	778
706	834
707	778
707	790
707	972
708	720
710	791
710	928
712	736
712	817
712	862
713	825
713	939
713	950
714	787
714	832
714	839
714	903
714	914
714	993
715	936
716	796
716	968
718	909
718	960
719	888
721	761
722	935
722	992
723	966
724	742
724	867
724	902
724	916
724	943
724	961
726	920
727	802
727	855
727	875
727	885
727	968
728	787
728	803
728	866
728	943
729	748
729	753
729	767
729	907
729	971
729	999
730	770
730	836
730	839
730	896
730	899
730	921
730	973
731	732
731	733
731	780
731	805
732	733
732	859
732	878
732	887
733	867
733	959
734	828
734	913
735	933
735	934
735	952
735	953
735	966
736	806
736	942
738	743
739	838
740	951
742	787
742	873
742	886
742	973
743	848
743	934
743	982
744	872
744	955
747	782
748	762
748	879
748	907
748	919
748	957
750	766
750	788
750	901
750	942
750	987
751	986
752	786
752	791
752	824
752	856
752	989
753	816
753	959
754	876
756	971
757	866
757	940
757	971
757	997
759	816
759	942
759	968
760	765
760	795
760	832
760	862
761	805
761	830
761	867
761	906
761	967
761	970
762	788
762	848
762	929
763	819
763	820
764	925
765	774
765	893
765	906
765	967
765	997
766	848
766	933
766	957
767	879
767	907
767	950
767	958
767	975
768	779
768	849
768	866
769	869
770	785
770	827
770	841
770	849
770	906
772	796
773	984
773	986
774	787
774	790
776	830
776	889
776	910
777	809
778	798
779	878
780	796
780	887
780	968
780	972
782	819
782	880
783	833
783	977
784	867
784	990
785	911
785	914
785	949
785	968
785	991
786	992
787	803
787	873
787	910
788	858
788	918
789	886
789	962
791	832
791	873
791	889
792	909
792	960
793	823
793	837
795	882
795	940
795	982
796	867
797	810
797	997
799	899
799	995
800	834
800	904
800	986
802	869
802	897
802	901
802	937
803	856
803	884
803	943
804	831
804	848
804	898
804	918
804	958
804	987
805	841
805	886
805	906
805	943
805	981
806	907
806	999
807	913
809	951
809	957
810	836
812	863
813	850
814	838
814	852
815	872
815	958
816	858
816	867
816	887
816	894
816	910
816	942
816	975
816	987
817	833
818	845
818	859
820	960
821	906
821	949
821	964
822	876
822	906
822	936
823	883
826	843
827	849
830	886
830	953
830	991
831	894
831	935
833	857
833	883
834	850
836	863
836	900
836	942
836	952
836	978
837	897
837	950
838	852
838	932
839	847
839	932
839	953
840	908
841	878
841	904
841	990
842	965
843	889
843	929
843	982
844	896
844	983
847	854
847	884
847	921
847	935
848	934
848	971
849	893
849	949
852	908
852	985
853	865
853	912
853	945
854	872
854	879
854	884
854	921
854	925
854	932
854	966
857	950
858	971
858	999
859	887
859	972
860	872
860	889
860	967
862	970
866	891
866	910
866	943
867	900
867	911
868	918
868	987
868	999
869	885
869	935
870	917
870	995
872	884
872	893
872	940
872	981
873	899
874	988
875	896
875	968
876	979
878	937
879	934
882	932
882	993
883	897
884	890
885	958
885	969
887	918
890	903
890	973
891	916
892	938
893	953
893	970
894	959
895	950
895	965
895	969
896	987
898	935
898	958
899	900
900	902
903	914
905	924
906	979
908	928
909	929
909	975
909	978
910	953
910	973
911	968
911	972
911	990
913	954
914	953
914	989
915	923
915	969
915	983
917	995
918	940
919	955
919	982
924	939
924	969
929	934
932	953
933	968
934	978
934	987
940	962
940	963
940	966
942	964
942	968
943	962
946	958
946	983
949	953
950	965
950	977
952	971
957	974
957	978
957	982
958	968
962	990
966	971
967	976
971	975
972	990
973	993
975	987
