0	27
0	78
0	86
0	117
0	135
0	233
0	337
0	411
0	454
0	551
0	552
0	564
0	668
0	678
0	769
0	805
0	875
1	24
1	82
1	259
1	287
1	589
1	681
1	713
1	783
1	923
1	991
2	86
2	101
2	163
2	174
2	184
2	199
2	231
2	271
2	306
2	321
2	331
2	334
2	377
2	435
2	461
2	620
2	638
2	657
2	750
2	777
2	938
3	46
3	69
3	109
3	244
3	322
3	343
3	354
3	417
3	703
3	719
3	750
3	771
3	993
4	273
4	364
4	379
4	403
4	432
4	583
4	596
4	671
4	918
4	949
4	957
5	205
5	329
5	480
5	711
5	808
5	832
5	932
5	971
6	101
6	200
6	208
6	321
6	363
6	367
6	435
6	463
6	631
6	646
6	665
6	820
6	862
6	910
6	993
7	120
7	219
7	593
7	631
7	660
7	880
8	119
8	141
8	190
8	235
8	260
8	316
8	343
8	403
8	419
8	615
8	778
8	925
8	928
8	967
9	210
9	302
9	421
9	427
9	436
9	515
9	552
9	587
9	611
9	620
9	699
9	708
9	759
9	844
9	987
10	51
10	126
10	343
10	446
10	549
10	579
10	703
10	849
11	482
11	513
11	550
11	893
12	88
12	98
12	159
12	234
12	243
12	268
12	313
12	427
12	473
12	496
12	587
12	620
12	667
12	684
12	689
12	720
12	960
12	986
12	997
13	187
13	349
13	519
13	580
13	755
13	765
13	822
13	973
14	49
14	251
14	524
14	590
14	721
14	905
15	167
15	296
15	340
15	811
15	902
16	130
16	251
16	475
16	534
16	640
16	707
16	996
17	162
17	181
17	349
17	521
17	765
17	811
18	21
18	88
18	171
18	172
18	191
18	240
18	289
18	356
18	385
18	463
18	535
18	537
18	734
18	786
18	826
18	947
18	978
19	160
19	320
19	633
19	647
19	786
19	926
20	168
20	201
20	403
20	409
20	497
20	502
20	564
20	661
20	679
20	799
21	26
21	86
21	151
21	163
21	172
21	208
21	215
21	306
21	438
21	449
21	606
21	610
21	646
21	673
21	721
21	865
21	905
21	914
21	978
23	77
23	99
23	194
23	262
23	301
23	414
23	422
23	658
23	769
23	777
23	822
24	53
24	111
24	360
24	493
24	573
24	625
24	966
25	188
25	207
25	253
25	273
25	336
25	555
25	602
25	628
25	657
25	706
25	834
25	908
25	942
25	953
26	65
26	139
26	152
26	174
26	323
26	341
26	377
26	465
26	601
26	616
26	683
26	720
26	736
26	743
26	754
27	78
27	159
27	231
27	238
27	273
27	289
27	306
27	331
27	332
27	357
27	411
27	421
27	591
27	619
27	622
27	646
27	706
27	789
27	855
27	910
28	195
28	292
28	349
28	414
28	521
28	582
28	615
28	657
28	754
28	776
28	791
28	854
28	872
29	222
29	352
29	362
29	366
29	803
30	349
30	906
31	318
31	775
31	812
32	46
32	87
32	342
32	743
32	793
32	799
32	862
33	254
33	652
33	774
33	822
34	71
34	138
34	247
34	470
34	484
34	599
34	967
35	642
35	699
35	923
36	269
36	329
36	501
36	664
36	742
37	138
37	349
37	711
37	772
37	932
38	104
38	326
38	337
38	574
38	634
38	713
38	723
38	757
38	865
38	875
38	917
38	924
38	938
39	247
39	532
39	570
39	801
41	157
41	168
41	322
41	393
41	531
41	676
41	771
41	904
42	126
42	196
42	517
43	94
43	242
43	386
43	396
43	515
43	776
43	788
43	852
44	86
44	499
44	564
44	606
44	696
44	722
44	830
44	876
44	887
44	896
45	108
45	349
45	501
45	742
45	776
45	877
45	909
46	158
46	417
46	419
46	556
46	572
46	598
46	743
46	804
46	907
46	942
46	967
46	983
47	148
47	154
47	162
47	170
47	304
47	457
47	563
47	718
47	788
48	318
48	822
48	832
48	973
49	68
49	326
49	348
49	523
49	713
49	763
49	963
50	517
50	655
50	810
50	939
51	299
51	310
51	487
51	579
51	989
52	264
52	406
52	600
53	258
53	830
53	994
54	129
54	195
54	196
54	199
54	438
54	686
54	688
54	710
54	793
54	813
54	864
54	892
54	894
54	904
54	929
54	962
55	296
55	480
56	503
56	940
57	65
57	80
57	85
57	101
57	117
57	189
57	208
57	276
57	371
57	411
57	432
57	462
57	611
57	646
57	735
57	824
57	881
57	915
57	952
57	961
58	209
59	127
59	248
59	426
59	496
59	630
59	898
60	169
60	261
61	220
61	230
61	296
61	323
61	641
61	843
62	184
62	250
62	312
62	388
62	421
62	513
62	516
62	541
62	558
62	659
62	678
62	713
62	858
62	885
62	896
62	941
63	188
63	189
63	200
63	324
63	357
63	521
63	568
63	588
63	644
63	651
63	710
63	731
63	865
63	880
63	892
63	948
64	135
64	210
64	271
64	357
64	438
64	544
64	555
64	671
64	757
64	820
64	864
65	85
65	241
65	250
65	268
65	289
65	371
65	421
65	510
65	523
65	549
65	658
65	754
65	844
65	858
65	896
65	922
65	935
65	987
66	97
66	214
67	509
67	968
68	275
68	285
68	424
68	550
68	559
68	666
68	821
69	128
69	254
69	751
69	921
69	930
69	934
69	995
70	99
70	113
70	131
70	194
70	292
70	414
70	521
70	572
70	585
70	856
70	886
70	974
70	989
71	194
71	381
71	570
71	693
71	808
72	252
72	275
72	326
72	389
72	513
72	681
72	923
73	319
73	356
73	569
73	749
73	800
74	157
74	167
74	169
74	201
74	393
74	794
74	822
74	982
74	995
75	216
75	238
75	246
75	265
75	282
75	524
75	555
75	668
75	707
75	723
75	917
75	931
75	950
75	972
76	264
76	286
76	481
76	504
76	600
76	926
77	153
77	228
77	364
77	422
77	487
77	488
77	516
77	579
77	596
77	616
77	658
77	743
77	813
77	886
77	904
77	907
77	951
77	967
78	246
78	289
78	306
78	323
78	357
78	432
78	457
78	551
78	721
78	734
78	741
78	789
78	862
78	976
79	300
79	325
79	453
79	584
79	637
79	959
80	88
80	117
80	132
80	135
80	323
80	448
80	571
80	610
80	837
80	947
81	162
81	242
81	396
81	460
81	597
81	845
82	225
82	285
82	286
82	346
82	399
82	569
82	591
82	619
82	753
82	781
82	795
82	891
83	532
84	368
84	437
84	491
84	582
84	630
84	982
85	225
85	250
85	271
85	341
85	382
85	410
85	441
85	447
85	454
85	456
85	457
85	464
85	611
85	863
85	960
85	984
86	116
86	125
86	129
86	131
86	147
86	159
86	184
86	216
86	238
86	291
86	546
86	558
86	621
86	678
86	805
86	824
86	885
86	953
87	101
87	103
87	131
87	253
87	321
87	322
87	332
87	391
87	502
87	601
87	927
87	934
88	211
88	253
88	279
88	298
88	331
88	368
88	395
88	461
88	462
88	463
88	514
88	724
88	824
88	826
88	844
88	894
88	910
88	938
88	946
89	246
89	283
89	518
89	639
89	662
90	270
90	394
90	609
90	722
90	829
91	406
92	96
92	195
92	291
92	322
92	336
92	362
92	383
92	438
92	461
92	463
92	648
92	651
92	723
92	846
92	858
92	864
92	874
93	883
94	170
94	426
94	434
94	471
94	498
94	601
94	852
95	120
95	146
95	439
95	662
95	675
95	715
95	740
96	238
96	404
96	435
96	449
96	500
96	522
96	732
96	891
96	946
97	431
98	170
98	298
98	476
98	496
98	658
98	718
98	793
98	910
99	143
99	187
99	299
99	525
99	655
99	673
99	755
99	785
99	899
100	969
101	113
101	200
101	215
101	379
101	585
101	658
101	738
101	750
101	915
101	962
102	170
102	206
102	582
102	627
102	720
102	735
102	843
102	906
103	141
103	207
103	294
103	445
103	516
103	522
103	538
103	539
103	595
103	609
103	638
103	646
103	657
103	661
103	789
103	814
103	865
103	938
103	993
103	999
105	790
105	801
105	812
105	998
106	128
106	168
106	676
106	810
106	968
107	131
107	159
107	200
107	385
107	544
107	634
107	668
107	708
107	709
107	723
107	741
107	865
107	876
107	941
107	999
108	304
108	372
108	426
108	496
108	539
108	959
109	247
109	579
110	118
110	223
110	615
110	877
111	493
111	559
111	712
111	950
112	501
112	512
113	321
113	365
113	483
113	668
113	743
113	848
113	856
113	862
113	959
113	977
114	148
114	242
114	243
114	300
114	384
114	426
114	469
114	627
114	831
114	870
114	906
115	152
115	185
115	213
115	599
115	736
115	889
116	149
116	190
116	215
116	260
116	336
116	342
116	438
116	448
116	516
116	538
116	602
116	609
116	706
116	778
116	820
116	829
116	927
117	129
117	131
117	231
117	377
117	435
117	457
117	464
117	487
117	620
117	735
117	881
117	891
117	946
118	171
118	320
118	436
118	633
118	650
118	975
119	130
119	184
119	216
119	544
119	553
119	696
119	712
120	146
120	219
120	306
120	335
120	651
120	740
120	794
120	850
120	953
121	746
122	486
122	518
122	606
122	696
122	728
122	740
122	818
122	887
122	953
123	133
123	163
123	372
123	584
123	630
124	246
124	271
124	403
124	526
124	538
124	544
124	609
124	654
124	748
124	774
124	821
124	918
124	938
125	135
125	428
125	449
125	462
125	476
125	646
125	706
125	941
125	953
126	262
126	485
126	595
126	675
126	769
126	799
126	856
126	995
127	154
127	650
127	825
128	146
128	157
128	806
128	957
128	968
129	194
129	238
129	250
129	276
129	335
129	449
129	463
129	610
129	881
129	898
129	917
129	963
130	617
130	749
130	900
130	924
131	193
131	310
131	342
131	367
131	414
131	417
131	454
131	487
131	488
131	494
131	697
131	738
131	841
131	949
132	151
132	208
132	216
132	302
132	384
132	428
132	456
132	479
132	522
132	546
132	620
132	668
132	736
132	826
132	858
132	864
132	896
133	248
133	268
133	453
133	458
134	168
134	294
134	595
134	680
134	756
134	880
134	913
134	925
135	151
135	154
135	195
135	208
135	284
135	324
135	371
135	385
135	620
135	659
135	668
135	738
135	858
135	885
135	887
135	891
135	938
135	946
136	368
136	912
137	318
137	322
137	407
137	579
137	652
137	813
137	842
138	318
138	340
138	414
138	485
138	556
138	930
138	962
139	243
139	395
139	427
139	594
139	668
139	686
139	754
139	833
139	891
139	922
139	935
140	443
141	149
141	295
141	306
141	364
141	427
141	610
141	638
141	657
141	697
141	709
141	953
142	194
142	244
142	303
142	889
142	937
142	943
142	968
143	408
143	489
143	811
143	854
143	932
144	212
144	354
144	418
144	470
144	533
144	651
144	652
144	772
144	867
144	921
144	934
145	160
145	511
145	735
145	831
146	173
146	216
146	518
146	593
146	602
146	740
146	771
146	792
147	158
147	184
147	238
147	270
147	291
147	448
147	490
147	541
147	732
147	749
147	752
147	881
147	896
147	929
147	941
148	203
148	206
148	248
148	423
148	440
148	451
148	735
149	253
149	260
149	339
149	527
149	583
149	585
149	719
149	785
149	792
149	856
150	480
150	883
151	193
151	239
151	255
151	395
151	427
151	441
151	643
151	709
151	778
151	789
151	793
151	905
151	947
151	963
152	224
152	432
152	491
152	516
152	735
152	779
153	165
153	364
153	383
153	414
153	488
153	521
153	539
153	599
153	607
153	737
153	756
153	822
153	838
153	870
153	909
153	910
154	234
154	320
154	492
154	988
155	398
155	674
155	835
156	187
156	301
156	305
156	310
156	822
156	971
157	247
157	381
157	470
157	676
157	755
158	367
158	422
158	585
158	683
158	686
158	703
158	719
158	778
158	905
159	610
159	709
159	858
159	861
159	865
159	976
160	633
160	649
160	975
162	206
162	243
162	304
162	409
162	451
162	491
162	575
162	592
162	699
162	700
162	736
162	756
162	833
162	959
163	191
163	211
163	243
163	371
163	427
163	441
163	463
163	471
163	587
163	594
163	610
163	620
163	634
163	750
163	844
163	846
163	861
163	960
164	389
165	425
165	525
165	761
165	776
165	791
165	863
166	243
166	284
166	379
166	454
166	457
166	539
166	833
166	882
166	889
166	938
167	168
167	187
167	321
167	676
167	688
167	867
168	418
168	598
168	715
168	968
169	278
169	598
169	698
169	897
170	206
170	213
170	227
170	465
170	691
170	742
170	852
170	872
171	172
171	271
171	347
171	365
171	366
171	416
171	463
171	522
171	626
171	781
171	891
171	895
172	239
172	279
172	416
172	458
172	514
172	523
172	591
172	612
172	621
172	684
172	729
172	731
172	800
172	891
172	978
172	979
172	984
173	219
173	342
173	499
173	557
173	748
173	827
173	955
174	260
174	274
174	289
174	321
174	336
174	364
174	391
174	413
174	483
174	502
174	583
174	585
174	617
174	663
174	686
174	794
174	916
175	641
175	698
175	877
176	511
176	627
176	831
178	580
178	760
178	808
178	811
179	292
179	353
179	434
179	615
179	616
181	193
181	197
181	322
181	454
181	483
181	488
181	502
181	686
181	864
181	957
182	214
182	300
182	451
182	626
182	717
183	227
183	300
184	271
184	332
184	404
184	535
184	537
184	591
184	603
184	634
184	638
184	709
184	723
184	805
184	960
184	986
185	194
185	300
185	334
185	471
185	735
186	283
186	336
186	555
186	696
186	728
186	950
187	329
187	832
188	351
188	538
188	549
188	568
188	588
188	622
188	638
188	662
188	856
188	863
188	942
189	208
189	276
189	291
189	306
189	357
189	363
189	438
189	515
189	516
189	555
189	564
189	646
189	678
189	846
189	881
189	891
189	929
190	209
190	322
190	342
190	379
190	676
190	715
190	777
190	934
191	211
191	362
191	410
191	441
191	463
191	539
191	591
191	721
191	729
191	826
191	879
191	978
191	984
192	207
192	499
192	502
192	680
192	727
192	774
192	867
192	925
192	928
192	967
193	253
193	274
193	369
193	377
193	414
193	488
193	597
193	601
193	673
193	738
193	771
193	894
193	913
193	942
193	977
194	262
194	488
194	596
194	598
194	680
194	689
194	709
194	904
195	231
195	289
195	331
195	362
195	411
195	427
195	435
195	441
195	491
195	541
195	591
195	789
195	861
195	865
195	950
195	987
196	262
196	335
196	564
196	820
196	850
196	862
196	925
196	942
196	948
197	221
197	470
197	655
197	872
198	294
198	439
199	200
199	253
199	374
199	506
199	703
199	725
199	777
199	793
199	799
199	848
199	942
200	282
200	293
200	499
200	534
200	678
200	727
200	942
201	310
201	593
201	673
201	928
201	964
203	420
203	465
203	901
203	959
204	577
204	981
205	310
205	318
205	570
205	579
205	636
205	641
205	758
205	832
205	921
205	930
205	943
205	985
206	284
206	328
206	414
206	630
207	324
207	413
207	499
207	588
207	740
207	814
207	820
207	869
207	874
207	904
207	957
208	271
208	273
208	411
208	463
208	591
208	611
208	668
208	721
208	752
208	800
208	848
208	861
208	881
208	946
208	947
208	960
209	212
209	247
209	380
209	655
209	810
210	217
210	312
210	319
210	500
210	665
210	865
210	905
211	239
211	302
211	313
211	382
211	385
211	399
211	436
211	463
211	535
211	612
211	706
211	786
211	978
211	984
211	994
212	339
212	530
212	750
212	751
212	842
212	921
213	243
213	833
213	839
214	225
214	390
214	453
214	542
214	637
214	695
214	788
214	871
214	984
215	294
215	323
215	337
215	371
215	419
215	438
215	500
215	583
215	620
215	663
215	706
215	783
215	789
215	846
215	947
216	273
216	307
216	394
216	499
216	644
216	707
216	722
216	727
216	876
216	908
217	474
217	524
217	685
217	708
217	759
217	783
217	795
217	823
217	951
218	402
218	562
219	335
219	727
219	774
219	865
220	300
220	927
221	269
221	572
221	616
221	791
221	843
221	902
222	472
222	565
222	696
222	713
223	434
223	443
224	384
224	409
224	463
224	684
224	718
224	833
224	982
225	279
225	514
225	552
225	734
225	855
225	891
225	946
225	984
226	308
226	378
226	651
226	757
226	827
227	889
227	906
229	790
229	836
230	292
230	572
230	641
230	693
230	872
230	886
231	316
231	421
231	585
231	731
231	829
231	858
231	951
231	957
231	979
231	986
232	345
232	396
232	420
232	457
232	582
232	718
232	863
232	909
233	239
233	279
233	365
233	424
233	444
233	566
233	569
233	612
233	685
233	695
233	781
233	868
233	873
234	347
234	385
234	392
234	542
234	621
234	847
235	613
235	918
235	939
236	584
236	633
236	873
236	975
238	341
238	461
238	502
238	534
238	541
238	611
238	628
238	668
238	721
238	805
238	856
238	858
238	881
238	905
238	941
238	976
239	314
239	346
239	436
239	454
239	458
239	476
239	837
239	891
239	935
240	474
240	752
240	910
241	268
241	311
241	325
241	416
241	464
241	510
241	551
241	700
241	846
241	863
242	465
242	473
242	521
242	563
242	582
242	902
243	331
243	345
243	371
243	423
243	458
243	496
243	620
243	637
243	700
243	720
243	959
244	484
244	497
244	579
244	794
244	849
244	967
244	989
245	274
246	524
246	550
246	555
246	574
246	723
247	278
247	355
247	452
249	636
249	796
250	271
250	289
250	325
250	428
250	435
250	479
250	618
250	735
250	754
250	755
250	910
250	952
250	963
250	986
251	389
251	900
252	459
253	289
253	437
253	516
253	610
253	663
253	709
253	732
253	743
253	750
253	894
253	977
254	532
254	533
254	853
254	968
255	488
255	616
255	679
255	693
255	737
255	849
255	995
256	632
256	726
256	988
258	900
259	360
259	966
260	324
260	335
260	439
260	529
260	651
260	661
260	680
260	869
261	836
262	277
262	303
262	596
262	703
262	967
262	983
262	995
263	996
264	472
264	481
264	552
264	621
264	632
264	648
264	975
265	550
265	628
265	668
265	696
265	875
265	893
265	956
267	275
267	312
267	348
267	550
267	757
267	783
267	795
267	895
267	990
268	288
268	427
268	437
268	447
268	473
268	526
268	732
268	848
268	891
268	949
268	979
269	383
269	460
269	548
269	556
269	744
269	772
269	901
270	326
270	555
270	617
270	628
270	707
270	827
270	830
270	887
270	999
271	317
271	326
271	416
271	461
271	474
271	552
271	622
271	706
271	709
271	754
271	878
271	947
271	963
272	491
272	506
272	626
272	685
272	781
273	282
273	383
273	499
273	500
273	564
273	721
273	793
273	814
273	830
273	865
274	276
274	282
274	367
274	419
274	425
274	485
274	488
274	516
274	538
274	750
274	810
274	892
274	928
274	929
274	952
275	337
275	455
275	603
275	896
276	331
276	367
276	388
276	721
276	750
276	862
276	864
276	938
276	953
277	329
277	607
277	701
277	909
278	380
278	751
278	760
278	822
278	836
278	921
278	968
278	973
279	288
279	435
279	462
279	621
279	726
279	837
280	330
280	569
280	677
280	878
281	454
281	717
281	788
282	338
282	468
282	609
282	646
282	678
282	865
282	876
282	885
282	908
282	951
283	338
283	378
283	518
283	553
283	606
283	716
283	722
283	874
284	447
284	454
284	488
284	597
284	689
286	326
286	362
286	648
286	763
287	834
287	965
288	314
288	395
288	569
289	334
289	382
289	476
289	546
289	668
289	708
289	805
289	821
289	861
289	885
289	938
291	306
291	319
291	323
291	334
291	411
291	485
291	500
291	521
291	585
291	646
291	696
291	821
291	876
291	961
292	329
292	616
292	909
292	944
292	989
293	316
293	369
293	454
293	457
293	483
293	601
293	643
293	756
293	789
293	843
293	905
293	910
293	938
293	952
294	309
294	494
294	522
294	568
294	610
294	679
294	814
294	865
294	949
295	495
295	661
295	662
295	860
296	711
296	765
296	971
298	365
298	396
298	627
298	700
298	720
298	803
298	846
298	864
298	898
298	993
299	321
299	563
299	657
299	686
299	841
299	843
299	881
299	967
299	998
300	304
300	426
300	471
301	751
301	822
302	309
302	314
302	357
302	362
302	421
302	457
302	515
302	552
302	587
302	611
302	628
303	344
303	380
303	502
303	867
303	921
303	985
304	311
304	390
304	453
304	457
304	522
304	607
304	695
304	831
304	975
305	373
306	314
306	391
306	395
306	421
306	462
306	589
306	628
306	668
306	708
306	814
306	858
306	881
306	885
306	941
306	957
306	987
307	378
307	468
307	934
308	945
309	325
309	362
309	597
309	620
309	736
309	922
309	963
310	353
310	582
310	608
310	758
311	346
311	510
311	726
312	394
312	449
312	526
312	559
312	628
312	697
312	821
312	918
312	924
312	941
312	951
313	382
313	395
313	522
313	552
313	558
313	611
313	701
313	750
313	759
313	779
313	846
313	847
313	861
313	865
313	905
313	964
314	319
314	427
314	507
314	538
314	571
314	634
314	657
314	729
314	738
314	754
314	823
314	858
315	969
315	981
315	994
316	369
316	438
316	494
316	738
316	756
316	794
316	813
316	841
316	894
316	986
317	372
317	399
317	410
317	453
317	500
317	510
317	626
317	632
317	844
318	340
318	353
318	452
318	466
318	532
318	653
318	683
318	902
319	324
319	334
319	395
319	552
319	688
319	710
319	721
319	741
319	783
319	805
319	881
319	922
319	938
319	951
320	492
320	633
320	649
320	978
321	342
321	413
321	417
321	554
321	615
321	705
321	869
321	892
321	904
322	353
322	564
322	670
322	680
322	769
322	778
322	807
322	910
322	942
322	943
322	949
323	428
323	432
323	438
323	523
323	700
323	709
323	732
323	793
323	833
323	858
323	947
323	960
324	364
324	495
324	500
324	658
324	820
325	390
325	436
325	491
325	536
325	566
325	620
325	671
325	684
325	732
325	747
325	786
325	833
325	979
326	449
326	647
326	708
326	723
326	752
327	459
328	334
328	396
328	525
328	673
328	693
328	872
328	886
329	408
329	528
329	664
329	704
330	347
330	372
330	612
330	621
330	695
330	781
330	825
330	988
331	365
331	441
331	519
331	542
331	587
331	732
331	844
331	927
332	334
332	357
332	391
332	488
332	583
332	646
332	657
332	721
332	750
332	963
333	445
333	585
333	892
333	997
334	395
334	411
334	462
334	537
334	546
334	568
334	617
334	638
334	687
334	752
334	905
334	915
334	947
335	350
335	445
335	723
335	727
335	740
335	748
335	918
336	391
336	439
336	468
336	544
336	546
336	549
336	638
336	678
336	750
336	752
336	961
337	348
337	394
337	571
337	590
337	632
337	668
337	713
337	891
337	951
338	722
338	941
339	415
339	506
339	549
339	665
339	676
339	680
339	705
339	716
339	927
339	942
339	948
340	440
340	466
340	758
340	811
340	883
341	457
341	487
341	515
341	658
341	677
341	735
341	791
341	831
341	846
341	877
341	896
341	910
341	959
342	357
342	403
342	487
342	554
342	661
342	710
342	750
342	862
342	869
342	892
342	918
342	927
343	367
343	446
343	487
343	502
343	593
343	596
343	598
343	663
343	680
343	769
343	799
343	856
343	993
345	441
345	448
345	457
345	563
345	627
345	638
345	826
345	831
345	844
345	901
345	959
346	514
346	685
346	731
346	734
346	759
346	837
346	922
346	978
347	438
347	612
347	626
347	824
347	984
348	388
348	500
348	672
348	681
348	924
348	950
348	972
348	999
349	525
349	704
349	744
349	797
350	378
351	445
351	609
351	617
351	644
351	740
351	824
351	917
351	941
352	385
352	481
352	514
352	523
352	546
352	566
352	826
352	885
353	484
353	554
353	556
353	579
353	765
353	794
353	973
354	380
354	418
354	683
354	804
354	810
354	842
354	967
355	359
355	719
355	810
355	812
355	998
356	566
356	826
356	844
356	873
356	984
357	571
357	644
357	657
357	665
357	861
357	878
357	896
357	948
357	953
358	619
358	984
359	380
361	614
361	834
362	371
362	571
362	648
362	824
362	946
363	439
363	690
363	727
363	756
363	777
363	820
363	874
364	554
364	572
364	583
364	799
364	993
365	410
365	416
365	427
365	453
365	454
365	506
365	637
365	684
365	846
365	891
365	922
366	605
366	895
367	375
367	564
367	606
367	644
367	721
367	723
367	814
367	850
367	892
367	918
367	925
367	928
367	953
368	377
368	436
368	601
368	615
368	689
368	882
368	959
368	979
369	521
369	539
369	658
369	715
369	736
369	813
369	862
369	927
369	947
369	957
371	454
371	500
371	522
371	541
371	552
371	611
371	643
371	734
371	757
371	789
371	826
371	848
371	885
372	429
372	453
372	567
372	582
372	627
372	825
372	979
373	405
373	480
373	580
373	796
374	417
374	646
374	862
374	869
375	400
375	440
375	483
375	539
375	595
376	692
376	704
376	877
377	411
377	432
377	456
377	510
377	524
377	541
377	546
377	583
377	646
377	657
377	721
377	881
377	905
377	953
378	486
378	745
378	908
378	970
379	530
379	680
379	688
379	705
379	719
379	750
379	804
379	813
379	967
379	995
380	407
380	686
380	804
381	418
381	771
381	812
382	510
382	515
382	542
382	611
382	699
382	706
382	891
382	905
382	978
383	396
383	414
383	460
383	465
383	833
384	395
384	630
384	779
384	844
384	848
384	863
384	922
385	410
385	428
385	461
385	500
385	590
385	672
385	699
385	749
385	781
385	826
385	984
388	395
388	507
388	550
388	757
388	924
388	958
388	976
388	991
389	475
389	558
389	571
389	628
389	687
389	958
390	781
390	855
390	988
391	591
391	606
391	628
391	741
391	805
392	416
392	615
392	634
392	720
392	754
392	779
392	781
392	826
393	445
393	598
393	651
393	693
393	774
394	438
394	564
394	568
394	644
394	859
395	421
395	435
395	494
395	510
395	522
395	541
395	591
395	848
396	413
396	646
396	736
396	737
396	885
397	808
397	936
398	412
398	714
399	474
399	515
399	571
399	622
399	648
399	685
399	978
400	516
400	610
400	684
400	833
400	894
400	898
401	632
401	685
401	926
402	889
403	551
403	628
403	644
403	651
403	771
403	818
403	820
403	850
403	876
403	892
404	648
404	707
404	752
404	757
404	914
405	973
406	780
407	414
407	422
407	936
407	985
408	872
409	630
409	761
409	982
410	455
410	461
410	474
410	505
410	552
410	685
410	731
410	824
410	837
410	881
410	885
410	946
411	483
411	522
411	537
411	611
411	706
411	741
411	858
411	861
411	891
411	898
411	960
413	487
413	551
413	583
413	596
413	673
413	697
413	743
413	789
413	862
413	864
413	913
413	949
414	530
414	595
414	596
414	899
414	960
415	495
415	716
415	807
415	880
416	657
416	708
416	841
417	487
417	549
417	554
417	583
417	595
417	601
417	610
417	670
417	671
417	794
417	813
417	850
418	497
418	530
418	675
418	688
418	774
418	934
418	995
419	483
419	523
419	598
419	660
419	709
419	813
419	928
419	962
420	516
420	521
420	582
420	677
420	833
421	435
421	515
421	601
421	610
421	646
421	709
421	858
421	885
421	917
421	947
421	951
421	963
421	987
422	497
422	549
422	599
422	909
422	930
423	479
423	582
423	677
423	701
423	788
423	901
424	430
424	552
424	640
424	749
424	817
425	454
425	502
425	571
425	610
425	624
425	643
425	697
425	743
425	814
425	894
425	905
425	913
426	434
426	492
426	627
426	691
426	764
426	831
426	882
426	906
427	428
427	441
427	541
427	706
427	779
427	891
427	946
427	960
427	987
428	448
428	454
428	463
428	546
428	589
428	726
428	848
428	864
428	885
428	898
428	976
429	453
429	793
430	492
430	566
430	619
432	456
432	463
432	541
432	552
432	734
432	789
432	841
432	861
432	976
433	472
433	542
433	926
434	560
435	535
435	731
435	793
435	805
435	858
435	861
435	896
435	898
435	938
435	946
435	952
435	960
436	516
436	637
436	848
436	906
437	464
437	473
437	483
437	491
437	601
437	606
437	700
437	747
437	793
437	910
438	506
438	538
438	594
438	596
438	610
438	665
438	738
438	743
438	858
438	892
438	905
438	907
438	946
438	962
439	588
439	622
439	658
439	740
439	748
439	807
439	859
439	892
440	494
440	572
440	607
440	641
440	995
441	463
441	464
441	601
441	621
441	844
441	898
441	978
441	997
442	505
442	816
444	474
444	542
444	569
444	678
444	879
444	988
445	644
445	679
445	892
445	925
445	967
445	981
446	554
446	675
446	679
446	688
446	756
446	806
446	962
447	454
447	510
447	521
447	539
447	610
447	643
447	791
447	848
447	952
448	463
448	515
448	546
448	552
448	610
448	720
448	729
448	743
448	754
448	878
448	905
448	986
449	500
449	524
449	552
449	878
449	892
449	961
451	615
451	633
451	825
452	533
452	698
452	860
452	983
452	985
453	684
453	699
453	724
453	975
454	535
454	551
454	658
454	779
454	855
454	894
454	938
454	953
454	960
455	510
455	634
455	647
455	648
455	687
455	779
455	783
456	689
456	978
457	458
457	479
457	552
457	563
457	620
457	737
457	848
457	872
458	510
458	542
458	620
458	699
458	848
458	855
458	987
459	669
460	556
460	673
460	831
461	474
461	496
461	515
461	569
461	677
461	706
461	708
461	800
461	824
461	826
461	922
461	961
461	976
462	473
462	522
462	551
462	601
462	697
462	878
462	898
462	962
463	476
463	612
463	700
463	878
463	946
464	510
464	612
464	643
464	657
464	671
464	701
464	732
464	848
464	976
464	997
465	563
465	791
465	982
466	480
466	586
466	932
468	500
468	513
468	518
468	555
468	574
468	622
468	787
469	833
470	529
470	530
470	554
470	680
470	813
470	902
470	964
472	878
473	684
473	707
473	761
473	841
473	844
473	846
473	868
473	944
473	959
474	522
474	558
474	628
474	685
474	687
474	752
474	759
474	905
474	956
475	956
475	981
475	994
476	515
476	590
476	736
476	846
476	878
476	891
476	935
476	984
477	767
478	970
479	546
479	590
479	664
479	677
479	689
479	695
479	756
479	791
479	863
479	886
480	652
480	971
481	565
481	621
481	947
482	625
482	945
483	551
483	657
483	658
483	709
483	791
483	799
483	841
483	856
483	894
483	907
483	910
484	532
484	641
484	758
484	867
485	596
485	750
485	930
485	967
485	995
486	577
486	827
487	488
487	549
487	608
487	848
487	856
487	977
488	502
488	549
488	610
488	646
488	658
488	661
488	718
488	737
488	977
489	822
490	555
490	617
490	681
490	712
490	723
490	931
491	718
491	935
492	566
492	632
492	826
492	847
493	890
493	945
494	658
494	706
494	709
494	743
494	864
494	927
495	860
496	592
496	610
496	624
496	754
496	761
497	676
497	680
497	771
497	860
497	963
499	538
499	564
499	583
499	659
499	670
499	721
499	737
499	869
500	504
500	538
500	544
500	564
500	606
500	763
500	795
500	821
500	896
500	951
501	912
502	531
502	583
502	657
502	794
502	842
502	905
502	910
503	954
504	505
504	571
504	590
504	612
504	621
504	654
504	685
504	753
504	779
504	795
504	803
504	834
504	933
504	978
504	984
505	621
505	626
505	738
505	749
505	795
505	803
505	923
506	610
506	657
506	743
506	793
506	927
507	753
507	895
508	604
509	557
509	581
509	712
510	537
510	795
510	848
510	891
513	559
513	573
513	574
514	523
514	734
514	877
514	963
515	523
515	552
515	567
515	699
515	724
515	732
515	885
515	896
515	898
515	917
515	946
516	610
516	701
516	793
516	862
516	927
516	976
517	771
517	806
517	810
517	851
517	857
517	998
518	588
518	828
518	887
519	760
519	889
521	539
521	549
521	554
521	595
521	641
521	907
522	583
522	624
522	638
522	657
522	721
522	861
522	878
522	987
523	786
523	824
523	873
523	963
523	987
524	555
524	696
524	707
524	887
524	892
524	991
525	536
525	572
525	607
525	697
525	701
525	725
525	886
526	538
526	622
526	821
526	892
527	970
528	992
529	598
529	671
529	777
529	807
529	827
529	993
530	593
530	921
530	934
530	983
532	851
532	943
533	586
533	616
533	751
534	707
534	887
534	931
534	981
535	720
535	793
535	952
535	959
536	556
536	664
536	689
536	843
536	845
536	902
536	906
537	552
537	901
537	941
537	984
538	564
538	701
538	709
538	754
538	792
538	814
538	869
538	908
538	917
538	928
538	996
539	595
539	721
539	737
539	793
539	813
539	862
539	952
541	552
541	624
541	643
541	668
541	850
541	856
541	915
541	958
541	986
541	987
542	612
542	637
542	717
542	847
544	622
544	638
544	687
544	748
544	908
546	581
546	706
546	905
546	938
546	947
546	976
547	691
548	702
549	585
549	597
549	705
549	985
550	642
551	554
551	743
551	841
551	941
551	960
551	961
552	729
552	734
552	824
552	938
552	946
553	559
553	590
553	617
553	999
554	585
554	597
554	671
554	697
554	734
554	814
554	874
554	927
554	949
554	964
554	983
555	617
555	654
555	713
555	723
555	894
555	929
555	999
556	641
556	744
556	889
556	902
557	631
557	807
557	918
558	571
558	611
558	885
558	951
559	577
559	672
561	748
561	942
562	797
563	607
563	701
563	747
563	979
564	792
564	814
564	820
564	876
564	887
564	892
564	942
565	589
565	648
565	666
565	669
565	783
565	817
565	991
566	621
566	695
566	786
567	592
567	700
567	724
568	696
568	722
568	727
568	756
568	818
568	942
569	826
569	868
569	926
569	988
570	755
570	760
570	765
570	937
570	973
571	591
571	638
571	708
571	713
571	731
571	753
572	610
572	845
573	574
573	647
573	687
573	763
573	830
574	805
574	875
576	903
578	652
578	883
579	698
579	758
579	804
579	808
579	811
582	684
582	693
582	838
582	944
582	959
583	593
583	671
583	705
583	710
583	727
583	750
583	778
583	813
583	858
583	907
583	957
585	661
585	732
585	864
585	880
585	928
585	957
585	977
586	664
587	637
587	729
587	837
587	993
588	662
588	740
588	821
589	621
589	678
589	716
589	731
589	781
589	896
589	941
589	997
590	654
590	821
590	891
590	961
590	978
590	997
591	734
591	757
591	864
591	881
591	961
592	649
592	935
593	602
593	679
593	867
593	930
594	673
594	677
594	854
594	930
595	677
595	688
595	690
595	791
595	842
595	949
596	641
596	744
596	765
596	813
596	877
596	909
596	960
597	743
597	794
597	877
598	609
598	644
598	671
598	697
598	743
598	806
598	918
598	949
599	758
599	842
600	642
600	669
600	834
600	835
600	903
601	607
601	724
601	776
601	848
601	959
602	727
602	918
602	925
603	619
603	634
603	659
603	666
603	674
603	835
603	994
604	816
604	884
605	753
606	654
606	713
606	929
607	742
607	806
607	843
608	661
608	867
608	916
608	934
608	983
609	696
609	706
609	789
609	887
609	950
610	638
610	700
610	738
610	743
610	960
610	967
611	634
611	637
611	826
612	648
612	826
612	961
612	984
613	690
613	981
615	641
615	689
615	747
615	935
616	769
616	930
617	672
617	830
617	999
618	975
619	621
619	731
619	732
619	915
620	624
620	716
620	732
620	738
620	743
620	793
621	731
621	732
621	895
622	634
622	696
622	740
622	887
622	918
624	697
624	736
624	761
624	789
626	632
626	633
627	637
627	643
627	700
627	833
627	845
627	863
627	984
628	917
628	927
628	949
629	890
631	660
631	818
632	879
633	844
633	879
634	721
634	795
634	895
634	951
634	961
634	978
637	724
637	965
638	894
638	993
639	690
641	758
641	838
641	877
641	886
641	905
643	658
643	754
643	847
644	665
644	727
644	821
644	874
644	918
644	931
645	981
646	741
646	799
646	885
646	914
646	938
647	654
647	917
647	941
648	669
648	823
648	915
649	781
649	879
650	781
651	657
651	792
651	850
651	918
653	796
653	973
654	659
654	713
654	731
654	795
654	826
655	675
655	853
657	856
657	858
658	697
658	789
658	864
658	885
658	907
658	949
659	668
659	713
659	753
659	795
660	690
660	828
661	670
661	843
661	864
661	948
662	739
662	798
663	683
663	686
663	701
663	756
663	843
663	849
663	938
663	993
664	701
664	845
664	854
664	910
665	678
665	707
665	721
665	824
665	946
665	977
666	752
666	753
666	823
666	924
666	941
667	684
667	695
667	724
667	735
667	786
667	833
668	678
668	800
668	805
668	858
668	907
668	938
670	774
670	778
670	947
671	709
671	778
671	792
671	820
671	961
671	962
671	993
672	757
672	900
673	743
673	843
675	771
675	985
677	689
677	737
677	743
677	776
677	788
678	874
678	892
678	908
678	915
678	991
679	683
679	806
679	940
680	778
680	892
681	694
681	923
681	966
681	991
682	780
682	855
682	893
683	771
683	785
683	983
684	735
684	761
684	852
684	901
684	905
685	729
685	731
685	759
685	895
686	743
686	862
686	864
686	942
686	986
687	753
687	923
687	938
688	697
688	907
688	948
691	839
691	901
693	813
693	867
693	886
693	909
693	962
693	993
695	779
696	908
696	914
696	941
697	964
698	813
698	832
698	836
698	937
699	738
699	868
699	915
700	736
700	738
700	743
700	754
700	922
700	997
701	736
701	848
702	704
703	789
703	813
703	867
705	793
705	856
705	886
705	898
705	899
706	721
706	729
706	754
706	861
706	917
706	941
707	722
707	741
707	876
707	878
707	881
707	887
708	824
708	896
708	963
708	984
709	874
709	946
709	957
710	774
710	804
710	858
710	865
710	949
710	983
710	993
711	832
711	971
712	787
713	721
713	757
713	795
713	861
713	885
715	807
715	864
715	888
717	847
718	845
718	852
718	872
721	795
721	862
721	938
721	987
722	821
723	777
723	874
724	732
724	870
725	778
725	930
726	786
726	975
727	740
727	778
727	850
728	827
729	878
730	762
731	732
731	917
732	761
732	844
732	901
732	984
734	824
734	833
734	914
734	963
735	747
736	744
736	776
737	756
737	843
738	793
738	862
738	865
738	894
738	942
739	740
739	859
739	980
740	874
740	876
740	925
741	951
741	963
742	838
742	845
742	886
743	789
743	913
744	832
744	863
745	782
745	969
747	758
747	885
747	894
747	898
748	829
748	956
750	774
750	862
750	877
750	938
750	942
750	993
751	859
752	917
752	963
752	978
753	795
753	823
754	872
754	959
754	962
755	877
755	909
755	989
756	841
756	962
757	924
757	950
757	961
757	990
758	772
758	849
758	964
758	973
759	847
759	941
759	978
759	984
761	935
761	961
763	977
763	994
765	902
767	919
769	916
769	993
771	818
771	983
772	842
772	944
774	799
775	801
776	845
776	882
776	902
777	789
777	818
777	976
778	814
778	862
778	892
779	844
779	922
779	987
781	786
783	800
783	803
783	817
783	895
785	849
786	979
789	894
789	984
791	845
791	982
792	892
792	948
793	861
793	910
793	977
795	878
795	963
795	994
797	902
799	814
799	967
803	837
803	895
803	946
804	811
804	842
804	983
805	821
805	824
805	869
805	947
805	963
806	880
806	916
807	925
808	971
810	812
810	860
811	909
811	971
814	829
814	951
816	975
820	874
820	929
820	948
821	963
822	937
823	861
824	873
824	905
825	922
826	895
827	956
828	981
829	864
829	960
829	967
830	887
830	960
832	971
833	844
833	848
833	922
836	921
839	852
840	860
841	877
841	913
841	949
842	849
843	909
843	930
843	944
844	846
845	863
845	889
846	979
847	988
848	898
848	922
849	902
849	909
850	958
851	998
853	920
855	864
856	892
856	949
856	957
856	976
856	993
858	881
858	885
858	905
858	938
858	952
858	961
861	868
861	875
861	885
861	894
861	957
862	986
862	993
863	864
863	872
864	865
864	905
864	938
864	957
864	962
865	905
865	914
865	957
866	999
867	934
868	976
868	979
868	984
869	881
869	925
869	928
870	959
872	882
873	997
874	925
875	924
875	981
875	991
876	918
876	929
877	909
878	938
878	961
879	988
880	980
881	898
881	929
884	926
885	946
885	952
885	978
885	990
887	896
890	945
892	918
894	922
894	935
894	960
895	915
896	952
897	937
898	941
898	946
898	986
900	956
904	942
904	964
905	913
905	960
905	977
909	968
909	971
910	917
914	915
914	931
914	947
915	917
915	963
916	920
916	934
917	978
918	953
918	995
921	937
922	960
922	979
923	956
923	958
923	966
923	994
924	991
924	994
927	960
927	976
927	979
928	949
928	957
928	997
931	958
931	991
935	979
941	947
942	949
942	957
943	985
944	985
946	979
946	986
946	987
947	990
948	953
948	996
949	960
951	990
955	996
956	981
957	962
958	991
962	995
964	993
967	995
969	970
979	984
984	987
985	995
