0	132
0	166
0	444
0	470
0	542
0	554
0	587
0	800
0	840
0	860
0	876
0	880
2	115
2	215
2	309
2	335
2	466
2	508
2	635
2	724
2	736
2	813
2	934
3	350
5	23
5	98
5	134
5	186
5	270
5	305
5	577
5	591
5	682
5	749
5	814
5	877
5	921
5	931
6	262
6	306
6	421
6	834
6	942
7	61
7	91
7	158
7	222
7	252
7	444
7	613
7	777
7	805
7	813
7	848
7	888
7	941
8	51
8	248
8	295
8	341
8	348
8	518
8	694
8	803
8	942
9	397
9	420
9	426
9	574
9	709
9	724
9	738
9	760
9	781
9	907
9	995
10	202
10	227
10	314
10	631
10	634
10	664
10	712
10	735
10	852
12	141
12	298
12	301
12	330
12	363
12	650
12	804
12	906
12	909
13	101
13	242
13	290
13	339
13	343
13	481
13	524
13	685
13	731
13	743
13	747
13	800
14	40
14	78
14	153
14	180
14	222
14	230
14	376
14	377
14	491
14	538
14	540
14	545
14	554
14	602
14	605
14	692
14	756
14	806
14	955
15	513
16	67
16	122
16	192
16	295
16	374
16	404
16	421
16	901
16	978
17	29
17	115
17	125
17	138
17	215
17	398
17	457
17	606
17	635
17	760
17	851
18	96
18	212
18	297
18	407
18	697
20	126
20	214
20	367
20	391
20	623
20	685
20	696
20	755
21	160
21	207
21	231
21	740
22	428
23	168
23	221
23	242
23	448
23	532
23	545
23	558
23	650
23	753
23	779
23	807
23	822
23	829
24	79
24	191
24	209
24	245
24	252
24	284
24	425
24	457
24	510
24	542
24	553
24	594
24	610
24	809
24	854
24	936
26	78
26	343
26	344
26	433
26	506
26	525
26	546
26	616
26	643
26	793
26	840
26	844
26	888
26	908
26	941
26	959
27	67
27	123
27	170
27	304
27	414
27	593
27	963
28	251
28	282
28	968
28	989
29	80
29	156
29	372
29	515
29	585
29	631
29	664
29	692
29	895
29	899
30	146
30	298
30	454
30	667
30	668
30	794
30	915
31	271
31	700
31	754
31	986
32	387
32	397
32	420
32	432
32	611
32	709
33	61
33	232
33	484
33	510
33	565
33	616
33	645
33	678
33	684
33	826
33	888
33	897
33	901
33	903
33	966
34	182
34	195
34	244
34	270
34	464
34	675
34	807
34	810
34	841
34	872
35	150
35	364
35	690
36	137
36	153
36	322
36	400
36	436
36	491
36	602
36	636
36	653
36	694
36	956
36	974
37	55
37	108
37	184
37	311
37	418
37	439
37	548
37	571
37	615
37	638
37	689
37	716
37	783
37	879
38	51
38	112
38	218
38	247
38	253
38	332
38	361
38	654
38	760
38	820
39	58
39	193
39	219
39	222
39	245
39	447
39	500
39	646
39	691
39	724
39	755
39	788
39	796
39	834
40	43
40	99
40	177
40	678
40	687
40	931
41	162
41	170
41	177
41	180
41	506
41	525
41	600
41	602
42	51
42	66
42	88
42	209
42	222
42	243
42	307
42	366
42	411
42	457
42	484
42	616
42	682
42	739
42	812
42	848
42	888
42	941
43	76
43	114
43	162
43	165
43	214
43	302
43	696
43	812
43	826
43	844
44	219
44	472
45	130
45	204
45	235
45	359
45	443
45	668
45	889
46	55
46	156
46	210
46	254
46	269
46	366
46	413
46	482
46	528
46	532
46	660
46	670
46	705
46	783
46	987
46	998
47	102
47	157
47	179
47	189
47	314
47	365
47	398
47	610
47	864
48	224
48	266
48	276
48	279
48	365
48	761
48	929
49	51
49	304
49	313
49	422
49	447
49	477
49	506
49	542
49	560
49	678
49	708
49	776
49	896
49	913
49	928
49	936
49	970
50	273
50	397
50	426
50	535
50	709
51	52
51	57
51	82
51	459
51	543
51	546
51	603
51	717
51	765
51	832
51	860
51	974
52	89
52	160
52	175
52	362
52	435
52	495
52	559
53	256
53	503
53	541
53	737
53	916
54	71
54	75
54	198
54	406
54	429
54	520
54	684
55	120
55	274
55	344
55	448
55	471
55	519
55	615
55	624
55	741
55	753
55	758
55	779
55	810
55	846
55	863
56	425
56	508
56	549
56	582
56	722
56	843
56	887
57	86
57	187
57	487
57	518
57	623
57	918
57	976
57	989
57	994
58	218
58	275
58	325
58	335
58	361
58	417
58	424
58	542
58	576
58	589
58	640
58	763
58	801
58	820
58	981
59	306
59	411
59	417
59	441
59	447
59	474
59	694
59	717
59	750
59	873
59	942
59	948
59	956
60	291
61	86
61	209
61	232
61	243
61	248
61	274
61	325
61	444
61	469
61	564
61	613
61	756
61	779
61	826
61	941
62	195
62	628
62	656
63	84
63	168
63	225
63	233
63	270
63	411
63	457
63	462
63	569
63	576
63	648
63	714
63	766
63	838
63	875
63	893
63	896
63	911
63	913
63	963
64	217
64	235
64	346
64	496
64	660
64	822
64	837
64	857
64	883
64	917
65	427
65	461
65	470
65	520
65	648
65	941
65	947
66	80
66	109
66	209
66	252
66	356
66	448
66	675
66	707
66	718
66	777
66	872
66	925
66	995
67	138
67	182
67	208
67	335
67	511
67	573
67	693
67	801
67	936
69	785
71	204
71	731
71	733
71	880
72	100
72	204
72	217
72	298
72	345
72	366
72	381
72	481
72	565
72	566
72	710
72	741
72	753
72	861
72	906
73	188
73	769
74	240
74	265
74	351
74	424
74	456
74	536
74	617
74	640
74	650
74	718
74	783
74	863
74	888
74	977
74	979
75	100
75	198
75	236
75	855
75	866
75	915
75	990
76	126
76	170
76	500
76	789
76	933
77	169
77	181
77	273
77	317
77	374
77	417
77	447
77	462
77	475
77	576
77	718
77	854
77	913
77	974
78	149
78	153
78	158
78	177
78	222
78	901
79	110
79	152
79	222
79	245
79	248
79	316
79	383
79	417
79	492
79	589
79	610
79	635
79	653
79	755
79	860
79	875
80	314
80	387
80	567
80	719
80	858
81	118
81	231
81	296
81	930
82	85
82	222
82	233
82	335
82	384
82	465
82	507
82	526
82	542
82	561
82	564
82	663
82	739
82	782
82	826
82	827
82	897
83	88
83	115
83	139
83	182
83	209
83	434
83	556
83	624
83	662
83	736
83	777
83	788
83	842
83	961
84	361
84	516
84	550
84	610
84	708
84	748
84	972
85	327
85	396
85	480
85	509
85	690
85	786
85	905
85	911
86	319
86	322
86	338
86	612
86	793
86	856
87	671
88	168
88	265
88	315
88	372
88	407
88	446
88	492
88	531
88	564
88	576
88	640
88	648
88	760
88	765
88	815
88	977
89	119
89	657
89	691
89	775
89	969
90	432
90	754
90	893
90	993
91	158
91	196
91	242
91	272
91	292
91	469
91	484
91	489
91	515
91	546
91	650
91	756
91	793
91	811
91	986
92	163
92	223
92	285
92	290
92	319
92	338
92	345
92	382
92	485
92	502
92	506
92	523
92	623
92	650
92	684
92	688
92	704
92	721
92	799
92	800
92	813
92	997
93	116
93	270
93	348
93	351
93	356
93	393
93	410
93	681
93	727
93	746
93	761
93	782
93	832
93	855
93	943
94	123
94	621
94	945
95	578
95	768
95	873
97	125
97	176
97	208
97	284
97	402
97	415
97	516
97	535
97	542
97	692
97	709
97	714
97	781
97	815
97	890
98	351
98	434
98	457
98	590
98	615
98	624
98	681
98	682
98	719
98	746
98	824
98	985
99	162
99	293
99	427
99	505
99	623
99	721
99	805
99	825
99	989
100	141
100	319
100	489
100	492
100	566
100	616
100	782
100	816
100	844
100	983
101	200
101	210
101	301
101	363
101	393
101	497
101	564
101	616
101	733
101	758
101	814
101	909
101	951
101	957
101	980
102	189
102	736
103	124
103	487
103	504
103	644
103	825
103	930
103	976
104	215
104	244
104	256
104	270
104	315
104	372
104	418
104	456
104	515
104	567
104	681
104	693
104	716
104	722
104	765
104	814
104	841
104	843
105	112
105	240
105	270
105	292
105	335
105	383
105	423
105	444
105	561
105	564
105	596
105	612
105	617
105	727
105	782
105	807
105	888
105	941
105	951
105	953
106	217
106	298
106	711
106	731
106	835
107	334
108	228
108	401
108	413
108	469
108	549
108	591
108	716
108	732
108	757
108	783
108	985
108	993
109	111
109	133
109	229
109	315
109	527
109	536
109	631
109	736
109	760
109	963
110	243
110	313
110	457
110	506
110	558
110	663
110	827
110	848
110	901
110	963
110	977
111	139
111	215
111	225
111	276
111	452
111	515
111	536
111	596
111	719
111	746
111	760
111	761
111	843
111	893
111	899
111	905
111	961
112	376
112	826
112	844
112	918
112	942
112	952
112	955
112	963
112	974
113	720
114	158
114	239
114	302
114	377
114	410
114	450
114	491
114	559
114	612
114	714
114	766
114	863
114	867
114	970
115	139
115	158
115	215
115	425
115	494
115	707
115	735
115	787
115	834
115	842
115	899
115	925
115	988
116	308
116	351
116	356
116	418
116	624
116	741
116	877
116	905
117	487
117	510
117	602
117	678
117	731
117	756
117	771
117	795
117	807
117	901
117	903
117	955
118	435
118	486
118	621
118	750
118	914
118	969
119	231
119	267
119	362
119	445
119	769
119	789
119	806
120	233
120	403
120	404
120	425
120	447
120	459
120	558
120	739
120	827
120	834
120	886
120	897
120	913
121	219
121	278
121	293
121	343
121	404
121	491
121	544
121	618
121	644
121	694
121	789
121	817
122	193
122	253
122	304
122	318
122	377
122	404
122	407
122	414
122	447
122	477
122	495
122	778
122	809
122	820
122	923
123	262
123	342
123	474
123	498
123	928
123	956
124	165
124	293
124	459
124	520
124	559
124	650
125	280
125	309
125	392
125	450
125	527
125	709
125	776
125	858
125	895
126	151
126	162
126	219
126	318
126	322
126	425
126	488
126	540
126	918
126	969
126	974
128	141
128	321
128	476
128	571
128	669
128	757
128	992
130	178
130	269
130	481
130	668
130	909
130	965
132	177
132	298
132	485
132	564
132	684
132	687
132	811
132	863
133	211
133	332
133	351
133	369
133	396
133	534
133	631
133	838
134	286
134	300
134	471
134	497
134	504
134	554
134	915
134	941
135	184
135	185
135	263
135	301
135	321
135	337
135	401
135	532
135	577
135	660
135	698
135	771
136	308
136	571
136	591
136	595
136	702
136	725
136	732
136	741
137	332
137	431
137	511
137	542
137	594
137	851
138	310
138	555
138	586
138	679
138	781
138	838
138	900
139	159
139	200
139	304
139	553
139	569
139	576
139	614
139	695
139	702
139	763
139	842
139	871
139	961
139	985
140	249
140	255
140	700
140	912
141	254
141	301
141	381
141	410
141	430
141	434
141	469
141	483
141	545
141	584
141	833
141	987
142	217
142	240
142	302
142	319
142	416
142	564
142	810
142	881
143	249
143	665
143	669
143	705
143	879
144	158
144	363
144	434
144	471
144	730
144	804
144	833
144	863
145	205
145	294
145	322
145	553
145	556
145	573
145	610
145	655
145	875
145	970
145	972
146	300
146	667
146	668
146	728
147	163
147	175
147	231
148	337
148	656
148	698
148	730
148	752
148	762
148	894
149	293
149	410
149	561
149	598
149	795
149	803
149	901
150	514
151	518
151	520
151	561
151	603
151	649
151	780
151	901
152	213
152	214
152	219
152	253
152	275
152	287
152	316
152	341
152	441
152	632
152	636
152	694
152	803
152	809
153	168
153	241
153	245
153	265
153	302
153	318
153	400
153	417
153	492
153	542
153	560
153	606
153	663
153	714
153	827
153	940
154	159
154	308
154	549
154	551
154	606
154	749
154	786
154	841
154	898
156	259
156	313
156	411
156	426
156	475
156	574
156	781
156	913
156	936
157	316
157	317
157	342
157	361
157	374
157	407
157	414
157	459
157	511
157	573
157	610
157	890
157	972
158	166
158	233
158	304
158	645
158	649
158	686
158	696
158	817
158	880
158	941
159	215
159	392
159	462
159	635
159	666
159	736
159	761
159	858
159	934
159	961
160	299
161	171
161	768
161	900
161	923
162	240
162	293
162	393
162	406
162	485
162	520
162	540
162	605
162	687
162	704
162	800
162	806
162	910
162	947
163	165
163	214
163	343
163	393
163	416
163	489
163	520
163	546
163	623
163	645
163	684
163	687
163	950
163	955
163	987
164	217
164	301
164	366
164	437
164	698
164	879
164	980
165	287
165	427
165	687
165	729
165	800
165	940
165	953
166	234
166	286
166	292
166	348
166	352
166	416
166	433
166	470
166	481
166	645
166	682
166	767
166	799
166	953
167	254
167	269
167	312
167	338
167	375
167	381
167	532
167	616
167	758
167	822
167	837
167	850
168	222
168	252
168	446
168	475
168	553
168	569
168	635
168	647
168	739
168	767
168	901
169	238
169	332
169	786
169	854
170	306
170	404
170	812
170	834
170	875
170	903
170	918
170	953
170	963
170	972
171	414
171	498
172	568
173	501
173	516
173	578
173	768
173	851
174	238
174	255
174	499
174	673
174	705
174	893
174	922
175	251
175	544
175	637
175	859
175	930
176	208
176	310
176	408
176	431
176	655
176	729
176	763
176	895
176	928
177	242
177	294
177	341
177	343
177	400
177	506
177	688
177	777
177	810
177	860
177	984
178	223
178	349
178	375
178	379
179	201
179	216
179	389
179	709
179	907
179	960
180	196
180	214
180	427
180	520
180	575
180	618
180	793
180	806
180	817
180	848
180	856
180	947
180	953
181	422
181	692
181	788
181	842
181	924
181	936
182	225
182	259
182	309
182	403
182	515
182	749
182	883
182	934
183	438
183	734
184	261
184	307
184	312
184	484
184	643
184	646
184	779
184	863
184	892
184	908
184	931
184	993
185	235
185	290
185	413
185	467
185	689
185	698
185	808
185	822
185	833
185	932
185	949
186	244
186	312
186	743
186	793
186	833
186	883
186	887
187	251
187	320
187	438
187	623
187	947
188	488
188	491
188	623
189	191
189	216
189	527
189	639
189	724
189	726
189	852
189	858
191	397
191	708
192	231
192	550
192	609
192	618
192	802
193	302
193	318
193	414
193	422
193	492
193	653
193	703
193	812
193	878
193	928
194	380
194	667
194	910
195	415
195	418
195	718
195	724
195	742
195	753
195	765
195	855
195	973
195	979
196	285
196	352
196	495
196	623
196	678
196	799
196	811
196	813
196	983
198	240
198	286
198	294
198	384
198	658
198	678
198	685
198	688
198	731
198	951
199	274
199	427
199	436
199	445
199	554
199	796
199	840
199	918
199	950
199	983
200	356
200	452
200	507
200	671
200	722
200	736
200	741
200	753
200	810
200	979
200	984
201	389
201	958
202	238
202	277
202	480
202	767
202	830
202	858
202	878
202	929
202	934
204	220
204	234
204	261
204	290
204	320
204	356
204	546
204	782
204	783
204	794
204	855
204	879
204	990
205	208
205	245
205	274
205	310
205	325
205	376
205	383
205	405
205	426
205	526
205	553
205	692
205	739
205	760
205	805
205	829
205	942
206	859
207	262
207	299
207	362
207	529
208	273
208	295
208	411
208	692
208	693
208	763
208	834
208	838
209	272
209	478
209	507
209	631
209	810
209	829
209	925
209	997
210	269
210	302
210	437
210	668
210	698
210	743
210	765
210	818
210	822
210	855
210	860
210	902
211	594
211	611
211	695
211	712
211	854
211	893
211	899
211	961
212	677
212	792
213	299
213	500
213	636
213	645
213	750
213	806
213	953
213	974
214	250
214	470
214	505
214	554
214	678
214	795
215	309
215	373
215	450
215	515
215	585
215	675
215	707
215	766
215	843
215	886
215	977
215	995
216	278
216	332
216	464
216	535
216	585
216	898
217	290
217	366
217	463
217	650
217	743
217	984
218	262
218	273
218	304
218	459
218	708
218	994
219	240
219	485
219	598
219	608
219	654
219	813
220	381
220	471
220	656
220	733
220	743
220	861
221	270
221	305
221	577
221	591
221	624
221	758
221	876
221	885
222	230
222	356
222	376
222	427
222	455
222	554
222	558
222	564
222	653
222	714
222	729
222	803
222	817
222	829
222	863
223	380
223	683
223	733
223	828
223	837
223	861
223	917
224	256
225	452
225	635
225	682
225	736
225	788
225	863
225	882
225	913
225	934
226	557
227	361
227	664
227	858
227	869
228	277
228	327
228	563
228	681
229	420
229	606
229	693
229	899
230	239
230	245
230	287
230	400
230	710
230	756
230	940
230	963
231	287
231	644
231	649
231	920
232	275
232	292
232	312
232	360
232	384
232	433
232	789
232	832
232	888
232	944
232	984
232	987
233	243
233	248
233	321
233	335
233	403
233	425
233	464
233	492
233	507
233	542
233	589
233	613
233	623
233	777
233	796
233	811
233	952
233	970
234	376
234	684
234	727
234	728
234	840
234	906
234	921
235	290
235	298
235	329
235	330
235	380
235	434
235	597
235	715
235	804
235	837
235	847
235	915
235	998
236	350
236	380
236	391
236	395
236	406
236	429
236	485
236	502
236	612
236	711
237	331
237	407
237	890
237	958
238	311
238	369
238	480
238	527
238	724
239	265
239	395
239	435
239	687
239	796
239	944
240	250
240	285
240	302
240	319
240	427
240	587
240	650
240	844
240	875
240	955
241	248
241	465
241	531
241	553
241	570
241	574
241	617
241	767
241	834
241	842
241	854
241	896
241	936
242	406
242	410
242	605
242	683
243	285
243	526
243	538
243	613
243	727
243	756
243	807
243	888
244	307
244	311
244	349
244	381
244	393
244	437
244	566
244	646
244	670
244	682
244	712
244	730
244	766
244	783
244	833
244	931
245	325
245	420
245	739
245	748
245	776
245	928
246	338
246	416
246	463
246	467
246	545
246	743
246	799
246	822
246	837
246	855
246	909
247	265
247	284
247	305
247	335
247	376
247	418
247	599
247	696
247	832
248	335
248	372
248	383
248	462
248	617
248	739
248	767
248	829
248	832
248	848
248	952
248	963
248	977
249	700
249	702
249	732
249	754
249	757
249	818
249	821
250	274
250	312
250	348
250	351
250	393
250	564
250	645
250	658
250	704
250	806
250	840
250	850
250	866
250	876
250	903
250	950
251	260
251	994
252	402
252	403
252	422
252	446
252	462
252	492
252	654
252	714
252	739
252	863
252	961
252	977
252	985
252	995
253	275
253	422
253	487
253	500
253	703
253	767
254	277
254	384
254	463
254	554
254	565
254	681
254	682
254	746
254	758
255	256
255	311
255	355
255	434
255	521
255	592
255	879
255	943
255	986
256	328
256	482
256	617
256	669
256	702
256	737
256	741
256	824
256	839
258	432
258	551
258	620
258	666
258	905
258	929
258	934
259	270
259	457
259	464
259	522
259	666
259	675
259	712
259	741
259	742
259	793
259	801
259	867
259	872
259	886
259	967
259	984
259	996
260	283
260	368
260	380
260	502
260	566
260	711
260	747
260	835
260	856
261	269
261	272
261	286
261	430
261	733
261	761
261	783
261	921
261	931
261	998
262	299
262	560
262	978
263	290
263	328
263	355
263	592
263	595
264	379
264	463
264	532
264	732
264	754
264	959
265	455
265	464
265	465
265	602
265	617
265	681
265	725
265	739
265	760
265	767
265	811
265	814
265	829
265	843
265	848
265	854
265	863
265	911
265	924
265	970
266	418
266	456
266	549
266	625
266	719
266	744
266	749
266	810
266	905
267	647
267	708
267	873
267	972
268	363
268	821
268	885
269	582
269	730
269	824
269	828
269	833
269	861
269	886
269	935
269	987
270	272
270	307
270	308
270	384
270	393
270	405
270	492
270	675
270	696
270	850
270	886
270	921
270	940
271	533
271	543
272	383
272	444
272	448
272	624
272	653
272	688
272	741
272	766
272	814
272	846
272	882
272	936
273	313
273	377
273	397
273	403
273	579
273	679
273	768
273	788
273	812
273	942
274	292
274	294
274	681
274	702
274	725
274	741
274	778
274	783
274	876
274	880
274	881
274	984
275	306
275	361
275	395
275	459
275	598
275	644
275	694
275	803
275	950
275	953
276	412
276	434
276	493
276	499
276	719
276	929
276	992
277	401
277	746
278	297
278	399
278	555
278	604
278	679
278	798
278	851
279	432
279	625
279	662
279	690
279	707
279	719
279	736
279	741
279	744
279	784
279	862
280	397
280	415
280	664
280	679
280	693
280	709
281	438
281	530
281	790
281	825
283	991
284	397
284	763
284	781
284	788
284	882
284	924
284	967
285	286
285	344
285	381
285	410
285	427
285	505
285	554
285	685
285	806
285	955
286	287
286	484
286	495
286	507
286	512
286	520
286	688
286	698
286	793
286	877
286	897
287	304
287	436
287	593
287	612
287	867
287	952
287	972
288	339
288	524
288	649
288	825
289	499
289	551
289	620
289	926
290	497
290	704
290	828
290	846
291	625
291	922
291	981
292	323
292	433
292	469
292	564
292	645
292	646
292	765
292	777
292	881
292	921
292	931
292	979
293	319
293	322
293	472
293	505
293	546
293	684
293	728
293	826
294	302
294	310
294	382
294	575
294	645
294	811
295	348
295	361
295	400
295	404
295	477
295	653
295	708
295	788
295	806
295	809
295	820
295	834
295	972
296	487
296	491
296	500
296	612
296	637
296	919
296	978
297	516
297	599
298	300
298	395
298	406
298	793
298	819
298	866
298	949
298	951
299	559
299	644
299	750
299	945
300	319
300	523
300	668
301	752
302	341
302	345
302	348
302	554
302	564
302	696
302	739
302	756
302	767
302	901
304	331
304	441
304	465
304	518
304	573
304	579
304	647
304	776
304	796
304	809
304	820
304	823
304	888
305	433
305	519
305	750
305	782
305	793
305	837
305	855
305	987
306	342
306	441
306	518
306	694
306	778
306	950
307	323
307	373
307	393
307	422
307	423
307	484
307	645
307	675
307	725
307	727
307	736
307	753
307	765
307	841
307	850
307	881
308	328
308	418
308	448
308	682
308	843
308	997
309	351
309	392
309	590
309	893
309	911
309	934
310	403
310	407
310	446
310	518
310	555
310	589
310	625
310	696
310	735
310	755
310	801
310	829
310	913
311	327
311	437
311	476
311	660
311	824
311	957
312	478
312	807
312	811
312	833
312	844
312	860
312	921
313	372
313	414
313	466
313	579
313	589
313	696
313	755
313	820
313	834
313	878
314	347
314	639
314	735
314	858
315	450
315	576
315	585
315	664
315	695
315	724
315	827
315	893
315	907
315	911
315	924
316	474
316	550
316	644
316	923
316	952
317	407
317	511
317	561
317	641
317	814
317	936
318	516
318	606
318	717
319	505
319	523
319	710
319	731
319	795
319	944
320	471
320	591
320	744
320	811
320	885
320	959
321	363
321	413
321	434
321	548
321	660
321	743
321	814
321	908
322	423
322	518
322	561
322	658
322	696
322	844
322	918
322	941
322	953
322	974
323	742
323	765
323	799
323	877
323	886
323	909
323	984
323	987
325	556
325	599
325	707
325	807
325	820
325	848
325	928
326	338
326	715
326	752
326	804
326	942
327	580
327	737
328	698
328	839
328	935
329	380
329	990
330	359
330	381
330	732
330	733
330	743
330	847
330	870
330	932
331	556
331	677
331	792
331	946
332	446
332	647
333	652
334	996
335	360
335	410
335	443
335	492
335	635
335	646
335	663
335	687
335	691
335	724
335	812
335	955
335	970
336	420
336	691
336	745
336	907
337	660
337	700
337	752
337	980
338	496
338	575
338	686
338	906
339	391
339	502
339	723
339	819
339	966
340	373
340	514
340	569
340	673
340	690
340	981
341	400
341	450
341	455
341	459
341	573
341	739
341	755
341	756
341	803
341	928
342	377
342	447
342	827
343	395
343	678
343	721
343	742
343	793
343	805
343	832
343	944
343	988
344	356
344	469
344	488
344	522
344	540
344	600
344	782
344	805
344	813
344	857
344	876
344	881
345	352
345	391
345	423
345	605
345	678
345	685
345	704
345	731
345	766
345	944
346	379
346	439
346	566
346	661
346	689
346	836
347	960
348	411
348	423
348	492
348	564
348	617
348	766
348	955
349	532
349	541
349	627
349	719
349	980
350	504
350	587
350	906
350	968
350	989
351	418
351	456
351	528
351	590
351	640
351	725
351	739
351	821
351	892
351	931
351	943
351	957
352	502
352	523
352	602
352	659
352	701
352	710
352	721
352	856
353	628
354	633
354	748
354	946
355	592
356	402
356	424
356	478
356	522
356	611
356	741
356	746
356	765
356	826
356	838
356	861
356	877
356	886
356	959
359	525
359	668
360	402
360	417
360	425
360	511
360	556
360	727
360	763
360	767
360	788
360	805
360	940
360	942
360	984
360	995
361	414
361	424
361	441
361	447
361	691
361	776
361	809
361	820
361	948
361	972
363	650
363	669
363	680
363	689
363	782
363	861
364	671
364	751
365	392
365	398
365	625
365	893
365	924
366	453
366	471
366	680
367	520
367	623
368	513
368	775
369	396
372	403
372	407
372	411
372	417
372	648
372	767
372	854
372	897
372	924
372	936
372	977
373	387
373	396
373	673
373	784
374	550
374	699
374	703
374	778
374	940
375	381
375	552
375	562
375	566
375	613
375	743
375	877
375	885
375	980
376	395
376	422
376	462
376	488
376	553
376	558
376	589
376	653
376	696
376	880
376	941
376	955
377	573
377	610
377	677
377	776
377	778
377	933
377	972
378	577
378	592
378	732
378	839
378	973
378	980
379	562
380	686
380	794
380	819
380	844
381	416
381	469
381	710
381	733
381	828
381	829
381	917
382	416
382	423
382	520
382	540
382	554
382	678
382	766
382	953
382	983
383	522
383	615
383	724
383	731
383	858
383	897
383	944
383	970
383	977
384	403
384	464
384	478
384	522
384	685
384	725
384	739
384	826
384	872
384	881
384	941
386	409
387	398
387	614
387	625
387	744
387	786
387	858
389	770
389	864
391	485
391	799
391	856
392	494
392	611
392	666
392	709
392	736
392	924
392	927
393	506
393	526
393	638
393	646
393	730
393	739
393	811
393	855
393	943
393	997
394	572
394	618
394	966
395	410
395	478
395	506
395	526
395	590
395	598
395	729
395	806
396	437
396	499
396	981
397	415
397	594
397	695
397	709
397	898
398	611
398	651
398	736
398	815
399	626
399	709
400	446
400	564
400	600
400	602
400	654
400	789
400	812
400	953
400	963
401	521
401	625
401	638
401	887
401	892
402	527
402	553
402	635
402	640
402	755
402	803
402	815
402	863
402	911
402	977
403	506
403	599
403	653
403	717
403	803
404	414
404	455
404	516
404	610
404	787
404	928
405	418
405	594
405	722
405	842
405	970
405	985
406	523
406	565
406	600
406	605
406	650
406	660
406	684
406	723
406	856
406	866
406	877
407	589
407	860
407	875
408	786
408	815
409	483
409	859
410	612
410	636
410	685
410	687
410	805
410	919
410	955
411	448
411	475
411	579
411	610
411	635
411	709
411	717
411	776
411	925
412	473
412	551
412	625
413	437
413	457
413	595
413	627
413	759
413	808
414	477
414	928
415	527
415	606
415	815
416	481
416	617
416	645
416	650
416	710
416	741
416	800
416	826
416	844
416	931
417	462
417	494
417	515
417	576
417	651
417	832
417	944
418	469
418	528
418	590
418	716
418	814
418	892
418	988
419	457
419	582
419	627
419	669
419	757
419	855
420	432
420	542
420	612
420	707
420	786
420	838
420	985
421	494
421	586
421	699
421	923
421	972
422	489
422	590
422	653
422	714
422	767
422	788
422	800
422	805
422	811
422	832
422	872
422	925
422	974
423	460
423	471
423	650
423	696
423	793
423	813
423	906
423	949
423	955
424	447
424	465
424	477
424	531
424	589
424	653
424	767
424	778
424	820
424	842
424	920
424	925
425	427
425	447
425	606
425	610
425	749
425	913
425	940
426	450
426	709
426	864
426	936
426	977
427	485
427	488
427	520
427	623
427	866
427	950
429	438
429	523
429	711
429	990
430	517
430	741
430	774
431	594
431	610
431	677
431	895
431	899
431	923
431	936
431	975
432	473
432	957
432	981
433	777
433	844
433	931
433	959
434	448
434	476
434	638
434	643
434	646
434	661
434	702
434	712
434	725
434	810
434	843
434	863
434	896
434	931
434	943
435	487
435	501
435	544
435	559
435	636
435	867
436	588
436	636
436	817
436	867
436	920
437	596
437	630
437	643
437	727
437	885
437	887
438	947
439	503
439	577
439	627
439	765
440	652
441	459
441	699
441	873
441	920
441	928
442	889
443	766
443	796
443	832
443	875
443	936
443	970
444	484
444	600
444	645
444	710
444	721
444	799
444	857
444	984
444	987
445	505
445	775
445	825
446	492
446	556
446	576
446	693
446	707
446	763
446	805
447	654
447	717
447	770
447	806
447	832
447	834
447	851
447	936
448	624
448	712
448	722
448	753
448	810
448	921
449	835
449	983
449	989
450	535
450	606
450	611
450	634
450	695
450	829
450	832
450	875
450	913
450	975
450	995
451	927
451	958
452	456
452	466
452	569
452	690
452	892
452	893
452	899
452	911
452	985
452	993
453	771
453	828
454	835
454	837
454	889
454	915
455	542
455	590
455	756
455	767
455	848
455	888
456	508
456	528
456	749
456	943
456	988
457	526
457	744
457	943
457	970
457	988
459	781
459	806
459	809
459	963
459	974
460	471
460	675
460	716
460	753
460	765
460	779
460	833
460	894
460	988
461	486
461	495
461	501
461	644
461	825
461	969
462	579
462	599
462	610
462	681
462	718
462	925
462	985
463	674
463	713
464	471
464	526
464	590
464	682
464	712
464	777
464	805
464	880
465	589
465	640
465	647
465	767
465	805
465	826
465	875
465	896
465	903
465	963
465	985
466	676
466	912
466	961
467	680
467	837
467	917
467	998
469	497
469	522
469	526
469	564
469	613
469	616
469	643
469	646
469	683
469	844
469	877
470	565
470	613
470	658
470	678
470	777
470	799
470	919
470	950
470	955
470	966
471	484
471	552
471	779
471	824
471	883
471	932
471	949
472	701
472	729
472	989
473	634
473	797
474	560
474	795
474	923
475	516
475	579
475	691
475	692
475	738
475	827
475	888
475	913
476	478
476	517
476	519
476	563
476	615
476	759
477	557
477	694
477	767
477	928
477	948
477	972
478	526
478	646
478	739
478	741
478	761
478	765
478	832
478	838
478	844
478	872
478	886
479	937
479	968
480	553
480	664
481	649
481	684
481	813
481	816
481	866
481	880
481	906
481	990
482	528
482	627
482	992
483	575
483	587
483	701
483	731
483	989
483	994
484	682
484	743
484	765
484	793
484	811
484	848
484	872
484	925
484	984
485	502
485	523
485	587
485	658
486	518
486	637
486	706
486	880
486	969
487	505
487	903
487	974
487	976
488	520
488	587
488	602
488	605
488	645
488	649
488	685
488	721
488	796
488	806
488	866
488	953
489	506
489	546
489	564
489	688
489	756
489	799
489	807
489	811
489	813
489	881
489	987
490	771
491	867
491	948
491	950
492	613
492	647
492	722
492	921
492	979
493	509
493	592
493	628
493	759
494	527
494	574
494	635
494	651
494	760
494	896
494	975
495	608
495	636
495	955
495	976
495	983
496	771
496	915
496	932
497	545
497	566
497	582
497	650
497	685
497	696
497	813
497	870
498	913
498	948
499	514
499	620
500	588
500	637
500	653
502	523
502	587
502	866
502	909
502	974
503	517
503	541
503	732
504	540
504	587
504	600
504	723
504	816
504	947
505	540
505	554
505	767
505	919
506	799
506	807
506	942
506	959
507	646
507	712
507	722
507	793
507	810
507	897
507	899
507	911
507	931
508	515
508	519
508	675
508	737
508	824
508	846
508	892
508	929
508	988
510	616
510	617
510	729
510	796
510	860
510	953
510	983
511	542
511	748
511	886
512	816
512	906
515	531
515	569
515	594
515	611
515	722
515	736
515	749
515	850
515	886
515	905
515	970
516	560
516	677
516	679
516	772
517	582
517	894
517	980
518	550
518	694
518	696
518	756
518	809
518	941
519	532
519	580
519	624
519	651
519	996
520	668
520	684
521	591
521	669
522	531
522	675
522	714
522	718
522	863
522	882
522	892
522	997
523	685
523	769
523	816
524	764
525	730
526	558
526	564
526	613
526	624
526	675
526	695
526	712
526	766
526	782
526	941
527	574
527	709
527	899
527	924
528	638
528	643
528	681
528	783
530	968
531	571
531	594
531	617
531	718
531	727
531	760
531	766
531	841
531	843
531	879
531	925
531	988
532	715
532	833
532	883
535	570
535	622
535	634
535	714
535	841
535	842
536	550
536	634
536	712
536	749
536	786
536	882
536	911
538	756
538	795
538	803
540	685
540	701
540	955
540	966
540	989
540	991
541	627
541	643
541	665
541	737
541	757
542	556
542	653
542	654
542	755
542	801
542	956
542	983
543	916
543	939
544	608
544	618
544	688
544	699
545	739
545	765
545	877
545	883
545	987
546	684
546	688
546	758
546	811
546	813
546	855
548	643
548	719
548	725
548	737
548	741
548	876
548	880
548	887
548	931
548	944
548	996
549	615
549	863
549	929
549	935
549	957
550	622
550	708
551	999
552	689
552	715
552	808
553	648
553	707
553	796
553	803
553	838
553	896
553	899
554	587
554	812
554	903
554	976
555	772
555	875
555	888
555	942
555	975
556	589
556	590
556	654
556	801
556	838
556	854
556	924
557	641
557	792
557	900
557	923
558	686
558	739
558	741
558	777
558	829
558	832
558	882
558	888
558	943
558	963
559	602
559	717
559	740
560	694
560	708
560	809
560	952
561	644
561	655
561	755
561	812
561	860
561	901
561	945
561	948
561	983
562	917
563	670
563	676
563	916
563	986
564	575
564	613
564	623
564	658
564	793
564	795
564	950
564	959
565	683
565	688
565	710
565	758
565	765
565	840
565	876
566	721
566	847
566	949
567	614
567	671
567	724
567	926
569	571
569	718
569	722
569	841
569	843
569	892
569	893
569	934
569	979
569	995
570	594
570	639
570	864
570	936
571	638
571	689
571	716
571	718
571	737
571	765
571	786
571	939
571	996
573	581
573	598
573	695
573	717
573	755
573	897
573	924
574	585
574	692
574	781
574	820
574	961
575	600
575	727
575	941
576	647
576	693
576	707
576	739
576	760
576	781
576	854
576	878
576	888
577	590
577	670
577	705
577	855
577	973
578	604
579	586
579	589
579	653
579	691
580	885
580	892
580	986
581	655
581	697
581	928
583	671
583	858
584	885
584	909
584	935
584	998
585	611
585	651
585	724
585	784
585	893
585	895
586	851
586	900
587	659
587	678
587	866
587	932
587	966
587	994
588	603
588	632
588	636
588	696
588	948
589	653
589	760
589	820
589	827
589	832
589	882
589	940
589	970
590	643
590	682
590	712
590	725
590	766
590	807
590	814
590	857
590	863
590	872
590	886
590	888
591	615
591	643
591	689
591	765
591	879
591	886
592	822
593	609
593	812
594	611
594	640
594	692
594	716
594	899
595	732
595	752
595	754
595	759
595	836
595	861
595	986
596	617
596	638
596	725
596	753
596	843
596	893
596	905
597	668
597	713
597	816
598	644
598	653
598	659
598	755
598	803
598	923
599	639
599	648
599	675
599	854
599	913
599	934
599	961
600	623
600	757
600	800
600	885
601	821
601	839
602	605
602	848
602	950
602	963
602	983
603	612
603	632
603	636
603	637
603	644
603	810
603	873
603	974
603	994
605	637
605	723
605	800
605	811
605	888
605	906
606	693
606	695
606	724
606	736
606	834
606	838
606	854
606	936
606	977
607	915
608	644
608	729
608	806
608	952
608	978
609	785
609	945
610	648
610	693
610	801
610	878
610	899
610	955
611	622
611	666
611	690
611	842
612	637
612	649
612	685
612	813
612	923
612	983
613	646
613	727
613	803
613	805
613	807
613	810
613	817
613	888
614	638
614	911
615	627
615	638
615	749
615	830
615	843
615	973
615	993
616	650
616	651
616	812
616	813
616	881
616	959
617	689
617	714
617	718
617	727
617	813
617	872
617	876
617	896
617	901
617	925
618	974
619	744
619	999
620	719
620	926
621	873
621	930
621	933
621	978
622	639
622	786
622	864
622	975
623	684
624	662
624	733
624	749
624	783
624	810
624	814
624	857
624	877
624	883
624	886
625	719
627	630
627	681
628	737
628	754
629	636
629	701
629	884
631	695
631	722
631	967
633	641
633	703
633	738
633	792
634	640
634	736
634	786
634	858
634	869
634	927
634	934
634	961
635	675
635	814
635	841
635	882
635	893
635	925
635	967
636	789
637	723
638	702
638	716
638	757
638	783
639	841
639	964
640	646
640	666
640	985
641	768
641	792
641	948
641	972
643	660
643	783
643	833
643	840
643	846
644	687
644	963
644	969
645	710
645	715
645	729
645	779
645	814
645	877
645	880
645	955
646	722
646	727
646	746
646	749
646	753
646	793
646	833
646	843
646	861
646	876
646	932
647	714
647	788
647	834
647	854
648	739
648	801
648	851
648	955
649	994
650	881
650	909
651	712
651	718
651	907
651	934
653	654
653	755
653	776
653	788
653	812
653	878
654	707
654	717
654	750
654	806
654	827
654	834
654	878
654	963
655	923
656	917
656	980
657	699
658	721
658	951
659	721
660	818
660	833
661	811
661	885
662	714
662	719
662	766
662	810
662	875
662	931
662	973
663	765
663	796
663	897
664	786
664	869
665	894
666	784
666	786
666	868
666	899
667	825
668	686
668	856
668	915
669	700
669	783
669	818
669	980
669	992
670	744
670	836
670	887
670	935
671	842
672	819
673	997
675	725
675	739
675	829
675	896
675	924
675	925
676	929
677	679
677	907
678	763
678	878
678	903
679	815
679	890
679	972
680	771
680	810
680	828
680	865
680	982
681	716
681	722
681	737
681	741
681	746
681	749
681	957
681	973
681	993
682	714
682	742
682	765
682	810
682	818
682	931
682	987
683	686
683	753
683	758
683	783
683	881
683	949
684	866
684	990
685	813
686	828
686	906
687	955
688	743
688	799
688	856
688	931
688	983
689	705
689	733
689	758
689	804
689	850
689	857
689	870
689	951
690	912
690	922
691	772
692	714
692	724
692	820
692	893
692	895
692	896
693	709
693	806
693	834
693	896
693	913
693	995
694	717
694	867
695	763
695	810
695	832
695	907
695	934
695	977
696	796
696	807
696	878
696	897
696	928
697	948
698	757
698	818
698	837
698	861
698	882
698	931
700	705
700	943
701	866
701	991
702	705
702	746
702	814
702	818
702	993
703	778
703	798
703	854
703	948
705	715
705	833
706	789
707	841
707	975
708	748
708	803
708	952
708	970
709	895
710	742
710	800
710	805
710	811
710	876
710	887
710	903
710	984
710	987
711	756
711	866
711	915
712	719
712	722
712	882
712	985
713	743
713	847
713	865
714	760
714	826
714	829
714	925
714	941
714	970
714	995
715	935
716	980
716	996
717	782
717	809
717	920
718	749
718	810
718	814
718	832
718	841
718	842
718	843
718	905
719	841
719	929
719	985
721	865
721	866
721	944
721	950
722	739
722	742
722	886
722	988
722	995
722	997
724	725
724	786
724	829
724	934
724	961
724	988
724	997
725	766
725	844
725	996
727	848
727	850
727	876
727	901
729	817
729	875
729	901
729	918
729	953
730	733
732	739
732	752
732	759
732	836
733	846
733	856
733	861
733	908
733	932
736	893
736	967
737	757
737	793
737	818
737	992
739	896
739	985
741	837
741	934
741	944
742	801
742	848
742	881
742	931
742	941
742	949
743	822
743	879
743	909
743	932
744	749
744	761
744	841
744	957
746	766
746	886
746	887
746	997
749	905
750	788
750	928
751	852
752	774
752	998
753	783
753	855
753	882
754	757
755	776
755	809
755	827
755	882
755	920
756	901
756	940
756	963
756	974
757	779
757	788
757	814
757	912
758	782
758	813
758	855
758	857
758	861
758	876
758	932
758	992
759	839
759	861
759	887
760	809
760	820
760	832
760	841
760	843
760	851
760	896
761	814
761	892
761	929
763	768
763	801
763	913
765	782
765	855
765	915
765	921
765	996
766	799
766	961
766	984
767	940
767	974
767	997
768	772
768	792
769	966
771	805
771	836
772	815
774	821
776	809
776	834
776	860
776	928
776	940
776	972
776	978
777	860
777	959
777	963
778	944
779	808
779	877
779	881
781	890
782	811
782	840
782	909
782	984
782	987
784	831
786	842
787	913
788	995
789	809
793	811
793	840
793	850
793	857
793	888
794	816
794	837
794	906
794	909
795	919
795	941
796	901
797	868
799	813
799	856
800	824
800	856
800	866
800	983
801	896
801	936
801	940
803	809
803	972
804	822
804	870
804	883
804	935
805	848
805	875
805	882
805	903
806	945
806	974
806	991
807	848
807	872
807	903
808	836
808	855
808	949
810	886
810	892
810	997
811	840
811	861
811	876
811	881
811	932
812	883
813	847
813	987
814	857
814	921
815	820
815	897
815	913
816	906
817	848
817	867
817	942
818	949
818	959
818	980
820	907
821	980
821	983
822	885
822	982
824	833
825	989
826	963
826	985
827	854
827	940
828	949
829	890
830	912
830	979
831	922
831	954
832	972
833	877
833	881
833	883
833	908
834	972
837	931
840	876
840	903
840	984
840	987
841	848
841	959
842	869
842	907
842	913
842	997
843	872
843	882
843	886
843	961
843	985
846	876
848	901
850	863
851	924
852	890
852	927
854	925
854	940
854	970
854	984
854	995
855	872
855	993
856	866
857	881
857	919
860	976
860	984
863	876
863	979
865	910
867	974
867	987
867	994
868	896
870	894
872	944
872	979
875	878
875	921
875	936
875	944
876	921
876	951
876	959
877	984
879	887
879	993
880	919
881	931
881	932
881	983
882	979
883	997
884	989
885	894
886	986
887	908
887	957
888	984
892	993
895	924
896	995
897	903
897	925
897	941
897	944
898	907
899	967
899	981
901	919
901	953
903	925
903	944
905	907
905	912
905	929
905	957
905	967
906	909
907	975
910	915
911	934
911	997
912	957
912	986
913	975
914	945
916	939
918	963
918	991
919	950
923	948
924	931
924	936
924	961
925	940
925	977
928	948
928	977
929	973
929	992
931	959
934	943
935	998
941	995
942	953
942	963
943	949
943	982
944	955
944	961
944	979
944	984
948	952
950	955
951	966
952	956
953	974
957	993
961	985
966	994
969	991
970	977
979	995
982	990
986	992
