0	242
0	886
0	904
1	177
1	301
1	927
2	6
2	10
2	260
2	274
2	451
2	742
2	807
2	867
2	953
3	365
4	15
4	48
4	99
4	158
4	251
4	292
4	384
4	455
4	466
4	664
4	669
4	928
4	956
4	989
5	313
5	504
5	562
5	605
5	639
5	688
5	758
5	765
5	888
5	924
5	936
5	947
5	962
6	10
6	35
6	281
6	436
6	471
6	700
6	791
6	880
6	901
6	967
6	995
7	41
7	48
7	57
7	111
7	131
7	143
7	216
7	255
7	326
7	360
7	405
7	463
7	501
7	543
7	600
7	636
7	763
7	769
7	865
7	956
8	186
8	296
8	642
8	643
8	781
9	46
9	265
9	290
9	328
9	438
9	497
9	795
9	941
9	948
9	957
10	244
10	316
10	436
10	689
10	880
10	912
11	85
11	197
11	214
11	323
11	846
11	883
11	914
12	63
12	71
12	151
12	842
13	14
13	24
13	45
13	50
13	218
13	224
13	332
13	350
13	376
13	466
13	477
13	481
13	486
13	544
13	546
13	584
13	758
13	833
13	923
13	964
14	24
14	54
14	94
14	141
14	433
14	600
14	695
14	989
15	92
15	184
15	496
15	498
15	831
15	866
15	881
16	92
16	106
16	130
16	140
16	162
16	219
16	241
16	254
16	325
16	394
16	399
16	500
16	645
16	681
16	712
16	762
16	819
16	826
16	847
16	877
17	109
17	171
17	230
17	266
17	406
17	409
17	470
17	484
17	601
17	629
17	843
17	883
17	894
17	901
17	931
18	63
18	71
18	163
18	187
18	517
18	710
18	886
18	917
18	963
19	424
20	102
20	134
20	171
20	405
20	486
20	510
20	585
20	592
20	630
20	857
20	860
21	138
21	194
21	208
21	442
21	445
21	454
21	580
21	609
21	611
21	731
21	787
21	837
22	999
23	41
23	43
23	101
23	255
23	268
23	298
23	336
23	354
23	357
23	395
23	466
23	613
23	708
23	756
23	784
23	840
23	858
23	875
23	962
24	38
24	41
24	90
24	110
24	130
24	291
24	314
24	375
24	395
24	399
24	450
24	542
24	600
24	612
24	613
24	831
24	868
24	890
24	997
25	45
25	83
25	158
25	171
25	219
25	353
25	732
25	759
25	826
25	974
26	137
26	203
26	271
26	339
26	493
26	525
26	627
26	940
27	71
27	143
27	475
28	108
28	124
28	138
28	166
28	175
28	240
28	249
28	290
28	514
28	619
28	787
28	803
28	812
28	839
28	962
29	587
29	595
29	686
30	243
30	254
30	428
30	616
30	697
30	743
30	813
31	232
31	561
32	893
32	996
33	80
33	208
33	492
33	537
33	807
33	839
33	908
33	935
33	956
34	39
34	141
34	224
34	290
34	310
34	687
34	695
34	712
34	832
34	868
35	107
35	115
35	290
35	330
35	354
35	398
35	438
35	454
35	995
36	115
36	186
36	257
36	348
36	497
37	50
37	77
37	140
37	154
37	256
37	259
37	325
37	455
37	498
37	687
37	826
37	831
37	877
37	929
37	939
37	961
37	989
38	41
38	183
38	284
38	377
38	445
38	865
38	894
39	42
39	73
39	110
39	167
39	266
39	309
39	594
39	600
39	601
39	653
39	783
39	798
39	845
39	865
39	895
39	955
40	214
40	553
40	554
40	751
40	940
40	945
41	52
41	248
41	332
41	357
41	538
41	542
41	546
41	612
41	613
41	620
41	650
41	696
41	740
41	776
41	832
41	910
41	993
42	83
42	94
42	106
42	131
42	433
42	490
42	596
42	634
42	826
42	857
42	883
42	961
43	245
43	258
43	272
43	298
43	460
43	514
43	629
43	931
43	942
44	326
44	351
44	483
44	494
44	590
45	130
45	224
45	325
45	466
45	634
45	755
45	826
45	886
45	943
45	963
46	226
46	234
46	478
46	727
46	728
46	935
46	947
46	952
46	972
47	102
47	126
47	141
47	151
47	171
47	475
47	542
47	546
47	584
47	625
47	732
47	888
48	83
48	94
48	154
48	224
48	259
48	292
48	327
48	498
48	570
48	669
48	685
48	761
48	770
48	846
48	857
48	989
49	130
49	218
49	375
49	453
49	544
49	572
49	584
49	694
49	729
49	800
49	832
49	839
49	924
49	990
50	139
50	140
50	241
50	372
50	390
50	406
50	450
50	459
50	530
50	769
50	789
50	821
50	883
50	922
51	124
51	161
51	700
51	850
52	176
52	225
52	229
52	272
52	370
52	435
52	458
52	799
53	200
53	255
53	288
53	375
53	401
53	460
53	507
53	600
53	609
53	619
53	672
53	696
53	762
53	763
53	851
53	858
53	906
53	966
54	77
54	133
54	326
54	347
54	446
54	753
54	826
55	375
55	392
55	482
55	572
55	597
55	619
55	632
55	933
56	58
56	84
56	144
56	169
56	197
56	209
56	234
56	249
56	333
56	357
56	457
56	559
56	670
56	749
56	945
57	94
57	108
57	113
57	167
57	215
57	238
57	380
57	484
57	488
57	495
57	507
57	621
57	858
57	911
57	941
58	199
58	369
58	489
58	651
58	747
59	105
59	287
59	369
59	379
59	785
59	788
59	809
59	813
59	846
60	110
60	170
60	678
60	891
60	992
61	132
61	217
61	388
61	559
61	715
61	959
62	77
62	105
62	231
62	243
62	391
62	510
62	546
62	664
62	744
62	754
62	757
62	759
62	897
63	165
63	644
63	646
63	693
63	729
64	380
64	602
64	773
64	796
64	858
64	885
65	524
65	547
66	193
66	243
66	344
66	666
66	737
66	742
67	116
67	211
67	260
67	345
67	427
67	679
67	717
68	93
68	103
68	472
68	665
68	848
68	855
68	933
69	119
69	186
69	328
69	374
69	580
69	738
69	792
70	80
70	167
70	207
70	240
70	290
70	340
70	375
70	427
70	461
70	514
70	538
70	629
70	749
70	784
70	957
71	165
71	706
72	506
72	566
72	771
72	995
73	405
73	470
73	557
73	653
73	656
73	674
73	938
74	178
74	197
74	297
74	415
74	714
74	871
74	914
74	921
74	999
75	82
75	163
75	283
75	480
75	508
75	564
75	618
75	695
75	918
76	147
76	166
76	201
76	342
76	354
76	420
76	566
76	807
76	912
76	941
76	953
76	973
77	96
77	264
77	372
77	455
77	486
77	585
77	673
78	101
78	182
78	201
78	230
78	234
78	336
78	343
78	381
78	419
78	427
78	429
78	463
78	493
78	577
78	783
78	795
78	855
79	187
79	326
79	442
79	646
79	740
79	916
80	240
80	281
80	290
80	484
80	514
80	516
80	722
80	819
80	839
80	858
80	880
80	986
81	994
82	165
82	228
82	242
82	416
82	625
82	646
82	685
82	758
82	963
83	182
83	259
83	453
83	466
83	492
83	568
83	603
83	719
83	721
83	770
83	923
83	977
84	244
84	262
84	464
84	506
84	514
84	633
84	807
84	846
84	953
84	998
85	91
85	137
85	189
85	278
85	343
85	349
85	516
85	549
85	568
85	641
85	845
86	384
86	453
86	459
86	564
86	984
87	101
87	166
87	201
87	283
87	310
87	382
87	387
87	429
87	629
87	722
87	845
87	850
87	938
87	948
87	966
88	90
88	144
88	333
88	360
88	374
88	382
88	522
88	628
88	650
88	670
88	731
88	865
88	945
88	970
89	710
90	101
90	178
90	479
90	482
90	507
90	549
90	606
90	650
90	696
90	731
90	783
90	849
90	879
90	923
90	931
90	960
90	966
91	250
91	465
91	583
91	609
91	651
91	717
91	751
91	866
91	948
92	110
92	162
92	215
92	318
92	394
92	530
92	674
92	679
92	734
92	923
92	955
92	956
93	125
93	512
93	621
93	642
93	784
93	823
93	848
93	855
93	912
94	140
94	259
94	318
94	325
94	392
94	407
94	466
94	603
94	675
94	687
94	708
94	721
94	868
94	890
96	184
96	220
96	230
96	266
96	329
96	406
96	452
96	530
96	532
96	585
96	603
96	656
96	674
96	827
96	831
96	934
97	988
98	307
98	403
99	228
99	243
99	292
99	318
99	433
99	492
99	564
99	603
99	668
99	721
99	732
99	761
100	267
100	563
100	771
101	234
101	247
101	262
101	273
101	288
101	349
101	357
101	376
101	460
101	482
101	484
101	501
101	625
101	696
101	788
101	790
101	832
101	845
101	868
101	883
101	909
101	923
101	938
101	980
102	256
102	325
102	447
102	734
102	981
103	540
103	838
103	856
104	297
104	303
104	519
104	536
104	555
104	623
104	627
104	692
104	905
105	152
105	707
105	742
105	754
105	830
105	853
106	162
106	218
106	241
106	350
106	569
106	606
106	618
106	681
106	684
106	918
106	931
108	127
108	142
108	196
108	215
108	350
108	416
108	458
108	475
108	484
108	557
108	593
108	618
108	648
108	858
108	888
108	906
108	993
109	220
109	235
109	262
109	287
109	315
109	359
109	369
109	411
109	412
109	450
109	565
109	577
109	662
109	667
109	742
109	846
109	900
109	909
109	910
109	977
109	983
110	114
110	139
110	202
110	266
110	320
110	455
110	459
110	500
110	696
110	938
111	120
111	162
111	169
111	315
111	433
111	447
111	501
111	544
111	605
111	625
111	708
111	740
111	756
111	777
111	780
111	839
111	956
111	970
111	980
112	738
112	808
112	823
113	229
113	272
113	291
113	298
113	392
113	618
113	682
113	763
113	800
113	854
113	882
113	972
113	986
114	336
114	343
114	345
114	420
114	596
114	682
114	731
114	773
114	850
114	940
114	957
114	973
114	987
115	128
115	129
115	302
115	491
115	580
115	727
115	913
116	189
116	230
116	457
116	528
117	384
117	526
117	614
117	814
118	561
118	590
119	200
119	362
119	375
119	461
119	514
119	593
119	641
119	672
119	695
119	795
119	973
119	986
120	271
120	499
120	615
120	711
120	817
120	901
121	152
121	243
121	452
121	666
121	704
121	827
121	831
121	996
122	824
122	968
123	366
123	451
123	478
123	663
124	328
124	581
124	775
125	168
125	362
125	834
126	431
126	490
126	685
126	829
126	899
127	159
127	239
127	783
127	886
127	917
128	129
128	503
128	511
128	597
128	609
128	688
128	727
128	729
128	816
128	972
129	348
129	491
129	520
129	543
130	218
130	292
130	313
130	326
130	382
130	410
130	477
130	498
130	499
130	584
130	648
130	681
130	685
130	732
130	770
130	888
130	918
130	959
130	986
131	136
131	138
131	175
131	282
131	298
131	482
131	546
131	549
131	568
131	581
131	609
131	618
131	647
131	648
131	733
131	740
131	762
131	770
131	819
131	849
131	938
131	948
131	976
132	144
132	249
132	333
132	451
132	499
132	578
132	606
132	794
132	908
132	970
133	212
133	494
133	524
133	564
133	585
133	745
133	916
134	171
134	230
134	279
134	432
134	536
134	553
134	569
134	628
134	631
134	647
134	846
134	861
134	895
134	910
135	244
135	250
135	358
135	436
135	774
135	867
136	217
136	320
136	538
136	568
136	651
136	662
136	709
136	715
136	772
136	900
136	940
136	991
137	178
137	300
137	565
137	751
137	762
138	169
138	200
138	265
138	273
138	377
138	422
138	478
138	497
138	513
138	593
138	775
138	803
138	938
138	960
139	182
139	235
139	243
139	378
139	585
139	964
139	974
140	179
140	332
140	443
140	453
140	480
140	515
140	557
140	653
140	732
140	821
140	875
140	877
140	888
140	974
141	154
141	162
141	466
141	521
141	596
141	600
141	675
141	677
141	770
141	868
142	234
142	248
142	392
142	488
142	508
142	657
142	858
142	923
142	943
142	997
143	175
143	220
143	256
143	313
143	320
143	381
143	447
143	612
143	629
143	641
143	865
143	890
143	934
144	207
144	333
144	376
144	438
144	537
144	538
144	727
144	733
144	775
144	879
144	962
144	966
145	465
145	595
145	810
145	996
146	169
146	454
147	445
147	549
147	602
147	611
147	692
147	887
147	912
148	308
149	259
149	305
149	456
149	459
149	548
149	585
149	831
149	857
150	545
150	919
151	187
151	224
151	326
151	384
151	687
151	694
151	755
151	786
151	789
151	974
152	177
152	220
152	424
152	439
152	754
152	852
153	236
153	509
153	683
153	828
153	921
154	171
154	376
154	447
154	455
154	490
154	532
154	668
154	685
154	719
154	770
154	919
154	964
155	370
155	517
155	635
155	773
155	801
155	838
155	842
156	315
156	369
156	554
156	558
156	565
156	594
156	615
156	667
156	785
156	846
156	977
157	373
157	483
158	220
158	390
158	530
158	675
158	719
158	919
158	929
159	296
159	386
159	463
159	508
159	572
159	618
159	632
159	682
159	684
159	777
159	812
159	829
159	979
160	448
160	548
160	630
160	826
160	889
162	216
162	231
162	250
162	333
162	336
162	340
162	359
162	376
162	390
162	479
162	612
162	636
162	734
162	756
162	815
162	849
162	883
162	938
162	955
163	291
163	442
163	446
163	462
163	486
163	618
163	684
163	855
163	882
163	953
165	277
165	370
165	706
165	886
166	201
166	208
166	226
166	359
166	362
166	460
166	471
166	568
166	628
166	722
166	790
166	807
166	849
166	880
166	908
167	247
167	376
167	407
167	416
167	495
167	501
167	602
167	708
167	763
167	832
167	962
167	990
168	257
168	550
168	834
169	258
169	268
169	278
169	320
169	339
169	360
169	463
169	522
169	549
169	583
169	588
169	625
169	762
169	775
169	793
169	839
169	948
169	980
170	209
170	274
170	300
170	368
170	457
170	493
170	631
170	678
170	683
170	992
170	998
171	216
171	241
171	266
171	413
171	450
171	460
171	538
171	583
171	618
171	667
171	780
171	870
171	876
171	895
171	897
172	281
172	352
172	562
172	642
172	672
172	682
172	738
172	781
172	947
173	680
173	703
174	374
174	449
174	689
175	333
175	377
175	412
175	503
175	609
175	777
176	228
176	508
176	659
176	688
176	695
176	763
176	774
176	801
176	812
176	911
176	916
177	344
177	690
177	759
178	263
178	309
178	335
179	252
179	286
179	573
179	719
179	926
180	207
180	274
180	624
180	700
180	791
181	255
181	257
181	328
181	454
181	533
181	649
181	672
181	816
181	841
182	292
182	557
182	603
182	636
182	857
182	868
182	890
182	926
183	203
183	210
183	336
183	460
183	607
183	641
183	849
184	220
184	221
184	327
184	443
184	447
184	530
184	532
184	539
184	674
184	778
184	809
184	821
184	830
184	852
184	883
185	247
185	382
185	413
185	479
185	501
185	542
185	596
185	651
185	708
185	756
185	776
185	849
185	865
185	875
185	894
185	909
185	940
186	290
186	402
186	438
186	474
186	602
186	642
186	738
186	781
186	792
186	837
186	947
187	326
187	888
187	916
187	918
188	299
188	725
188	873
188	988
189	222
189	388
189	583
189	631
189	636
189	717
189	830
189	836
189	875
190	193
190	305
190	390
190	432
190	443
190	565
190	747
190	944
190	977
191	994
192	410
192	449
192	580
192	765
192	834
193	303
193	734
193	809
193	914
194	333
194	388
194	780
194	935
195	352
195	495
195	597
195	603
195	660
195	735
195	784
195	812
195	841
196	328
196	398
196	454
196	741
197	300
197	457
197	709
197	743
197	992
198	279
198	305
198	369
198	390
198	778
198	843
199	303
199	576
199	851
199	915
199	992
200	208
200	240
200	316
200	374
200	398
200	422
200	593
200	639
200	700
200	880
201	234
201	244
201	247
201	260
201	323
201	433
201	460
201	463
201	464
201	482
201	653
201	832
201	879
201	906
201	941
201	952
201	987
202	290
202	298
202	332
202	387
202	514
202	609
202	650
202	655
202	700
202	777
202	923
202	948
203	250
203	300
203	331
203	625
203	791
203	866
203	921
205	418
205	465
205	707
205	900
206	295
206	509
206	624
206	794
207	692
207	952
208	358
208	401
208	600
208	647
208	807
208	908
209	331
209	339
209	467
209	493
209	748
209	905
209	991
210	284
210	395
210	596
210	606
210	617
210	629
210	662
210	734
210	797
210	845
210	847
210	900
210	921
211	420
211	426
211	437
211	607
211	772
212	280
212	535
212	757
212	768
214	287
214	678
214	869
215	298
215	375
216	241
216	254
216	310
216	399
216	447
216	484
216	625
216	734
216	763
216	770
216	779
216	798
216	943
217	426
217	581
217	639
217	670
217	772
217	887
217	945
218	453
218	458
218	603
218	613
218	679
218	708
218	875
218	881
218	895
219	455
219	551
219	557
219	594
219	637
219	648
219	668
219	877
219	910
220	312
220	381
220	719
220	826
220	895
221	317
221	623
222	329
222	344
222	390
222	536
222	671
222	743
222	785
222	845
222	870
222	914
223	250
223	260
223	583
223	634
223	815
224	393
224	477
224	517
224	709
224	826
224	888
224	909
225	380
225	423
225	645
225	659
225	799
225	801
225	936
226	273
226	336
226	338
226	352
226	377
226	488
226	511
226	600
226	608
226	655
226	688
226	777
226	783
226	799
226	858
226	960
226	986
227	307
228	283
228	367
228	833
228	989
229	377
229	392
229	435
229	591
229	632
229	655
229	688
229	812
229	916
230	279
230	354
230	422
230	452
230	558
230	641
230	788
230	789
230	846
230	865
230	868
230	883
230	895
230	910
230	997
231	259
231	353
231	542
231	601
231	653
231	793
231	865
231	909
232	393
232	403
232	573
232	971
232	984
233	275
234	422
234	442
234	455
234	463
234	500
234	593
234	602
234	650
234	717
234	727
234	938
235	305
235	558
235	778
235	869
235	919
235	982
236	334
236	487
236	559
237	313
237	320
237	425
237	609
237	655
237	854
237	858
237	963
237	990
238	258
238	288
238	347
238	376
238	774
238	882
239	272
239	529
239	582
239	593
239	597
239	968
240	272
240	288
240	298
240	376
240	461
240	478
240	495
240	543
240	597
240	684
240	774
240	799
240	803
241	266
241	443
241	675
241	734
241	798
241	825
241	895
241	997
242	706
242	990
243	424
243	673
243	754
243	769
244	316
244	333
244	358
244	437
244	482
244	621
244	749
244	828
244	850
245	262
245	377
245	503
245	672
245	682
245	749
245	855
246	526
246	590
246	786
246	892
247	359
247	395
247	461
247	482
247	500
247	542
247	596
247	618
247	628
247	653
247	762
247	776
247	783
247	798
247	847
247	875
247	895
248	250
248	381
248	501
248	594
248	612
248	748
249	278
249	331
249	415
249	426
249	633
249	647
249	731
249	780
249	828
249	898
249	958
249	991
249	998
250	275
250	353
250	429
250	442
250	450
250	492
250	625
250	662
250	678
250	679
250	742
250	779
250	815
250	860
250	861
250	894
251	292
251	325
251	350
251	354
251	407
251	447
251	456
251	492
251	500
251	603
251	655
251	719
251	732
251	770
251	821
251	888
251	890
251	955
251	962
252	264
252	744
253	279
253	432
253	439
253	459
253	585
253	594
253	996
254	344
254	409
254	470
254	554
254	558
254	671
254	821
254	944
255	278
255	282
255	332
255	343
255	478
255	501
255	740
255	763
255	776
255	936
255	938
255	968
256	263
256	390
256	405
256	432
256	671
256	704
256	778
256	825
256	865
256	875
256	881
256	883
256	900
256	929
257	270
257	461
257	643
258	268
258	340
258	377
258	407
258	425
258	464
258	658
258	741
258	776
258	777
258	800
258	812
258	888
259	279
259	490
259	500
259	634
259	789
259	918
259	982
260	262
260	316
260	345
260	458
260	772
260	891
261	583
262	284
262	288
262	342
262	343
262	353
262	359
262	387
262	607
262	641
262	731
262	762
262	980
262	991
263	576
263	905
263	983
264	307
264	390
264	448
265	328
265	374
265	402
265	700
265	760
265	988
266	318
266	455
266	498
266	696
266	748
266	759
266	788
266	800
266	815
266	827
266	846
267	794
267	874
267	903
268	293
268	298
268	376
268	412
268	422
268	476
268	499
268	514
268	542
268	568
268	581
268	636
268	708
268	717
268	783
268	843
268	913
268	955
270	328
270	766
271	300
271	536
271	742
272	376
272	445
272	619
272	632
272	658
272	672
272	749
272	793
272	834
272	937
272	960
273	342
273	364
273	790
273	807
273	819
273	880
274	333
274	358
274	426
274	509
274	578
274	650
274	673
274	683
274	713
274	715
274	804
274	945
275	451
275	519
275	553
275	581
275	714
275	835
276	307
276	916
277	367
277	693
277	917
277	943
278	339
278	343
278	353
278	427
278	493
278	549
278	751
278	832
278	875
278	887
278	910
278	930
279	390
279	625
279	637
279	673
279	674
279	770
279	788
279	789
279	881
279	929
279	961
280	318
280	500
280	551
280	570
280	592
280	610
280	926
280	971
281	356
281	422
281	461
281	643
281	925
282	284
282	293
282	336
282	345
282	357
282	374
282	609
282	613
282	692
282	696
282	727
282	733
282	763
282	779
282	819
282	882
282	979
283	515
283	526
283	729
283	770
283	888
283	917
283	979
284	388
284	395
284	401
284	419
284	482
284	514
284	543
284	613
284	651
284	727
284	762
284	837
284	850
284	858
284	875
284	970
285	567
286	536
286	573
286	699
286	719
287	382
287	554
287	631
287	704
287	817
287	851
288	310
288	376
288	516
288	597
288	721
288	777
289	555
289	623
289	697
289	804
290	364
290	401
290	612
290	777
290	819
290	908
290	913
290	936
291	340
291	410
291	425
291	521
291	526
291	538
291	584
291	593
291	696
291	729
291	768
291	886
292	515
292	570
292	732
292	974
292	989
293	419
293	464
293	507
293	516
293	596
293	606
293	617
293	628
293	667
293	675
293	696
293	879
293	935
295	366
295	506
295	563
296	356
296	375
296	488
296	491
296	947
296	963
297	300
297	306
297	312
297	555
297	623
297	940
298	342
298	362
298	549
298	605
298	619
298	758
298	938
299	518
299	920
300	309
301	372
302	660
302	796
302	808
302	904
302	947
303	498
303	577
303	667
303	697
303	785
303	869
303	983
304	520
304	925
305	327
305	432
305	527
305	532
306	493
306	678
306	714
306	940
308	321
308	325
308	532
309	368
309	379
309	468
309	992
310	314
310	332
310	390
310	394
310	433
310	470
310	484
310	931
311	348
312	443
312	704
312	707
313	410
313	488
313	572
313	729
313	773
313	774
313	924
314	326
314	459
314	466
314	492
314	503
314	635
314	721
314	740
314	880
314	900
315	450
315	557
315	594
315	662
315	870
315	914
315	931
315	977
316	333
316	376
316	447
316	611
316	650
316	651
316	696
316	912
316	941
318	394
318	443
318	494
318	934
320	325
320	350
320	357
320	429
320	455
320	459
320	634
320	669
320	708
320	765
320	777
320	877
321	927
322	431
322	480
322	524
322	545
322	564
322	753
322	872
322	961
323	450
323	553
323	554
323	687
323	742
323	845
323	900
324	371
325	675
326	529
326	564
326	712
326	753
326	989
327	333
327	405
327	656
327	721
327	826
327	982
328	374
328	781
328	808
328	960
329	381
329	501
329	542
329	704
329	778
329	798
329	883
329	910
331	336
331	457
331	578
331	697
331	711
331	921
332	475
332	541
332	577
332	596
332	650
332	681
332	770
332	840
332	924
333	343
333	345
333	358
333	537
333	647
333	650
333	662
333	731
333	751
333	887
333	948
333	991
334	365
335	368
335	385
335	536
335	615
335	714
335	930
336	359
336	442
336	525
336	568
336	588
336	629
336	653
336	731
336	850
336	923
338	352
338	620
338	632
338	688
338	774
338	803
338	816
338	888
338	904
338	925
338	936
338	988
339	345
339	387
339	457
339	473
339	578
339	692
339	890
340	514
340	529
340	602
340	605
340	758
340	765
340	784
341	493
341	683
341	849
341	953
341	998
342	343
342	420
342	464
342	628
342	663
342	733
342	828
343	419
343	514
343	628
343	651
343	662
343	731
343	763
343	883
343	948
344	489
344	500
344	615
344	778
344	830
345	360
345	364
345	388
345	549
345	601
345	606
345	617
345	762
345	840
346	474
346	622
346	626
347	350
347	378
347	442
347	456
347	538
347	788
347	982
348	766
349	383
349	398
349	412
349	473
349	479
349	499
349	525
349	591
349	615
349	653
349	840
349	849
349	879
349	943
349	948
350	625
350	684
350	918
351	505
351	710
351	712
352	423
352	682
352	735
352	765
352	776
352	796
352	878
352	906
353	369
353	383
353	409
353	473
353	568
353	813
353	815
353	996
354	359
354	387
354	399
354	419
354	565
354	625
354	662
354	721
354	793
354	840
354	854
354	923
355	494
355	526
355	570
356	522
356	739
356	936
357	429
357	460
357	549
357	596
357	600
357	625
357	708
357	712
357	849
357	948
358	401
358	581
358	606
358	692
358	713
358	938
358	945
358	952
359	362
359	383
359	460
359	539
359	749
359	908
360	427
360	454
360	633
360	807
360	845
360	849
360	887
360	901
360	991
361	859
361	920
361	978
362	386
362	478
362	486
362	488
362	609
362	619
362	731
362	790
362	882
362	906
364	422
364	987
365	661
365	975
366	504
366	513
366	599
366	771
366	791
367	597
367	645
367	684
367	724
368	797
369	409
369	450
369	667
369	671
369	976
370	387
370	414
370	416
370	425
370	462
370	600
370	635
370	767
370	855
370	979
371	487
372	686
372	718
372	852
373	414
373	710
374	398
374	436
374	445
374	760
374	841
374	898
375	376
375	593
375	611
375	629
375	783
375	837
376	422
376	600
376	619
376	639
376	695
376	783
376	962
377	584
377	593
377	602
377	612
377	632
377	657
377	783
377	839
377	858
377	875
378	466
378	546
378	600
378	634
378	648
378	681
378	744
378	857
378	882
378	931
378	949
379	583
379	870
379	921
379	992
380	522
380	646
380	659
380	689
381	395
381	479
381	629
381	679
381	812
381	843
381	860
381	861
382	442
382	460
382	486
382	507
382	569
382	696
382	731
383	413
383	578
383	662
383	717
384	515
384	573
384	610
384	755
384	978
384	984
385	705
386	508
386	605
386	655
386	682
386	800
386	878
387	482
387	639
387	727
387	850
387	875
387	879
387	880
387	987
388	467
388	516
388	606
388	762
388	772
388	879
388	948
390	453
390	470
390	498
390	507
390	653
390	708
390	745
390	769
390	778
390	785
391	443
391	753
391	963
392	591
393	655
393	943
394	459
394	484
394	492
394	618
394	625
394	712
394	759
394	868
394	961
395	479
395	499
395	525
395	568
395	596
395	748
395	770
395	793
395	821
395	849
395	916
395	977
396	583
396	678
396	828
397	518
397	689
397	724
397	736
397	773
397	838
397	917
398	438
398	445
398	511
398	549
398	660
398	760
398	774
398	882
398	966
399	412
399	484
399	492
399	498
399	594
399	629
399	681
399	734
399	748
399	759
399	980
401	445
401	467
401	525
401	606
401	749
401	880
401	908
401	938
403	560
403	630
403	872
403	984
404	489
404	778
404	813
405	470
405	496
405	532
405	558
405	585
405	592
405	637
405	656
405	881
405	964
405	982
406	637
406	679
406	789
406	881
406	894
406	901
406	922
406	976
407	544
407	605
407	613
407	858
407	918
407	960
408	441
409	413
409	429
409	615
409	634
409	704
409	898
410	433
410	476
410	481
410	572
410	635
410	658
410	834
410	878
410	911
410	963
410	972
411	412
411	450
411	568
411	577
411	778
411	779
411	881
411	900
412	433
412	460
412	500
412	507
412	549
412	650
412	759
412	821
412	865
412	883
412	931
412	980
412	997
413	486
413	498
413	507
413	663
413	679
413	696
413	776
413	821
413	847
413	860
413	895
413	907
414	453
414	706
414	978
415	607
415	713
415	867
415	901
415	998
416	481
416	508
416	680
417	437
417	749
418	813
419	507
419	629
419	731
419	970
420	471
420	663
420	832
420	953
422	482
422	591
422	613
422	800
422	803
422	882
422	956
422	962
422	987
423	472
423	522
423	584
423	609
423	659
423	812
423	855
423	962
424	530
424	821
425	924
425	963
425	990
426	537
426	959
427	482
427	514
427	562
427	620
427	731
427	733
427	861
427	912
427	995
428	536
428	616
428	759
429	525
429	651
429	662
429	711
429	748
429	828
429	847
429	849
429	869
429	883
429	894
429	900
430	582
432	532
432	551
432	558
432	690
432	843
433	453
433	482
433	613
433	648
433	695
433	729
433	740
433	924
433	938
435	495
435	582
435	728
435	774
435	800
435	829
435	988
436	478
436	485
436	504
436	543
437	559
437	698
437	891
438	620
438	781
438	790
439	527
439	532
439	673
439	694
439	877
440	626
440	644
442	501
442	503
442	727
442	798
443	557
443	674
443	843
443	939
443	982
445	478
445	774
445	906
445	908
446	475
446	768
447	538
447	542
447	636
447	675
447	821
447	831
447	883
447	895
447	901
448	535
448	603
448	761
448	906
449	485
449	520
449	808
449	816
449	858
449	954
450	641
450	691
450	742
450	785
450	846
450	900
450	977
452	905
452	961
453	592
453	603
453	610
453	634
453	675
453	916
453	978
454	504
454	566
454	649
454	787
455	500
455	539
455	561
455	585
455	600
455	759
455	831
455	875
455	961
456	605
456	616
456	821
456	895
456	934
456	955
457	493
457	559
457	657
457	691
457	717
457	804
457	940
458	484
458	542
458	612
458	740
458	800
458	812
458	858
458	943
459	561
459	656
459	664
459	677
459	982
460	463
460	484
460	568
460	748
460	798
460	819
460	850
460	923
460	934
461	790
461	837
462	574
462	729
462	767
462	834
462	838
462	993
463	562
463	618
463	662
463	783
464	513
464	514
464	537
464	636
464	663
464	731
464	749
464	795
464	805
464	948
464	970
465	686
465	813
465	851
465	905
465	965
465	983
466	486
466	490
466	510
466	544
466	609
466	868
466	955
466	976
466	978
466	979
467	516
467	539
467	629
467	631
467	641
467	656
467	711
467	742
467	788
467	821
467	825
467	861
467	901
469	598
470	532
470	788
470	922
470	976
471	692
472	474
472	767
472	848
472	917
473	479
473	493
473	553
473	631
473	711
473	756
473	780
473	869
473	894
473	940
474	626
474	689
474	728
474	913
475	481
475	645
475	646
475	842
475	878
476	541
476	632
476	645
476	784
476	800
476	801
476	812
476	918
476	924
476	978
477	669
477	695
477	892
477	949
477	989
478	591
478	639
478	756
478	790
478	792
478	803
479	850
479	875
480	490
480	515
480	669
480	699
480	755
480	798
481	793
481	801
481	829
481	979
481	984
482	500
482	619
482	639
482	650
482	692
482	733
483	725
483	946
484	511
484	542
484	681
484	756
484	769
484	890
485	503
485	520
485	738
486	549
486	561
486	620
486	695
486	740
486	770
486	865
486	890
486	931
486	980
487	606
487	720
488	495
488	562
488	597
488	608
488	619
488	658
488	682
488	765
488	812
488	918
488	924
488	990
489	711
489	851
489	861
489	914
489	944
490	498
490	570
490	573
490	603
491	580
491	735
491	878
491	936
491	954
492	498
492	544
492	548
492	675
492	694
492	695
492	745
492	960
492	978
493	581
493	623
493	636
493	701
493	898
494	561
494	761
494	877
495	513
495	593
495	608
495	639
495	660
495	774
495	878
495	912
495	987
495	990
496	551
496	616
496	667
496	821
497	632
498	596
498	646
498	656
498	789
498	829
499	600
499	612
499	617
499	628
499	648
499	756
499	800
499	875
499	923
500	503
500	510
500	594
500	619
500	634
500	637
500	740
500	770
500	831
500	900
501	612
501	636
501	763
501	798
501	804
501	845
501	875
501	918
501	956
501	980
501	990
503	660
503	732
503	800
503	960
503	986
503	993
504	591
504	611
504	898
505	508
505	635
505	899
506	599
506	611
506	791
506	903
507	538
507	569
507	629
507	653
507	756
507	798
507	943
508	521
508	655
508	735
508	773
508	855
508	932
508	985
510	539
510	616
510	761
510	919
511	522
511	543
511	593
511	760
512	803
513	620
513	624
513	790
513	807
513	845
514	609
514	620
514	632
514	658
514	795
515	589
515	745
516	588
516	663
516	692
516	708
516	795
516	935
516	948
516	953
517	645
517	706
517	829
517	923
518	736
519	623
519	657
519	714
519	914
520	672
520	925
521	540
521	646
521	773
521	886
521	890
521	985
522	650
522	781
522	957
523	643
523	766
523	823
524	548
524	786
524	896
524	916
525	628
525	769
525	815
525	883
525	910
526	892
527	889
527	919
528	615
528	804
528	853
529	618
529	632
529	688
529	763
529	848
529	882
529	972
530	601
530	870
530	897
530	922
531	610
531	635
531	646
532	637
532	827
532	833
532	897
533	624
535	926
536	667
536	726
536	835
537	722
537	819
537	879
537	945
537	970
537	987
538	681
538	734
538	809
538	832
538	923
538	956
538	966
538	991
539	569
539	592
539	615
539	667
539	779
539	815
539	825
539	846
539	877
539	895
540	645
540	658
540	724
541	793
541	911
542	568
542	675
542	798
542	906
542	989
543	618
543	774
543	918
543	941
543	960
544	669
544	729
544	783
544	833
544	917
545	755
545	884
545	981
546	569
546	612
546	677
546	684
546	712
546	833
546	924
546	928
548	592
548	695
548	919
549	568
549	636
549	662
549	740
549	849
549	858
550	622
550	802
551	852
552	560
552	872
552	892
553	651
553	712
553	830
553	930
554	905
556	719
556	730
557	827
557	961
558	637
558	827
558	843
559	607
559	670
559	930
559	959
560	892
561	892
561	981
562	760
562	936
562	947
562	966
563	950
563	953
564	592
564	603
564	677
564	984
565	595
565	666
565	737
565	747
566	791
566	828
566	953
568	722
568	751
568	776
568	847
568	991
569	778
569	788
569	869
569	894
569	909
569	910
570	668
570	826
571	622
572	655
572	803
572	882
572	963
573	585
573	634
573	687
573	734
573	821
573	961
574	597
574	659
574	854
574	856
575	576
575	785
576	817
576	951
577	637
577	647
577	748
577	809
577	895
577	910
577	977
578	633
578	647
578	715
578	727
578	807
578	953
580	643
580	682
581	607
581	636
581	692
581	709
581	713
581	901
582	632
582	655
582	728
582	834
582	954
582	972
582	988
583	615
583	763
583	779
583	815
584	800
584	949
584	984
584	989
585	673
585	674
585	851
585	852
585	897
586	753
587	595
588	722
588	749
588	762
588	775
588	837
589	675
589	681
589	745
590	630
591	597
591	682
591	684
591	918
591	990
592	634
592	821
592	919
593	648
593	775
594	612
594	637
594	687
594	798
595	686
596	601
596	617
596	734
596	756
596	769
597	672
597	793
597	812
597	947
597	949
597	972
600	637
600	793
600	812
600	974
600	978
601	629
601	653
601	656
601	679
601	740
601	875
601	883
602	620
602	784
602	793
602	839
602	875
602	906
603	668
603	755
603	826
603	911
603	916
604	724
604	911
604	917
605	608
605	639
605	765
605	779
605	800
605	838
605	839
605	882
605	932
605	933
605	980
605	993
606	945
606	970
607	623
608	688
608	735
608	765
608	777
608	821
608	839
609	612
609	684
609	783
609	784
609	839
609	963
610	693
610	829
610	979
610	984
611	973
612	681
612	696
612	756
612	783
612	839
612	895
612	997
613	617
613	653
613	708
613	803
615	809
615	869
616	667
616	778
616	843
617	663
617	709
617	905
618	712
618	774
618	784
618	906
618	960
618	962
619	639
619	783
619	839
620	733
620	769
620	837
620	966
620	970
621	781
621	880
622	658
622	703
625	629
625	679
625	732
625	748
625	756
625	865
625	883
625	910
625	922
626	665
626	739
627	697
627	980
628	636
628	641
628	647
628	769
628	772
628	778
628	869
628	909
629	641
629	696
629	708
630	699
630	884
630	926
631	662
631	869
631	901
632	655
632	660
632	688
632	783
632	792
632	803
632	941
632	963
632	972
633	678
633	713
633	717
633	795
633	845
634	677
634	712
634	860
634	883
635	645
635	765
635	886
636	742
636	847
636	909
636	931
637	674
637	757
637	997
639	762
639	880
639	955
640	872
640	896
640	971
641	656
641	681
641	735
641	780
641	879
642	760
642	790
642	913
643	954
645	706
645	803
645	829
645	856
645	918
645	986
646	721
646	729
646	842
646	917
647	717
648	653
648	681
648	763
648	923
648	936
649	958
650	760
650	775
650	906
651	657
651	709
651	711
651	731
651	742
651	840
651	864
651	879
651	883
651	887
651	900
651	901
651	921
653	687
653	769
653	846
653	881
653	929
653	931
653	939
653	956
654	698
655	767
656	780
656	900
656	928
657	715
657	815
657	851
657	861
657	868
658	665
658	735
658	758
658	787
658	936
658	954
659	838
659	856
659	933
660	735
660	774
660	784
660	875
660	925
660	954
660	957
661	959
662	849
662	901
663	692
663	731
663	923
663	955
664	668
664	757
666	674
666	870
666	983
667	671
667	747
667	776
667	952
668	744
668	897
668	926
669	829
669	916
669	974
671	809
671	866
672	767
673	853
674	881
674	961
675	744
675	854
675	868
675	931
678	869
678	921
679	696
679	744
679	840
679	875
679	931
679	934
679	964
680	854
680	885
681	695
681	924
681	943
681	978
682	793
682	855
682	925
682	943
682	970
682	990
684	825
684	888
685	826
685	919
685	928
686	810
687	821
687	955
687	964
688	767
688	980
688	986
689	854
689	859
690	852
691	747
691	795
691	914
691	992
692	731
692	908
693	710
694	721
695	868
696	729
696	733
696	748
696	769
696	770
696	826
696	865
696	948
696	980
697	864
697	992
698	720
700	791
700	970
701	909
702	713
702	795
702	867
703	728
704	778
704	789
704	809
704	852
704	922
705	909
706	917
706	932
707	711
707	778
707	813
708	846
708	923
708	980
708	997
709	756
709	794
709	845
709	850
709	923
709	991
710	786
711	785
711	866
711	910
712	826
712	831
713	898
715	991
717	727
717	940
717	977
718	915
719	826
719	897
719	939
719	982
720	902
721	961
722	731
722	850
724	985
725	859
727	733
727	740
727	776
727	935
727	986
728	735
728	937
728	960
728	986
728	988
729	758
729	773
729	868
729	979
729	982
731	832
731	880
731	938
731	970
733	762
733	783
733	849
733	987
734	742
734	769
734	789
734	821
734	866
735	760
735	792
735	796
735	800
735	816
735	834
735	841
735	904
735	937
736	920
737	778
737	830
738	781
738	784
738	796
740	762
740	769
740	798
740	833
740	980
741	834
742	809
742	843
742	853
742	894
744	825
744	955
744	981
746	809
747	782
747	922
748	769
748	875
749	758
749	762
749	775
749	807
749	880
749	966
751	772
751	850
751	945
752	965
753	768
753	939
754	961
756	776
756	798
756	875
757	758
757	761
757	919
758	812
758	839
758	888
758	986
759	768
759	919
760	781
760	960
761	768
762	832
762	833
763	819
763	865
763	923
763	962
763	980
763	997
765	784
765	936
767	988
768	919
769	770
769	788
769	798
769	831
769	853
769	868
769	895
770	788
770	798
770	821
770	961
770	974
771	791
773	838
773	859
773	886
774	793
774	935
774	947
775	912
775	987
776	840
776	865
776	875
776	931
776	956
777	784
777	803
777	839
777	962
778	809
778	847
778	900
779	797
779	840
779	870
779	875
779	895
779	910
779	931
780	845
781	904
781	913
781	972
782	915
783	784
783	793
783	819
783	858
783	906
783	924
783	942
783	962
783	973
784	882
785	830
785	865
785	992
786	892
787	941
788	821
788	825
789	825
789	853
789	983
792	947
793	993
794	902
795	807
795	908
795	973
797	992
798	840
798	875
798	894
798	980
799	829
799	841
799	904
801	811
801	989
803	888
803	960
803	973
804	835
804	914
804	977
808	823
809	830
809	851
809	853
811	932
812	816
812	878
812	882
812	963
813	915
813	944
815	860
815	866
815	909
815	921
815	991
816	868
816	913
820	876
821	831
821	875
821	882
821	923
821	931
826	934
826	964
827	897
828	953
829	966
829	984
830	907
830	910
830	983
831	877
831	895
831	931
831	944
832	993
833	984
834	854
834	913
835	930
836	870
836	900
837	898
837	938
837	957
837	995
838	985
839	955
840	883
840	970
841	880
843	982
845	895
845	948
846	850
846	870
848	855
848	885
849	945
850	923
851	853
851	870
851	910
851	929
852	927
853	934
854	885
855	904
856	918
856	985
858	865
858	955
859	936
860	997
861	894
861	907
865	875
865	895
865	909
866	898
866	910
866	976
867	959
867	975
868	978
872	896
872	974
872	984
875	883
875	922
878	886
878	913
879	880
880	941
880	956
880	973
880	987
882	886
882	906
883	906
884	893
884	981
885	968
886	899
887	958
888	916
888	918
888	963
890	943
892	971
894	900
894	910
894	955
897	934
898	973
900	922
900	976
901	921
903	958
904	937
904	972
906	970
906	987
907	944
907	996
908	948
909	956
909	960
909	987
911	918
911	943
911	987
922	976
924	962
924	990
926	934
928	955
928	997
933	942
933	986
934	949
935	936
937	947
937	988
938	956
938	987
943	979
943	988
944	993
947	968
948	970
949	989
952	998
962	980
964	974
964	982
974	984
