0	224
0	452
0	663
0	798
0	882
2	175
2	223
2	275
2	278
2	344
2	368
2	443
2	482
2	524
2	554
2	592
2	688
2	725
2	760
2	780
2	787
2	874
2	991
3	184
3	573
3	832
3	859
4	87
4	154
4	230
4	520
4	550
4	740
4	846
4	853
4	931
5	123
5	165
5	231
5	345
5	418
5	527
5	569
5	628
5	630
5	768
5	861
5	931
5	964
6	169
6	227
6	309
6	345
6	395
6	418
6	490
6	534
6	554
6	585
6	587
6	683
6	688
6	760
6	787
6	888
7	34
7	91
7	118
7	405
7	903
7	951
8	314
8	412
8	466
8	493
9	607
9	812
10	44
10	256
10	898
11	239
11	515
11	756
11	975
13	49
13	172
13	220
13	319
13	469
13	623
13	683
13	717
13	731
13	759
13	814
14	189
14	271
14	329
14	366
14	651
14	847
15	75
15	87
15	121
15	150
15	186
15	350
15	360
15	460
15	495
15	575
15	586
15	625
15	673
15	676
15	706
15	799
15	844
15	905
15	928
15	945
16	35
16	160
16	335
16	538
16	608
16	684
16	791
17	102
17	103
17	140
17	522
17	582
17	707
17	790
17	805
17	896
17	913
17	946
18	144
18	153
18	523
18	525
18	555
18	591
18	630
18	794
18	962
19	47
19	171
19	242
19	259
19	397
19	482
19	654
19	704
19	822
19	903
20	286
20	337
20	398
20	417
20	528
20	530
20	614
20	831
20	866
21	108
21	369
21	476
21	794
22	84
22	90
22	99
22	103
22	124
22	246
22	249
22	255
22	285
22	420
22	486
22	525
22	538
22	745
22	817
22	952
23	65
23	863
23	884
24	51
24	220
24	272
24	363
24	397
24	429
24	513
24	519
24	522
24	621
24	716
24	723
24	742
24	780
24	892
25	27
25	67
25	95
25	123
25	205
25	272
25	416
25	523
25	768
25	769
25	805
25	817
25	943
25	989
26	62
26	197
27	52
27	93
27	217
27	375
27	408
27	516
27	613
27	646
27	728
27	779
27	867
27	914
27	969
28	151
28	321
28	335
28	336
28	340
28	377
28	551
28	591
28	608
28	651
28	682
28	695
28	802
29	120
29	368
29	443
29	451
29	497
29	926
29	972
30	201
30	369
30	801
30	864
30	881
31	206
31	273
31	316
31	492
31	547
31	619
31	774
32	160
32	193
32	845
32	941
33	65
33	67
33	82
33	222
33	228
33	321
33	433
33	446
33	486
33	564
33	654
33	680
33	722
33	828
33	875
33	945
33	946
33	987
34	87
34	290
34	340
34	578
34	645
34	843
34	869
34	873
34	878
34	985
35	87
35	184
35	353
35	381
35	420
35	468
35	543
35	706
35	941
36	84
36	205
36	250
36	272
36	372
36	397
36	407
36	416
36	420
36	421
36	446
36	536
36	728
36	798
36	805
36	828
36	988
37	87
37	153
37	315
37	318
37	618
37	772
37	873
37	962
38	119
38	307
38	354
38	610
38	654
38	726
38	949
39	85
39	171
39	196
39	210
39	214
39	368
39	395
39	480
39	626
39	794
39	830
39	849
39	860
39	964
40	82
40	147
40	218
40	232
40	236
40	400
40	449
40	456
40	558
40	655
40	798
40	831
40	842
40	997
41	194
41	208
41	336
41	420
41	494
41	562
41	572
41	661
41	785
41	875
41	983
42	88
42	128
42	363
42	489
42	588
42	703
42	728
42	776
42	888
42	921
42	934
42	996
43	71
43	204
43	214
43	306
43	308
43	333
43	540
43	696
43	710
43	771
43	807
43	888
43	932
44	502
46	178
46	180
46	209
46	263
46	278
46	289
46	323
46	371
46	509
46	567
46	627
46	636
46	712
46	834
46	907
47	103
47	191
47	246
47	285
47	315
47	334
47	404
47	446
47	556
47	676
47	775
47	945
48	711
48	936
49	95
49	128
49	328
49	358
49	445
49	524
49	655
49	703
49	811
49	834
49	909
50	118
50	284
50	451
50	497
50	726
50	827
51	82
51	132
51	209
51	223
51	250
51	289
51	316
51	547
51	887
51	987
52	174
52	526
52	575
52	582
52	646
52	746
52	770
52	904
52	953
53	54
53	289
53	387
53	450
53	492
53	681
53	712
53	831
53	887
54	482
54	606
54	643
54	798
54	811
54	899
55	122
55	183
55	226
55	230
55	437
55	694
55	807
55	994
56	438
56	697
56	805
56	892
57	68
57	122
57	242
57	265
57	267
57	306
57	410
57	553
57	654
57	706
57	708
57	710
57	772
57	783
57	813
57	830
57	928
57	994
58	316
58	373
58	375
58	427
58	538
58	707
58	716
58	723
58	731
58	848
59	730
60	79
60	223
60	376
60	396
60	451
60	530
60	639
60	723
60	788
60	804
60	926
61	560
61	850
63	88
63	250
63	278
63	284
63	344
63	491
63	528
63	587
63	656
63	675
63	780
63	961
64	158
64	202
64	269
64	328
64	452
64	753
64	798
64	811
64	882
65	93
65	164
65	201
65	208
65	315
65	421
65	516
65	562
65	568
65	657
65	686
65	904
65	962
65	997
66	129
66	131
66	143
66	204
66	211
66	261
66	348
66	422
66	467
66	490
66	537
66	626
66	630
66	679
66	717
66	764
66	782
66	789
66	824
66	931
66	934
67	320
67	330
67	333
67	389
67	680
67	716
67	766
67	788
67	857
67	886
67	894
67	945
68	169
68	302
68	303
68	341
68	405
68	467
68	474
68	480
68	540
68	593
68	903
69	283
69	489
69	521
69	522
69	535
69	720
69	759
69	887
70	701
70	747
70	802
70	884
71	136
71	222
71	341
71	354
71	385
71	430
71	467
71	540
71	621
71	654
71	687
71	739
71	801
71	822
71	853
71	888
71	903
71	999
72	284
72	423
72	457
72	469
72	498
72	519
72	655
72	759
72	790
72	912
72	965
72	979
73	123
73	283
73	384
73	494
73	650
73	909
74	134
74	144
74	150
74	190
74	290
74	457
74	463
74	525
74	642
74	716
74	717
74	817
74	934
74	970
75	179
75	185
75	311
75	406
75	413
75	551
75	575
75	582
75	740
75	745
75	825
75	828
75	952
75	953
76	237
77	131
77	344
77	349
77	358
77	379
77	464
77	622
77	643
77	687
77	782
77	789
77	817
77	872
77	886
77	909
77	934
77	972
77	990
78	97
78	147
78	222
78	227
78	228
78	387
78	454
78	461
78	469
78	534
78	580
78	722
78	774
78	790
78	886
78	892
78	926
78	977
79	236
79	264
79	349
79	362
79	387
79	636
79	831
80	357
80	406
80	634
80	697
80	863
80	916
81	228
81	273
81	365
81	639
81	647
81	650
81	668
81	680
81	751
81	780
81	831
81	892
82	98
82	134
82	147
82	178
82	228
82	273
82	332
82	485
82	524
82	681
82	703
82	721
82	788
82	789
82	804
82	823
82	913
82	936
83	255
83	357
83	402
83	872
83	985
84	103
84	293
84	301
84	494
84	576
84	615
84	675
84	716
84	792
84	805
84	828
84	906
85	162
85	165
85	214
85	287
85	367
85	383
85	430
85	476
85	652
85	687
85	699
85	794
85	801
85	853
86	198
86	212
86	287
86	288
86	306
86	520
86	710
86	860
86	881
86	895
87	101
87	125
87	153
87	329
87	353
87	383
87	415
87	435
87	575
87	578
87	630
87	769
87	772
87	940
88	158
88	181
88	304
88	363
88	364
88	428
88	433
88	464
88	474
88	586
88	622
88	640
88	722
88	750
88	789
88	903
88	909
88	921
89	96
89	114
89	170
89	202
89	261
89	437
89	693
89	762
89	902
90	92
90	381
90	531
90	634
90	770
90	803
90	867
91	202
91	923
92	572
92	684
92	755
92	958
93	102
93	238
93	285
93	373
93	438
93	511
93	565
93	707
93	773
94	202
94	254
95	195
95	250
95	263
95	313
95	614
95	638
95	650
95	882
96	204
96	226
96	475
96	593
96	911
97	101
97	128
97	150
97	274
97	293
97	332
97	379
97	401
97	504
97	679
97	943
98	185
98	205
98	255
98	285
98	374
98	375
98	399
98	446
98	562
98	612
98	615
98	705
98	913
98	974
99	125
99	340
99	384
99	401
99	496
99	538
99	577
99	727
99	785
99	821
99	869
99	942
99	957
99	964
99	979
101	136
101	182
101	249
101	267
101	304
101	329
101	334
101	388
101	419
101	467
101	622
101	661
101	727
101	764
101	817
101	861
101	918
102	140
102	174
102	205
102	208
102	217
102	421
102	564
102	668
102	676
102	780
102	866
102	889
102	913
102	914
102	952
102	987
103	373
103	421
103	521
103	659
103	906
103	945
103	959
103	969
104	256
104	481
104	829
104	853
105	185
105	304
105	320
105	324
105	335
105	348
105	352
105	359
105	368
105	592
105	630
105	710
105	722
105	782
105	860
105	964
105	998
106	738
106	786
107	339
107	479
107	696
107	732
107	739
107	922
108	302
108	303
108	369
108	510
108	532
108	593
108	764
109	251
109	393
109	455
109	461
109	576
109	618
109	747
109	875
109	983
111	239
111	258
111	507
111	628
111	695
111	719
111	740
111	768
111	777
112	263
112	291
112	311
112	445
112	512
112	605
112	721
112	837
112	960
113	455
113	968
114	798
115	465
115	473
115	901
116	426
116	578
116	662
116	684
116	863
116	915
117	187
117	246
117	293
117	351
117	360
117	536
117	568
117	581
117	639
117	657
117	666
117	721
117	788
117	821
117	905
117	935
117	943
117	948
117	959
117	988
117	990
118	209
118	328
118	465
118	559
119	172
119	183
119	230
119	632
120	209
120	269
120	452
120	519
120	663
120	709
120	882
121	131
121	162
121	190
121	321
121	380
121	507
121	525
121	549
121	556
121	603
121	608
121	618
121	630
121	639
121	721
121	747
121	799
121	985
121	990
122	123
122	395
122	479
122	688
122	762
123	201
123	261
123	341
123	344
123	422
123	428
123	480
123	571
123	625
123	682
123	704
123	722
123	750
124	187
124	255
124	259
124	318
124	333
124	478
124	495
124	516
124	538
124	551
124	577
124	815
124	910
124	959
125	151
125	153
125	229
125	234
125	280
125	290
125	347
125	543
125	609
125	733
125	768
125	777
125	932
125	937
125	998
126	275
126	338
126	718
126	806
128	220
128	252
128	354
128	654
128	655
128	675
128	692
128	760
128	811
128	872
128	886
128	984
129	178
129	201
129	363
129	419
129	475
129	504
129	606
129	789
129	813
129	865
129	938
130	145
130	220
130	270
130	475
130	480
130	482
130	527
130	597
130	626
130	627
130	771
130	868
131	157
131	332
131	384
131	463
131	512
131	586
131	861
131	906
131	972
131	985
132	528
132	826
132	831
132	837
132	907
133	479
133	922
134	136
134	181
134	259
134	261
134	267
134	284
134	379
134	428
134	474
134	475
134	527
134	561
134	568
134	644
134	764
134	846
134	861
134	961
135	258
135	359
135	381
135	505
135	641
135	662
135	878
135	937
135	962
135	963
136	143
136	145
136	150
136	384
136	497
136	568
136	606
136	654
136	782
136	856
136	918
137	298
137	611
137	649
137	748
138	339
138	529
138	879
138	901
139	477
139	852
140	238
140	373
140	382
140	461
140	705
140	714
140	809
140	815
140	867
141	146
141	369
141	545
141	674
141	696
141	999
142	221
142	289
142	365
142	396
142	511
142	563
142	605
142	621
142	638
142	700
142	759
142	827
142	872
142	933
143	169
143	190
143	307
143	395
143	475
143	571
143	661
143	871
144	258
144	267
144	476
144	507
144	510
144	561
144	588
144	592
144	732
144	830
144	860
144	932
145	175
145	190
145	227
145	265
145	345
145	354
145	361
145	388
145	395
145	422
145	571
145	623
145	656
145	753
145	903
146	230
146	254
146	297
146	768
147	176
147	275
147	291
147	489
147	516
147	534
147	541
147	602
147	639
147	707
147	751
147	774
147	776
147	821
148	160
148	216
149	317
150	152
150	190
150	280
150	301
150	354
150	372
150	416
150	457
150	504
150	606
150	750
150	799
150	804
150	810
150	823
150	943
150	983
150	988
151	199
151	231
151	234
151	329
151	359
151	377
151	381
151	419
151	551
151	555
151	644
151	953
151	959
151	962
152	194
152	246
152	249
152	251
152	330
152	333
152	372
152	391
152	478
152	485
152	504
152	541
152	549
152	577
152	624
152	625
152	657
152	722
152	983
152	990
153	164
153	187
153	453
153	525
153	661
153	719
153	733
153	772
153	775
153	897
153	967
153	975
154	231
154	288
154	297
154	550
154	704
154	807
155	852
155	954
157	267
157	312
157	328
157	499
157	527
157	540
157	569
157	571
157	596
157	597
157	768
157	872
158	221
158	423
158	445
158	462
158	467
158	638
158	703
158	796
158	813
158	827
158	909
158	945
158	960
159	325
159	711
159	803
160	658
160	958
160	998
161	195
161	215
161	248
161	269
161	311
161	323
161	356
161	371
161	396
161	560
161	621
161	628
161	655
161	712
161	839
161	899
162	172
162	194
162	386
162	413
162	478
162	571
162	603
162	630
162	651
162	736
162	768
162	934
163	277
163	282
163	330
163	380
163	381
163	544
163	572
163	637
163	673
163	770
164	285
164	304
164	318
164	340
164	415
164	495
164	525
164	551
164	578
164	777
164	843
164	878
164	928
164	934
164	945
164	959
164	970
165	204
165	490
165	496
165	669
165	708
165	801
165	986
166	448
166	767
168	752
169	202
169	258
169	479
169	635
169	687
169	696
169	764
169	822
169	871
169	949
170	202
170	226
170	488
170	739
171	267
171	385
171	466
171	546
171	555
171	585
171	699
171	708
171	807
172	181
172	352
172	524
172	546
172	586
172	961
173	337
173	398
173	700
173	916
174	238
174	298
174	436
174	514
174	698
174	894
175	243
175	252
175	319
175	428
175	443
175	643
175	663
175	995
176	177
176	275
176	286
176	298
176	420
176	542
176	802
177	243
177	293
177	298
177	508
177	612
177	649
177	908
178	252
178	363
178	401
178	407
178	469
178	474
178	524
178	656
178	672
178	699
178	722
178	839
178	935
178	984
179	185
179	495
179	755
179	883
180	209
180	636
180	954
181	229
181	259
181	284
181	302
181	364
181	484
181	497
181	519
181	541
181	764
182	257
182	388
182	410
182	467
182	496
182	510
182	654
182	713
182	794
182	801
182	830
182	860
182	986
183	432
183	822
183	922
184	280
184	645
184	897
184	998
185	190
185	289
185	320
185	324
185	364
185	530
185	576
185	676
185	680
185	750
185	766
185	820
185	906
185	910
185	971
186	239
186	353
186	388
186	527
186	630
186	682
186	794
186	860
186	863
186	873
187	194
187	304
187	333
187	416
187	468
187	682
187	873
188	192
190	222
190	291
190	324
190	356
190	586
190	657
190	666
190	753
190	789
190	996
191	548
191	556
191	676
191	769
191	815
191	820
193	499
193	505
193	507
193	662
193	674
193	706
193	719
193	900
193	931
194	249
194	324
194	415
194	433
194	495
194	512
194	527
194	577
194	618
194	622
194	644
194	728
194	798
194	888
194	943
194	990
195	311
195	647
195	872
195	874
195	939
196	300
196	424
196	488
196	507
196	626
196	708
196	897
196	903
196	931
196	983
197	396
197	400
197	489
197	536
197	547
197	599
197	614
197	675
197	703
197	723
197	862
197	935
197	936
198	242
198	271
198	343
198	369
198	520
198	588
198	596
198	699
198	881
199	372
199	380
199	381
199	531
199	594
199	630
199	755
199	772
199	915
200	228
200	375
200	393
200	417
200	680
200	862
200	974
201	286
201	291
201	344
201	363
201	428
201	449
201	504
201	675
201	680
201	886
201	897
201	931
201	935
201	965
201	972
202	439
202	449
202	922
203	225
203	453
203	637
203	863
203	958
204	489
204	520
204	704
204	708
204	795
204	838
204	897
204	981
205	244
205	358
205	413
205	564
205	622
205	624
205	802
205	844
205	945
206	262
206	390
206	396
206	445
206	450
206	547
206	636
206	814
206	839
208	246
208	251
208	363
208	407
208	531
208	556
208	848
208	878
208	945
208	952
208	971
209	218
209	323
209	417
209	423
209	451
209	567
209	723
209	759
209	760
209	827
209	909
210	312
210	584
210	789
210	830
210	931
210	952
211	214
211	259
211	459
211	467
211	512
211	554
211	561
211	695
211	717
211	888
211	897
212	628
212	719
212	772
213	242
213	520
213	546
213	830
213	905
214	257
214	265
214	312
214	341
214	350
214	510
214	571
214	603
214	679
214	704
214	813
214	836
214	868
214	918
215	248
215	289
215	452
215	559
215	664
215	683
215	757
215	759
215	827
215	856
215	874
216	783
216	800
217	275
217	380
217	433
217	557
217	714
217	773
217	792
217	971
218	323
218	664
218	855
218	980
219	398
219	487
219	806
220	221
220	278
220	322
220	485
220	638
220	742
220	760
220	776
220	872
220	909
220	936
220	942
221	283
221	365
221	390
221	397
221	451
221	464
221	485
221	581
221	650
221	742
221	813
221	892
221	972
222	249
222	255
222	283
222	332
222	392
222	489
222	638
222	681
222	722
222	766
222	827
222	834
222	857
222	872
222	886
222	905
222	961
222	965
223	273
223	312
223	351
223	356
223	374
223	457
223	522
223	581
223	586
223	615
223	639
223	723
223	728
223	885
223	933
224	331
225	282
225	858
225	884
226	919
227	351
227	358
227	364
227	423
227	450
227	469
227	559
227	565
227	656
227	856
227	965
228	374
228	536
228	562
228	615
228	716
228	721
228	731
228	774
228	797
228	809
229	258
229	267
229	318
229	402
229	608
229	630
229	662
229	896
229	998
230	270
230	307
230	410
230	439
230	518
231	302
231	329
231	345
231	495
231	651
231	775
231	905
231	934
231	937
232	579
233	244
233	442
233	544
233	665
233	714
233	944
234	628
234	772
234	777
234	793
234	847
234	893
235	262
235	597
235	689
235	703
235	837
236	299
236	477
236	604
236	856
236	908
237	253
237	406
237	673
237	825
237	947
238	373
238	382
238	406
238	526
238	574
238	686
238	744
238	773
239	255
239	334
239	372
239	507
239	525
239	538
239	578
239	625
239	959
240	366
241	434
241	515
241	552
242	300
242	303
242	343
242	807
242	932
243	492
243	521
243	563
243	774
243	812
243	977
243	989
244	277
244	342
244	565
245	629
246	380
246	433
246	463
246	575
246	686
246	753
246	810
246	896
246	914
246	943
247	266
247	456
247	539
248	302
248	394
248	452
248	483
248	560
248	567
248	709
248	760
249	333
249	358
249	602
249	603
249	675
249	799
249	988
250	356
250	376
250	423
250	647
250	650
250	712
250	742
250	839
250	856
250	865
250	926
250	977
251	255
251	317
251	321
251	330
251	333
251	486
251	544
251	551
251	618
251	637
251	665
251	691
251	733
251	802
251	878
252	309
252	311
252	364
252	663
252	675
252	692
252	759
252	787
252	798
252	821
252	872
253	321
253	637
253	711
253	792
253	861
253	947
254	437
255	281
255	285
255	377
255	381
255	538
255	582
255	624
255	820
255	823
255	957
256	550
256	739
256	762
256	982
257	265
257	318
257	386
257	475
257	512
257	524
257	525
257	527
257	555
257	588
257	652
257	708
257	813
257	860
257	869
258	290
258	335
258	353
258	381
258	425
258	551
258	578
258	772
258	900
259	425
259	449
259	480
259	520
259	687
259	695
259	769
259	789
259	860
260	528
260	707
260	731
260	779
260	809
261	344
261	350
261	392
261	504
261	554
261	599
261	623
261	626
261	642
261	650
261	782
261	787
261	796
262	484
262	664
262	757
263	289
263	344
263	397
263	450
263	887
263	907
263	912
264	289
264	313
264	390
264	400
264	528
264	560
264	672
265	267
265	303
265	307
265	340
265	410
265	571
265	674
265	679
265	704
265	708
265	710
265	736
265	771
265	905
266	528
266	907
267	320
267	333
267	348
267	384
267	446
267	490
267	568
267	577
267	616
267	686
267	769
267	772
267	795
267	843
267	888
267	905
267	910
267	959
268	793
269	441
269	629
269	938
270	297
270	307
270	341
270	410
270	584
270	771
270	981
271	708
271	801
271	822
271	849
271	881
271	966
272	337
272	401
272	489
272	536
272	568
272	580
272	700
272	707
272	804
272	823
272	862
272	959
273	370
273	397
273	492
273	576
273	580
273	619
273	797
273	848
273	886
274	289
274	312
274	423
274	428
274	644
274	681
274	782
274	814
274	856
274	909
275	513
275	680
275	691
275	731
275	774
275	987
277	612
277	616
277	698
277	770
277	894
277	953
278	563
278	826
278	874
279	437
280	320
280	674
280	677
280	846
280	963
281	470
281	538
281	549
281	562
281	700
281	745
281	769
281	779
281	828
281	943
281	945
282	552
282	955
283	354
283	399
283	519
283	563
283	650
283	703
283	907
284	349
284	423
284	497
284	650
284	742
284	824
284	921
285	330
285	336
285	420
285	470
285	486
285	494
285	521
285	553
285	650
285	945
286	461
286	535
286	587
286	614
286	818
286	863
286	899
287	481
287	620
287	652
287	932
288	290
288	505
288	591
288	772
288	793
288	968
289	299
289	332
289	374
289	401
289	445
289	558
289	614
289	650
289	681
289	691
289	776
289	865
289	926
289	933
290	345
290	383
290	468
290	476
290	578
290	608
290	642
290	706
290	768
290	772
290	791
291	306
291	316
291	363
291	463
291	504
291	526
291	530
291	534
291	576
291	585
291	592
291	686
291	788
291	823
291	943
291	960
291	970
293	374
293	390
293	399
293	485
293	564
293	589
293	646
293	659
293	804
293	862
293	866
293	913
293	969
293	989
294	911
295	403
295	607
295	812
296	432
297	550
297	807
297	931
297	981
298	326
298	564
298	612
298	639
299	311
299	368
299	558
299	639
299	650
299	681
299	757
299	766
299	826
299	827
299	834
299	886
299	995
300	306
300	410
300	467
300	588
300	669
300	695
300	740
300	843
301	351
301	360
301	362
301	427
301	456
301	700
301	802
301	866
301	952
302	546
302	584
302	626
302	679
302	710
302	764
302	824
302	931
302	932
303	309
303	383
303	546
303	669
304	333
304	344
304	416
304	419
304	490
304	589
304	644
304	704
304	753
304	771
304	824
304	934
304	943
305	461
306	386
306	430
306	467
306	733
306	922
307	410
307	654
307	696
307	782
307	836
307	919
308	505
308	588
308	849
309	339
309	585
309	599
309	635
309	789
310	502
310	898
310	917
311	313
311	395
311	459
311	492
311	646
311	655
311	796
311	831
311	874
312	461
312	585
312	656
312	787
313	365
313	423
313	560
313	712
313	780
313	790
313	856
313	865
313	907
313	939
314	590
315	330
315	357
315	421
315	538
315	544
315	556
315	602
315	618
315	644
315	809
315	857
315	957
316	454
316	492
316	619
316	690
316	743
316	880
317	531
317	548
317	575
317	803
318	381
318	499
318	618
318	625
318	962
319	585
319	597
319	623
319	627
319	734
319	737
319	787
319	982
319	991
320	348
320	419
320	446
320	530
320	603
320	644
320	747
320	766
320	844
320	910
320	990
321	391
321	399
321	407
321	416
321	618
321	724
321	910
321	915
321	945
322	452
322	559
323	587
323	636
323	664
323	976
324	422
324	469
324	813
324	868
324	888
324	918
326	429
326	612
326	802
326	948
326	992
328	344
328	354
328	401
328	469
328	474
328	519
328	587
328	650
328	703
328	838
328	872
328	886
328	899
328	960
328	965
329	381
329	499
329	596
329	645
329	713
329	752
329	794
329	893
330	357
330	551
330	568
330	677
330	747
330	846
330	858
330	896
330	967
331	465
331	629
331	757
332	413
332	415
332	523
332	524
332	556
332	568
332	577
332	667
332	675
332	788
332	789
333	348
333	530
333	549
333	625
333	651
333	727
333	750
333	961
334	538
334	727
334	875
335	359
335	578
335	593
335	616
335	768
335	918
336	547
336	551
336	616
336	677
336	747
336	756
336	770
336	803
336	873
336	957
337	346
337	375
337	442
337	454
337	485
337	631
337	806
337	812
337	908
338	489
338	513
338	690
339	606
339	922
340	348
340	402
340	415
340	597
340	672
340	897
340	928
340	932
340	985
340	988
341	385
341	597
341	817
342	421
342	659
342	705
342	723
342	883
342	889
342	944
342	945
343	405
343	424
343	571
343	609
343	640
343	794
344	349
344	459
344	524
344	621
344	623
344	656
344	692
344	787
344	814
345	499
345	651
345	656
345	732
345	964
346	604
346	680
346	850
346	976
347	457
347	468
347	525
347	793
347	937
347	952
347	962
347	978
347	998
348	505
348	507
348	577
348	586
348	592
348	661
348	667
348	675
348	750
348	799
348	860
348	888
348	897
348	937
349	356
349	363
349	376
349	459
349	463
349	464
349	504
349	524
349	589
349	621
349	657
349	667
349	789
349	910
349	949
350	405
350	457
350	512
350	540
350	541
350	586
350	603
350	934
351	445
351	463
351	485
351	522
351	534
351	536
351	563
351	639
351	647
351	666
351	675
351	716
351	750
351	848
352	395
352	410
352	533
352	706
352	732
352	764
352	922
352	938
352	991
353	381
353	499
353	591
353	791
354	364
354	401
354	530
354	603
354	687
354	717
354	782
354	789
354	795
354	900
354	903
356	358
356	365
356	390
356	450
356	498
356	549
356	581
356	643
356	834
357	575
357	624
357	637
357	758
357	843
357	863
357	875
358	372
358	504
358	530
358	549
358	603
358	625
358	766
358	788
358	820
358	844
358	910
358	926
358	972
358	983
359	553
359	695
359	733
360	530
360	535
360	562
360	589
360	602
360	642
360	672
360	722
360	742
360	750
360	844
360	856
360	857
360	943
360	970
361	424
361	951
361	981
361	986
362	558
362	872
362	939
363	388
363	457
363	541
363	575
363	597
363	654
363	661
363	750
363	771
363	861
363	914
363	943
363	960
364	422
364	457
364	469
364	475
364	571
364	782
364	903
365	376
365	462
365	535
365	614
365	751
365	887
365	993
366	783
367	467
367	732
367	895
367	949
368	392
368	422
368	469
368	506
368	519
368	683
368	787
368	838
368	965
369	383
369	479
369	545
369	951
370	396
370	399
370	433
370	446
370	549
370	622
370	680
370	731
370	766
370	904
370	946
370	984
371	566
371	660
372	413
372	425
372	478
372	563
372	568
372	588
372	657
372	788
372	804
372	828
372	943
372	959
372	983
372	987
372	990
373	391
373	489
373	536
373	598
373	659
373	707
373	805
373	889
373	957
373	969
373	971
373	985
374	399
374	463
374	492
374	504
374	511
374	680
374	692
374	731
374	821
374	844
375	396
375	508
375	639
375	716
375	723
375	731
375	743
375	936
375	977
376	485
376	547
376	581
376	615
376	639
376	691
376	903
376	909
376	926
377	433
377	463
377	525
377	577
377	755
377	896
377	952
377	990
379	392
379	395
379	401
379	417
379	428
379	457
379	459
379	464
379	592
379	644
379	672
379	717
379	789
379	796
379	817
379	844
380	544
380	576
380	637
380	698
380	877
381	561
381	637
381	651
381	671
381	957
382	485
382	894
383	476
383	523
383	540
383	553
383	603
383	769
383	777
383	813
384	401
384	415
384	496
384	512
384	603
384	782
384	934
384	964
384	979
385	553
385	734
385	895
386	424
386	476
386	512
386	532
386	584
386	588
386	674
386	740
386	807
387	397
387	522
387	534
387	569
387	703
387	721
387	818
387	936
388	490
388	540
388	556
388	568
388	669
388	775
388	777
388	888
388	928
389	494
389	580
389	589
389	657
389	661
389	844
389	948
389	983
390	513
390	534
390	547
390	639
390	743
390	797
390	831
390	926
391	491
391	504
391	544
391	743
391	750
391	788
391	799
391	820
391	828
391	875
392	422
392	446
392	482
392	519
392	524
392	692
393	486
393	673
393	858
393	906
393	952
393	984
394	509
395	512
395	675
395	687
395	717
395	764
395	787
395	888
396	400
396	474
396	581
396	614
396	716
396	722
396	787
397	400
397	415
397	446
397	519
397	541
397	581
397	681
397	692
397	823
397	872
397	892
397	921
398	611
398	818
398	950
399	446
399	598
399	622
399	680
399	700
399	731
399	747
399	788
399	797
399	820
399	886
399	983
400	560
400	614
400	826
400	842
401	423
401	474
401	568
401	592
401	814
401	834
401	921
401	988
402	702
402	915
404	407
404	556
404	565
404	622
404	659
404	676
404	799
404	825
404	883
404	946
404	969
405	439
405	928
406	598
406	630
406	863
407	707
407	892
407	906
407	959
407	971
407	987
408	619
408	700
408	867
408	914
410	496
410	626
410	695
410	696
410	704
410	868
410	871
410	938
413	490
413	507
413	541
413	568
413	700
413	750
413	828
413	918
413	934
413	943
413	970
413	979
415	512
415	568
415	577
415	578
415	606
415	618
415	642
415	643
415	644
415	909
415	934
415	959
416	446
416	461
416	536
416	562
416	657
416	680
416	686
416	700
416	705
416	728
416	799
416	804
416	809
416	844
416	959
417	472
417	535
417	643
417	831
417	997
418	467
418	480
418	490
418	527
418	569
418	603
418	732
418	830
419	425
419	571
419	577
419	591
419	644
419	672
419	843
419	983
420	425
420	530
420	549
420	602
420	622
420	646
420	675
420	817
420	883
420	943
420	965
420	972
421	676
421	788
421	861
422	478
422	482
422	490
422	571
422	643
423	456
423	485
423	742
423	751
423	796
424	512
424	588
424	704
424	813
424	836
424	928
424	981
425	474
425	527
425	568
425	586
425	750
425	771
425	861
425	931
425	935
425	959
426	616
426	630
426	791
427	461
427	541
427	580
427	598
427	700
427	756
427	866
427	971
428	446
428	489
428	491
428	569
428	592
428	622
428	639
428	654
428	886
428	970
428	972
429	446
429	535
429	547
429	558
429	668
429	977
430	480
430	496
430	771
430	903
430	938
432	801
432	853
433	516
433	565
433	576
433	643
433	691
433	750
433	753
433	804
433	965
433	969
434	622
434	630
435	480
435	525
435	667
435	775
435	878
435	918
435	978
436	714
437	876
438	442
438	691
438	756
438	867
438	883
438	946
438	955
440	898
441	454
441	528
441	757
442	680
442	809
442	977
443	524
443	537
443	621
443	643
444	801
444	986
445	827
445	887
445	907
445	912
446	523
446	526
446	675
446	804
446	913
446	945
446	948
446	988
446	989
447	585
447	610
447	623
447	687
447	734
447	822
447	871
448	601
448	658
449	537
449	586
449	623
449	683
449	764
449	771
449	782
449	813
449	897
449	961
450	509
450	980
450	995
451	663
451	712
452	465
452	734
452	831
453	637
453	724
453	755
453	803
453	810
453	940
454	558
454	751
454	977
455	594
455	608
455	637
455	702
455	758
456	528
456	547
456	558
456	566
456	780
457	474
457	504
457	527
457	580
457	586
457	623
457	642
457	699
457	710
457	782
457	827
457	921
457	983
458	998
459	524
459	661
459	663
459	742
459	909
459	931
460	556
460	676
460	698
460	792
460	809
460	953
461	538
461	563
461	691
461	821
461	828
461	848
461	886
462	489
462	491
462	587
462	650
462	681
462	760
462	780
462	961
462	965
463	478
463	525
463	618
463	644
463	661
463	676
463	866
463	945
463	952
464	567
464	581
464	661
464	675
464	796
464	948
466	545
466	644
467	469
467	482
467	638
467	764
467	775
467	782
467	824
467	836
467	871
468	480
468	499
468	583
468	608
468	724
469	497
469	569
469	621
469	638
469	903
470	494
470	728
470	744
470	775
470	844
470	875
472	605
472	831
473	566
473	617
473	814
474	541
474	606
474	657
474	814
474	840
475	504
475	654
475	704
475	726
475	764
475	905
475	960
476	510
476	532
476	577
476	674
476	794
478	524
478	549
478	577
478	667
478	672
478	717
478	817
478	844
478	910
478	921
478	935
478	943
478	983
478	984
479	493
479	545
479	922
480	527
480	644
480	687
480	830
480	838
480	892
481	795
481	807
482	587
482	672
482	683
482	782
482	787
482	795
482	888
483	502
485	489
485	530
485	606
485	650
485	811
485	828
485	848
485	906
486	582
486	589
486	728
486	802
486	822
486	946
487	779
487	908
488	853
488	923
489	615
489	700
489	728
489	872
489	886
489	948
489	977
490	510
490	683
490	695
490	794
490	931
491	504
491	538
491	549
491	623
491	625
491	667
491	686
491	753
491	766
491	796
491	872
491	886
491	926
492	534
492	723
492	743
493	919
494	580
494	586
494	618
494	731
494	745
494	747
494	805
494	844
494	913
494	948
495	507
495	682
495	805
495	943
496	553
496	824
496	964
497	554
497	567
497	643
497	760
497	798
498	643
498	655
498	728
498	742
498	787
498	993
499	505
499	645
499	651
499	849
502	829
502	833
502	980
503	721
504	530
504	642
504	692
504	722
504	844
504	884
504	943
504	970
505	662
506	737
506	833
507	630
507	873
507	896
507	942
508	607
508	691
508	821
509	751
509	837
510	569
510	628
510	708
510	733
510	766
510	785
510	881
510	962
511	523
511	534
511	575
511	639
511	668
511	804
511	809
511	948
512	582
512	590
512	710
512	717
512	782
512	937
513	534
513	716
513	848
513	976
514	574
514	649
514	974
516	602
517	916
518	550
518	767
519	563
519	623
519	888
519	972
520	546
520	555
520	596
520	626
520	696
520	951
521	522
521	598
521	707
521	948
521	950
522	536
522	615
522	691
522	848
522	916
522	936
523	589
523	625
523	657
523	674
523	797
523	804
523	943
523	948
524	589
524	592
524	621
524	692
524	771
524	938
525	596
525	698
525	758
525	847
526	557
526	562
526	572
526	589
526	657
526	668
526	686
526	691
526	731
526	745
526	820
526	969
526	987
527	532
527	667
527	679
527	814
527	871
527	883
528	567
528	619
528	837
528	885
528	899
529	798
529	882
530	625
530	666
530	848
530	969
531	544
531	561
531	673
531	745
531	755
531	870
531	957
531	971
532	597
532	704
534	586
534	926
534	936
535	604
535	686
535	805
535	839
535	855
535	886
535	907
535	926
535	976
536	680
536	722
536	788
536	809
536	848
536	866
536	977
537	554
537	663
537	681
537	760
537	938
538	548
538	577
538	618
538	727
538	728
538	775
538	910
538	921
538	959
539	689
539	763
539	855
540	597
540	679
540	794
540	795
540	937
541	639
541	766
541	811
541	905
541	967
542	971
544	634
544	637
544	673
544	896
544	904
546	593
546	596
546	708
546	732
546	817
546	994
547	566
547	675
547	811
547	834
547	839
547	880
547	948
548	705
548	711
548	802
548	815
548	953
549	602
549	606
549	612
549	625
549	703
549	716
549	740
549	788
549	815
549	844
549	857
549	942
549	989
550	590
551	862
551	928
551	983
552	920
553	860
554	559
554	623
554	795
554	949
556	564
556	775
556	823
556	844
556	869
556	878
556	945
556	959
557	691
557	748
558	579
558	712
558	842
559	618
559	960
560	605
560	839
560	865
561	575
561	594
561	637
561	667
561	815
561	858
561	983
562	602
562	659
562	802
562	820
562	825
562	844
562	913
562	957
562	959
563	581
563	587
563	722
563	759
563	814
563	886
563	906
563	933
563	965
564	631
564	673
564	698
564	797
564	825
564	913
564	945
564	946
565	743
565	802
565	810
565	815
565	875
566	638
567	663
567	811
567	818
567	856
568	577
568	700
568	789
568	792
568	933
568	979
569	585
569	661
569	682
569	830
569	838
569	861
569	869
569	972
569	979
570	864
571	597
571	669
571	814
572	634
575	618
575	661
575	791
575	863
576	659
576	672
576	700
576	743
576	774
576	945
576	948
577	586
577	667
577	682
577	768
577	822
578	591
578	817
578	896
578	962
579	718
580	722
580	906
581	722
581	780
581	886
581	921
581	938
582	634
582	724
582	804
582	815
582	904
582	914
582	952
582	988
583	658
584	669
584	674
584	694
584	708
584	710
584	794
584	813
585	688
585	730
585	795
585	798
586	609
586	621
586	642
586	651
586	654
586	661
586	910
586	928
587	635
587	655
587	796
587	817
587	926
588	596
588	609
588	713
588	740
588	768
588	789
588	791
588	869
588	963
588	968
588	981
589	625
589	657
589	743
589	828
589	945
591	651
591	772
591	878
591	990
592	651
592	824
592	860
592	979
592	996
593	704
593	708
593	764
593	868
593	919
593	931
594	671
594	799
594	962
595	955
596	846
596	849
596	860
596	932
596	964
597	687
597	717
597	734
597	824
597	888
597	897
597	931
597	999
598	804
598	850
598	916
598	971
602	809
602	825
602	914
602	945
602	988
603	621
603	662
603	750
603	814
603	857
603	861
603	938
603	960
604	718
604	977
605	831
605	848
605	887
606	643
606	742
606	874
606	888
606	921
606	965
607	611
607	618
608	958
609	733
609	813
609	963
610	635
610	679
610	795
610	838
610	949
612	779
614	664
614	856
615	666
615	728
615	821
615	823
616	682
616	975
616	985
618	644
618	667
618	896
618	915
618	928
618	952
618	959
618	983
619	721
619	820
619	827
619	945
619	948
619	977
620	876
621	655
621	814
621	888
621	899
621	909
622	637
622	654
622	661
622	686
622	763
622	817
622	861
622	942
622	985
623	664
623	742
623	851
623	993
624	697
624	803
624	810
625	646
625	750
625	799
626	687
626	769
626	983
627	635
627	871
628	669
628	740
628	769
628	861
628	934
629	912
630	799
630	915
630	946
630	957
631	665
631	916
632	635
632	715
633	851
633	924
634	705
634	866
635	795
635	922
636	837
636	874
636	939
637	697
637	702
637	858
638	680
638	796
638	834
638	886
638	899
638	909
638	965
640	849
642	686
642	750
642	766
642	782
642	970
643	663
643	759
643	827
644	672
644	675
644	830
644	857
644	970
645	713
646	802
646	928
647	821
648	650
648	795
648	980
649	802
649	914
650	681
650	742
650	811
650	899
651	711
651	719
651	740
651	799
651	847
652	713
652	740
652	777
652	801
652	838
652	981
654	661
654	750
654	782
655	716
655	742
655	751
655	790
655	995
656	683
656	789
656	934
657	861
657	896
657	928
657	943
659	866
660	781
660	917
660	982
661	672
661	677
661	768
661	824
661	910
661	918
662	706
662	772
662	967
664	839
664	874
665	744
665	947
666	675
666	743
666	766
666	796
666	821
666	823
666	892
666	972
666	984
666	989
667	753
667	943
667	952
667	970
667	972
668	774
668	776
668	797
668	821
668	828
668	883
669	674
669	893
669	964
670	746
671	684
671	915
672	704
672	750
672	753
672	789
672	817
672	828
672	866
672	943
673	952
674	704
674	918
675	766
675	776
675	796
675	799
675	804
675	824
675	933
676	705
676	875
676	889
676	969
677	772
677	777
677	843
677	910
677	985
678	816
679	807
679	868
679	961
679	994
680	700
680	821
680	936
680	989
681	796
681	828
681	970
682	775
682	828
682	962
683	687
683	882
684	863
684	958
686	691
686	844
686	875
686	969
686	988
686	990
687	704
687	814
687	822
687	897
688	787
688	833
688	993
689	954
691	716
691	731
691	883
691	906
691	913
691	948
692	790
692	857
692	861
693	836
693	931
693	999
694	699
695	699
695	794
695	813
696	838
696	991
697	877
697	884
697	958
698	884
699	801
700	818
700	988
700	989
702	929
703	717
703	768
703	788
703	811
703	817
703	839
703	972
704	921
705	756
705	805
705	889
706	794
706	979
707	862
708	807
708	849
708	853
708	893
708	970
709	833
709	852
710	964
710	981
711	756
711	815
711	955
714	738
714	770
715	778
715	829
716	723
716	743
716	774
716	977
716	987
716	989
717	745
717	787
717	795
717	934
717	993
717	994
718	812
718	880
718	973
719	785
719	869
719	979
720	744
720	874
720	969
721	723
721	798
721	821
721	844
721	865
721	886
721	936
721	960
721	977
722	760
722	796
722	948
722	965
723	804
723	866
723	948
723	989
724	952
725	730
725	787
725	909
725	997
726	991
727	747
727	794
727	875
727	953
729	833
730	737
731	875
731	936
731	948
731	969
732	938
733	782
733	843
733	897
734	795
734	997
737	739
737	882
739	836
740	830
740	923
743	818
743	837
744	971
745	802
745	918
747	770
747	844
748	779
748	974
750	753
750	788
750	789
750	814
750	918
750	996
751	759
751	780
751	892
751	996
753	768
753	788
753	820
753	827
753	988
753	996
755	844
755	937
755	967
756	894
756	944
758	772
758	946
759	909
759	972
759	995
760	980
761	870
762	924
762	982
764	822
764	934
764	991
764	994
765	927
766	886
766	905
766	970
767	902
768	769
768	928
769	791
769	799
769	943
770	803
770	904
771	931
771	934
771	938
771	949
771	991
772	846
772	900
772	940
773	805
773	946
774	776
774	797
774	866
774	936
775	788
775	846
775	942
775	943
776	874
776	909
776	933
780	811
780	821
780	933
780	936
781	922
782	860
786	819
787	789
787	795
787	888
787	905
788	942
788	988
789	814
790	808
790	856
790	882
793	966
793	968
793	998
795	888
796	827
796	936
797	862
797	936
798	856
798	939
798	997
800	846
801	845
802	805
802	817
802	945
803	910
803	947
804	970
805	844
805	906
807	840
807	873
808	886
809	974
810	957
811	822
811	899
811	909
811	993
812	944
812	950
812	969
812	977
813	817
813	824
813	931
814	939
814	972
815	820
815	875
815	953
817	945
818	821
820	825
821	946
822	888
822	994
824	909
825	848
825	906
825	944
825	945
826	865
827	842
827	887
827	984
827	997
829	982
830	918
830	932
832	920
834	888
834	935
834	990
837	842
837	885
837	899
838	981
839	976
839	995
840	949
840	999
841	854
843	846
843	869
843	928
844	945
844	959
844	985
845	998
847	849
847	998
848	977
848	984
851	982
853	951
856	872
856	874
856	899
856	931
857	861
857	970
858	957
860	910
861	874
862	866
862	944
862	971
863	877
864	986
865	886
865	921
865	995
866	875
866	983
866	989
867	955
868	938
868	964
869	873
869	957
870	929
873	878
873	893
873	957
874	912
874	939
875	914
875	929
876	951
876	986
878	900
878	932
878	962
880	908
880	976
882	907
882	977
883	906
883	910
883	988
885	950
886	892
886	918
886	935
889	945
890	925
892	906
895	922
896	928
900	937
903	905
905	933
905	942
905	970
905	996
906	935
907	995
910	928
910	952
912	954
912	997
913	944
918	921
918	928
919	986
920	929
921	984
921	990
925	929
926	935
928	934
930	947
931	934
931	967
931	979
932	964
933	938
936	984
938	949
938	961
942	965
942	983
942	998
943	988
946	989
948	969
949	994
951	981
951	994
952	983
962	967
969	983
969	989
979	988
984	997
