0	7
0	54
0	417
0	429
0	671
0	715
0	777
0	828
0	978
1	100
1	137
1	228
1	248
1	354
1	366
1	408
1	491
1	587
1	604
1	741
1	828
1	923
2	61
2	135
2	351
2	373
2	374
2	394
2	431
2	488
2	666
2	910
3	69
3	107
3	222
3	260
3	279
3	320
3	343
3	359
3	376
3	534
4	73
4	163
4	298
4	356
4	393
4	402
4	457
4	499
4	517
4	576
4	805
4	903
5	69
5	81
5	436
5	473
5	480
5	927
5	964
6	558
7	54
7	91
7	163
7	257
7	298
7	390
7	560
7	565
7	722
7	743
7	778
8	26
8	34
8	87
8	168
8	175
8	231
8	295
8	360
8	375
9	91
9	113
9	130
9	135
9	232
9	265
9	270
9	310
9	380
9	409
9	446
9	448
9	475
9	545
9	552
9	556
9	585
9	647
9	655
9	664
9	672
9	685
9	716
9	806
9	862
9	872
9	964
9	970
9	985
10	70
10	143
10	245
10	562
10	662
10	666
10	738
10	744
10	762
10	816
10	968
10	999
11	179
11	222
11	268
11	441
11	457
11	461
11	484
11	585
11	611
11	657
11	711
11	744
11	781
11	968
11	977
12	13
12	140
12	464
13	39
13	40
13	136
13	193
13	235
13	459
13	467
13	500
13	644
13	672
13	716
13	769
13	797
13	959
13	987
14	79
14	314
14	557
14	563
14	678
14	798
14	830
14	836
14	993
15	187
15	432
15	433
15	614
15	915
15	963
15	989
16	477
16	488
16	492
16	659
16	683
17	57
17	129
17	138
17	183
17	217
17	259
17	264
17	310
17	358
17	409
17	446
17	447
17	472
17	473
17	605
17	684
17	800
17	839
17	918
17	997
18	191
18	217
18	281
18	699
18	797
18	813
18	860
18	872
18	938
18	982
19	40
19	192
19	371
19	500
19	556
19	581
19	616
19	699
19	729
19	742
19	875
19	928
20	47
20	114
20	188
20	227
20	244
20	248
20	406
20	435
20	603
20	604
20	705
20	828
20	846
20	874
20	920
20	923
20	952
20	953
20	967
21	144
21	208
21	359
21	376
21	417
21	513
21	586
21	597
21	633
21	650
21	685
21	811
21	854
21	874
21	908
21	946
21	958
22	131
22	166
22	482
22	502
22	516
22	527
22	711
22	738
22	832
22	851
22	981
23	44
23	156
23	265
23	804
23	820
23	830
23	831
23	886
23	966
24	52
24	79
24	291
24	435
24	506
24	553
24	588
24	643
24	672
24	699
24	716
24	879
24	897
24	908
25	361
25	362
25	375
25	586
25	697
25	804
25	876
26	211
26	295
26	336
26	932
26	971
27	45
27	105
27	159
27	206
27	233
27	326
27	341
27	358
27	423
27	429
27	604
27	746
27	778
27	905
27	975
28	980
29	154
29	245
29	332
29	355
29	395
29	436
29	488
29	505
29	559
29	641
29	815
29	888
29	999
30	969
31	419
31	984
32	63
32	198
32	271
32	291
32	314
32	411
32	437
32	616
32	670
32	866
33	117
33	173
33	242
33	429
33	442
33	513
33	691
33	764
33	814
34	127
34	237
34	360
34	410
34	511
34	532
34	701
34	845
34	861
35	152
35	157
35	178
35	274
35	560
35	719
35	728
35	743
36	243
36	341
36	578
36	790
37	759
37	925
39	291
39	295
39	317
39	552
39	628
39	729
39	742
39	775
39	780
39	860
39	926
40	62
40	79
40	291
40	317
40	362
40	368
40	639
40	644
40	696
40	733
40	757
40	775
40	838
40	865
40	934
40	995
41	47
41	107
41	114
41	235
41	299
41	349
41	355
41	379
41	411
41	431
41	480
41	498
41	537
41	570
41	657
41	672
41	684
41	811
41	822
41	840
41	913
42	493
43	211
43	385
43	946
44	281
44	485
44	533
44	860
45	46
45	117
45	144
45	318
45	474
45	570
45	587
45	606
45	621
45	661
45	671
45	718
45	741
45	818
45	874
46	98
46	237
46	376
46	403
46	428
46	430
46	491
46	630
46	692
46	757
46	774
46	775
46	814
46	854
46	905
46	941
47	78
47	282
47	460
47	471
47	488
47	559
47	572
47	580
47	603
47	613
47	659
47	737
48	99
48	234
48	602
48	667
48	924
48	926
49	60
49	149
49	151
49	152
49	247
49	248
49	258
49	310
49	339
49	343
49	426
49	454
49	502
49	504
49	514
49	771
49	935
49	992
50	52
50	138
50	336
50	378
50	444
50	625
50	687
50	697
50	758
51	174
51	719
52	101
52	295
52	361
52	362
52	392
52	453
52	535
52	557
52	687
52	785
52	798
52	876
52	899
53	124
53	151
53	205
53	455
53	520
53	610
53	771
53	923
54	66
54	82
54	244
54	249
54	345
54	407
54	428
54	475
54	478
54	637
54	805
54	923
56	116
56	169
56	249
56	269
56	359
56	606
56	617
56	774
56	778
56	783
56	827
56	928
56	941
57	124
57	479
57	488
57	572
57	659
57	705
57	910
58	976
59	92
59	115
59	300
59	379
59	435
59	566
59	639
59	685
59	695
59	764
59	831
59	856
60	93
60	123
60	144
60	153
60	176
60	323
60	343
60	359
60	484
60	655
60	718
60	818
60	861
60	874
60	920
60	978
61	130
61	165
61	197
61	259
61	324
61	380
61	422
61	551
61	572
61	703
61	733
61	763
61	813
61	875
61	964
61	995
62	122
62	132
62	156
62	168
62	219
62	361
62	791
62	854
63	96
63	191
63	237
63	265
63	483
63	535
63	552
63	581
63	625
63	710
63	764
63	770
63	775
63	799
63	860
63	897
64	819
65	157
65	201
65	323
65	357
65	450
65	596
65	637
65	715
65	725
65	761
65	769
65	974
66	82
66	100
66	139
66	286
66	313
66	740
66	747
66	774
66	956
66	972
66	976
67	754
67	849
68	877
69	78
69	96
69	104
69	265
69	318
69	341
69	384
69	496
69	498
69	507
69	510
69	529
69	531
69	625
69	799
69	844
69	902
69	905
69	966
69	991
70	233
70	245
70	322
70	352
70	381
70	426
70	482
70	562
70	735
70	744
70	837
70	857
70	968
70	999
71	100
71	116
71	226
71	246
71	630
71	637
71	688
71	725
71	962
72	94
72	154
72	397
72	522
72	529
72	531
72	551
72	573
72	684
72	717
72	826
73	169
73	207
73	407
73	560
74	195
74	264
74	351
74	354
74	401
74	409
74	471
74	530
74	579
74	631
74	643
74	647
74	741
74	745
74	764
74	811
74	839
74	840
74	842
74	862
74	970
76	164
77	160
77	225
77	614
77	907
78	310
78	342
78	409
78	452
78	529
78	531
78	780
78	856
78	875
78	927
78	953
78	968
79	113
79	168
79	291
79	466
79	483
79	563
79	616
79	966
80	293
80	478
80	719
80	864
81	95
81	124
81	233
81	258
81	381
81	397
81	583
81	613
81	855
81	867
81	887
81	888
81	910
81	933
82	116
82	630
82	774
82	783
82	972
83	130
83	141
83	213
83	266
83	357
83	377
83	488
83	531
83	548
84	131
84	160
84	274
84	340
84	406
84	431
84	550
84	618
84	832
84	852
84	863
85	168
85	392
85	595
85	608
85	854
87	170
87	186
87	295
87	336
87	392
87	554
87	842
88	121
88	330
88	541
88	590
88	624
88	682
88	698
88	947
88	954
89	117
89	163
89	268
89	356
89	444
89	660
89	691
89	741
90	137
90	169
90	202
90	299
90	320
90	349
90	633
90	642
90	802
90	928
91	141
91	157
91	226
91	249
91	262
91	321
91	349
91	430
91	455
91	606
91	671
91	715
91	761
91	765
91	777
91	856
91	863
91	864
91	952
92	724
92	830
92	910
92	912
93	105
93	246
93	349
93	475
93	728
93	759
93	771
94	123
94	195
94	397
94	437
94	518
94	613
94	844
94	992
94	997
95	144
95	201
95	262
95	290
95	343
95	429
95	484
95	611
95	745
95	759
95	844
95	956
96	191
96	384
96	472
96	552
96	590
96	631
96	865
96	875
96	894
97	102
97	394
97	441
97	480
97	591
97	659
97	739
98	122
98	269
98	290
98	414
98	613
98	642
98	652
98	684
98	785
98	802
98	814
98	856
98	946
99	146
99	198
99	255
99	317
99	336
99	557
99	973
100	429
100	463
100	577
100	581
100	606
100	637
100	660
100	740
100	829
100	957
101	127
101	202
101	453
101	501
101	594
101	642
101	709
101	719
101	723
101	791
101	794
101	802
101	861
102	129
102	314
102	339
102	358
102	427
102	466
102	552
102	638
102	656
102	663
102	686
102	699
102	938
103	131
103	961
103	975
103	987
104	107
104	395
104	568
104	673
104	989
104	994
105	137
105	247
105	257
105	345
105	407
105	408
105	456
105	495
105	610
105	863
106	221
106	234
106	382
106	602
106	834
106	836
106	924
107	159
107	380
107	454
107	644
107	651
107	679
107	717
107	842
107	856
108	464
108	940
108	998
109	291
109	300
109	418
109	440
109	446
109	496
109	543
109	579
109	588
109	625
109	639
109	648
109	699
109	721
109	729
109	769
109	775
109	897
110	159
110	180
110	224
110	238
110	313
110	326
110	375
110	474
110	532
110	544
110	695
110	699
110	761
110	845
110	935
111	251
111	277
111	525
111	695
111	849
111	904
112	205
112	247
112	268
112	334
112	484
112	489
112	509
112	527
112	621
112	662
112	815
112	846
112	855
112	967
112	975
112	981
113	135
113	228
113	310
113	460
113	507
113	531
113	607
113	751
113	763
113	856
113	865
113	927
113	978
114	206
114	248
114	367
114	379
114	559
114	673
114	681
114	721
114	746
114	862
114	888
114	916
114	983
115	173
115	281
115	506
115	696
115	780
115	791
115	806
115	842
115	897
115	958
116	139
116	189
116	400
116	408
116	587
116	743
116	774
116	925
117	120
117	180
117	220
117	246
117	281
117	481
117	522
117	554
117	583
117	687
117	785
117	934
117	946
117	956
118	261
118	893
119	405
120	144
120	311
120	366
120	507
120	513
120	636
120	745
120	771
120	861
120	874
120	928
120	936
121	164
121	250
121	305
121	487
121	682
121	698
121	749
122	180
122	343
122	349
122	362
122	463
122	484
122	577
122	635
122	757
122	854
122	905
123	227
123	351
123	481
123	655
123	680
123	687
123	718
123	741
123	921
123	983
123	991
124	228
124	341
124	355
124	381
124	436
124	461
124	744
124	764
124	872
124	887
124	942
125	221
125	464
125	841
126	163
126	334
126	388
126	560
126	578
126	753
126	796
127	281
127	288
127	444
127	481
127	678
127	709
127	946
128	266
128	287
128	301
128	623
128	833
128	868
128	988
129	165
129	186
129	192
129	198
129	358
129	380
129	403
129	409
129	446
129	496
129	510
129	543
129	585
129	725
129	797
129	985
130	213
130	333
130	411
130	421
130	441
130	460
130	510
130	551
130	624
130	631
130	664
130	703
130	862
130	875
130	887
130	888
130	995
131	141
131	143
131	332
131	377
131	662
131	727
131	863
132	317
132	459
132	526
132	619
132	886
132	993
133	216
133	843
134	140
134	183
134	196
134	215
134	459
134	500
134	836
135	232
135	310
135	379
135	409
135	435
135	475
135	496
135	603
135	670
135	744
135	800
135	818
135	887
135	927
135	964
135	970
135	988
136	186
136	231
136	260
136	295
136	418
136	452
136	518
136	661
136	681
136	729
136	842
136	845
136	858
136	933
136	993
137	152
137	237
137	376
137	471
137	606
137	672
137	763
137	778
137	942
137	997
138	198
138	291
138	358
138	361
138	619
138	625
138	632
138	798
138	806
138	928
138	966
139	316
140	236
140	260
140	285
140	315
140	909
141	233
141	245
141	325
141	453
141	652
141	657
141	744
141	763
141	862
141	921
141	942
141	970
143	332
143	391
143	607
143	815
143	853
143	863
143	970
144	163
144	248
144	268
144	318
144	354
144	361
144	606
144	609
144	814
144	952
145	582
146	375
146	524
146	542
146	619
146	993
147	316
147	343
147	691
148	170
148	289
148	382
148	384
148	551
148	769
149	323
149	326
149	439
149	450
149	458
149	484
149	589
149	604
149	610
149	691
149	774
149	952
149	978
150	525
150	969
151	206
151	323
151	345
151	454
151	461
151	491
151	550
151	610
151	611
151	675
151	727
151	771
151	828
151	872
152	169
152	242
152	430
152	450
152	596
152	606
152	643
152	691
152	715
152	740
152	774
152	974
152	991
153	206
153	311
153	359
153	376
153	513
153	587
153	589
153	596
153	632
153	633
153	746
153	879
153	978
154	161
154	258
154	342
154	446
154	479
154	522
154	562
154	677
154	773
154	942
155	324
155	371
155	467
156	215
156	234
156	382
156	526
156	580
157	439
157	471
157	715
157	730
157	777
157	778
157	883
158	400
159	178
159	341
159	429
159	636
159	690
159	733
159	936
159	983
159	994
160	527
161	373
161	436
161	591
161	641
161	875
162	283
162	304
162	555
162	576
162	662
162	805
163	189
163	262
163	334
163	722
163	960
164	348
165	197
165	473
165	531
165	579
165	605
165	664
165	670
165	910
165	938
166	426
166	675
166	927
166	992
168	204
168	295
168	410
168	497
168	932
168	934
169	208
169	527
169	691
169	972
170	619
170	966
171	622
172	198
172	535
172	563
172	769
172	780
172	797
172	892
172	897
172	933
172	959
173	176
173	193
173	281
173	290
173	417
173	437
173	798
173	831
173	932
174	328
175	336
175	410
175	481
175	501
175	971
176	188
176	358
176	361
176	422
176	436
176	544
176	554
176	595
176	637
176	685
176	757
176	760
176	811
176	842
176	854
176	936
176	958
177	277
178	189
178	400
178	428
178	715
178	728
178	740
178	761
178	774
179	182
179	220
179	247
179	319
179	349
179	354
179	821
179	847
180	361
180	410
180	566
180	603
180	635
180	688
180	952
180	958
181	319
181	706
181	911
181	999
182	454
182	462
182	471
182	534
182	583
182	707
182	799
183	674
183	699
183	731
183	763
183	897
184	503
185	193
185	490
185	518
185	554
185	577
185	611
185	633
185	634
185	685
185	696
185	751
185	757
185	775
185	822
185	928
185	933
185	936
186	191
186	291
186	349
186	464
186	605
186	770
186	806
186	854
186	860
186	879
186	959
187	300
187	373
187	628
188	270
188	279
188	414
188	595
188	625
188	640
188	672
188	696
188	928
188	934
189	256
189	388
189	402
189	434
189	722
189	755
190	370
190	838
190	980
191	217
191	472
191	625
191	685
191	769
191	798
191	845
191	924
192	285
192	302
192	382
192	467
192	487
192	500
192	530
192	553
192	556
192	605
192	656
192	729
192	742
192	858
192	866
192	900
192	931
192	952
193	248
193	521
193	554
193	577
193	581
193	594
193	597
193	644
193	718
193	763
193	774
193	956
194	370
195	228
195	264
195	290
195	320
195	322
195	367
195	442
195	666
195	739
195	744
195	752
195	830
195	840
195	858
195	889
195	913
195	916
195	927
196	198
196	384
196	500
196	595
196	742
196	830
196	836
196	980
197	372
197	387
197	421
197	551
197	569
197	896
197	954
198	285
198	299
198	309
198	530
198	579
198	616
198	634
198	822
198	830
198	858
198	886
198	900
199	342
199	413
199	457
199	711
199	752
199	940
199	992
200	245
200	261
200	441
200	582
200	591
200	712
200	746
201	423
201	595
201	630
201	743
201	829
201	843
201	925
201	941
202	224
202	326
202	443
202	444
202	448
202	449
202	532
203	333
203	374
203	570
203	686
203	824
203	846
204	364
204	383
204	831
204	849
205	274
205	391
205	413
205	426
205	482
205	499
205	661
205	680
205	727
205	815
206	475
206	484
206	652
206	861
206	920
206	974
206	992
207	578
207	753
207	774
208	286
208	376
208	408
208	439
208	443
208	511
208	543
208	587
208	642
208	710
208	874
208	952
208	974
209	255
209	292
211	788
211	849
212	295
212	642
212	672
212	721
212	780
212	854
212	899
212	912
213	309
213	339
213	421
213	620
213	631
213	639
213	664
213	699
213	937
214	237
214	248
214	429
214	442
214	481
214	707
214	918
214	923
215	378
215	533
215	667
215	891
215	993
216	345
216	363
216	434
216	903
217	291
217	314
217	459
217	563
217	667
217	696
217	769
217	896
218	399
218	901
218	906
218	919
218	943
219	231
219	375
219	566
219	642
219	671
219	757
219	812
219	956
220	247
220	311
220	341
220	357
220	458
220	643
220	751
220	916
220	994
221	602
221	912
221	943
222	318
222	403
222	484
222	507
222	634
222	636
222	785
222	806
222	839
222	879
222	916
222	958
223	400
223	626
223	878
224	435
224	503
224	633
224	696
224	791
224	792
224	799
224	956
225	241
226	238
226	242
226	414
226	443
226	481
226	651
226	829
227	304
227	422
227	454
227	480
227	534
227	607
227	643
227	658
227	684
227	762
227	846
227	970
228	260
228	341
228	448
228	498
228	545
228	821
228	916
228	937
229	324
229	437
229	467
229	506
229	510
229	551
229	559
229	598
229	670
229	954
229	998
230	915
231	288
231	452
231	453
231	501
231	594
231	617
231	653
231	709
231	854
231	864
231	938
231	962
232	431
232	496
232	583
232	604
232	635
232	639
232	718
232	739
232	913
232	918
232	991
232	997
233	320
233	357
233	391
233	451
233	458
233	534
233	675
233	760
233	765
233	789
233	862
233	921
233	942
234	699
235	259
235	318
235	403
235	404
235	446
235	537
235	552
235	581
235	616
235	655
235	721
235	769
235	806
235	839
235	932
235	937
235	958
236	793
237	318
237	359
237	513
237	606
237	633
237	634
237	652
237	690
237	710
237	861
237	874
237	937
238	503
238	653
238	794
238	812
238	835
238	849
239	389
240	399
240	676
240	901
241	267
241	274
241	287
241	768
241	781
242	246
242	376
242	385
242	417
242	423
242	511
242	544
242	589
242	596
242	740
242	777
242	827
243	393
243	555
243	743
244	511
244	571
244	606
244	653
244	843
244	972
245	266
245	282
245	460
245	488
245	620
245	659
245	705
246	474
246	513
246	733
247	248
247	376
247	407
247	456
247	458
247	461
247	618
247	662
247	680
247	800
247	805
247	806
247	844
247	908
247	942
248	259
248	279
248	358
248	415
248	583
248	918
249	269
249	416
249	430
249	462
249	503
249	517
249	611
249	671
250	335
250	528
250	540
250	541
250	547
250	562
250	891
251	449
251	962
252	682
252	766
252	891
253	802
253	842
253	854
254	734
254	749
254	826
254	947
255	263
255	300
255	330
255	339
255	460
255	540
255	773
255	822
255	865
255	982
256	344
256	476
256	753
257	294
257	604
257	680
257	942
257	978
258	374
258	381
258	479
258	488
258	939
259	309
259	332
259	409
259	447
259	490
259	674
259	782
259	897
260	278
260	306
260	310
260	320
260	351
260	437
260	588
260	655
260	684
260	717
260	721
260	751
260	775
260	937
261	512
262	357
262	402
262	461
262	635
262	722
262	783
262	799
262	855
262	863
263	683
263	980
264	306
264	425
264	452
264	579
264	639
264	685
264	760
264	763
264	797
264	804
265	430
265	490
265	500
265	553
265	570
265	674
265	684
265	769
265	797
266	282
266	332
266	372
266	431
266	516
266	607
266	666
266	677
266	940
267	321
267	871
268	357
268	441
268	455
268	461
268	514
268	635
268	751
268	828
268	855
268	916
268	920
268	978
268	992
269	359
269	587
269	595
269	606
269	634
269	652
269	688
269	691
269	771
269	778
269	818
269	874
269	908
269	936
269	946
269	952
269	957
270	310
270	431
270	440
270	710
270	725
270	780
270	811
270	874
270	879
271	585
271	665
271	674
271	773
271	813
271	909
272	352
272	465
272	626
272	728
272	837
273	493
273	569
273	582
273	598
273	850
273	893
274	428
274	607
274	662
274	707
274	789
274	846
274	863
274	888
274	942
274	992
275	284
275	714
277	410
277	412
277	901
278	352
278	422
278	447
278	448
278	500
278	552
278	741
278	763
278	910
278	916
278	921
278	927
278	932
278	964
278	983
279	359
279	597
279	661
279	765
279	776
279	874
279	918
279	974
280	566
280	849
281	362
281	423
281	473
281	642
281	667
281	701
281	725
281	758
281	770
281	791
281	822
282	321
282	325
282	404
282	413
282	921
282	940
283	356
283	416
283	461
283	471
283	504
285	324
285	656
285	704
285	804
286	288
286	430
286	596
286	740
287	301
287	377
287	398
287	833
287	968
288	425
288	617
288	653
288	723
288	962
288	972
289	291
289	409
289	467
289	830
289	891
289	936
290	351
290	417
290	486
290	494
290	653
290	691
290	794
290	843
291	358
291	418
291	535
291	579
291	642
291	644
291	647
291	656
291	687
291	699
291	858
291	932
291	934
291	959
292	324
292	342
292	371
292	379
292	522
292	562
292	605
292	631
292	672
292	875
293	722
293	756
294	517
294	576
294	828
294	978
295	306
295	392
295	422
295	588
295	794
295	831
297	383
297	425
297	586
297	648
298	499
298	578
298	626
298	864
298	923
299	452
299	467
299	472
299	563
299	579
299	588
299	997
300	380
300	487
300	590
300	734
300	752
300	779
300	954
301	395
301	398
301	615
301	727
301	914
302	540
302	580
302	599
302	734
304	381
304	391
304	406
304	471
304	527
304	559
304	607
304	711
304	821
304	872
304	927
304	940
304	994
305	309
305	358
305	466
305	582
305	698
305	947
306	422
306	458
306	543
306	579
306	580
306	644
306	647
306	701
306	725
306	764
306	927
306	991
307	344
307	393
307	722
307	728
307	869
308	586
308	810
308	919
309	507
309	553
309	797
309	813
309	954
310	352
310	380
310	415
310	446
310	475
310	556
310	593
310	603
310	916
311	401
311	448
311	461
311	506
311	559
311	581
311	725
311	740
311	745
311	764
311	770
311	839
311	882
311	926
313	449
313	463
313	723
314	375
314	418
314	586
314	656
314	798
314	830
314	959
315	736
315	909
316	438
316	709
317	382
317	466
317	467
317	483
317	485
317	526
317	780
317	899
317	924
317	959
318	352
318	447
318	581
318	633
318	635
318	652
318	656
318	685
318	705
318	746
318	751
318	861
318	964
319	436
319	537
319	665
319	911
319	967
320	323
320	354
320	415
320	635
322	325
322	373
322	407
322	479
322	480
322	666
322	706
322	739
322	927
322	977
322	992
323	456
323	462
323	596
323	778
323	792
323	805
323	941
325	403
325	457
325	480
325	498
325	507
325	821
325	824
326	415
326	481
326	636
326	774
326	827
326	972
327	549
327	762
327	807
329	464
329	477
330	664
330	698
330	782
330	826
332	394
332	441
332	460
332	570
332	607
332	641
332	940
333	347
333	351
333	355
333	404
333	421
333	531
333	635
333	666
333	910
333	985
333	989
334	462
334	502
334	707
334	925
335	519
335	622
335	850
336	498
336	563
336	595
336	776
336	798
336	956
337	886
338	743
338	755
338	960
339	510
339	552
339	585
339	737
339	763
339	875
339	985
340	426
340	833
340	851
340	955
341	407
341	491
341	514
341	675
341	699
341	705
341	844
341	856
341	888
341	918
341	921
341	937
341	953
342	379
342	394
342	464
342	540
342	659
342	670
342	731
343	401
343	513
343	651
343	740
343	928
343	935
343	952
344	759
345	428
345	502
345	514
345	610
346	969
347	374
349	540
349	583
349	613
349	637
349	774
349	847
349	889
351	358
351	585
351	685
351	688
351	733
351	789
351	799
351	809
351	811
351	926
351	987
352	394
352	522
352	593
352	659
352	684
352	717
352	765
352	800
352	972
354	374
354	462
354	504
354	593
354	604
354	635
354	671
354	687
354	776
354	818
355	421
355	493
355	522
355	613
355	666
355	894
355	970
356	366
356	393
356	428
356	471
356	503
356	743
356	771
357	451
357	491
357	504
357	610
357	611
357	651
357	655
357	771
357	777
358	422
358	452
358	496
358	498
358	500
358	530
358	684
358	696
358	721
358	879
358	882
358	910
359	362
359	502
359	585
359	687
359	730
359	771
359	847
359	964
359	975
360	758
360	769
360	802
361	496
361	518
361	745
361	770
361	858
361	964
362	453
362	463
362	469
362	486
362	518
362	535
362	581
362	764
362	831
363	621
364	452
364	892
366	393
366	439
366	587
366	805
366	935
367	397
367	422
367	507
367	550
367	570
367	684
367	718
367	735
367	760
367	844
367	882
367	910
367	913
367	927
367	999
368	479
368	487
368	766
368	769
369	557
370	973
371	468
371	472
371	490
371	496
371	809
371	822
372	591
372	638
372	654
372	948
373	591
373	984
374	782
375	687
375	912
376	417
376	475
376	581
376	587
376	613
376	635
376	644
376	667
376	675
376	725
376	741
376	896
376	920
377	489
377	679
377	871
377	913
377	963
377	992
378	468
378	729
379	427
379	531
379	588
379	667
379	684
379	737
379	763
379	938
380	409
380	554
380	631
380	647
380	822
380	862
380	966
381	551
381	570
381	607
381	613
381	789
381	927
382	667
382	860
383	901
384	472
384	602
384	670
385	544
385	589
385	874
385	956
386	477
386	896
387	391
387	411
387	592
387	703
387	801
388	454
388	515
388	759
389	833
390	515
390	805
390	960
390	978
391	460
391	489
391	559
391	618
391	707
391	800
391	815
391	863
391	883
391	884
391	975
391	989
392	770
392	785
392	830
393	517
393	750
394	488
394	800
394	857
394	979
395	406
395	643
395	717
395	815
395	844
395	989
396	519
396	522
396	540
396	731
396	763
396	839
396	844
396	954
397	603
397	677
397	717
398	489
398	768
398	869
398	951
399	906
401	437
401	703
401	710
401	764
401	809
401	964
401	987
402	416
402	955
403	435
403	447
403	448
403	452
403	507
403	552
403	588
403	751
403	764
403	799
403	888
403	927
404	446
404	504
404	552
404	562
404	573
404	590
404	711
404	894
404	913
405	626
406	573
406	673
406	707
406	807
406	871
406	884
407	416
407	439
407	456
407	471
407	573
407	611
407	750
407	765
408	442
408	454
408	715
408	774
408	783
408	818
408	864
408	935
409	422
409	448
409	473
409	480
409	581
409	661
409	684
409	703
409	745
409	840
409	846
409	872
409	913
409	985
410	778
410	791
410	912
410	934
410	946
411	431
411	444
411	480
411	655
411	678
411	705
411	718
411	721
411	735
411	739
411	844
412	649
413	584
413	623
413	832
414	444
414	589
414	642
414	690
414	769
414	812
414	974
415	475
415	534
415	581
415	685
415	705
415	737
415	800
415	827
415	876
415	888
415	918
416	828
416	855
416	908
417	587
417	608
417	691
417	806
417	818
418	543
418	552
418	563
418	655
418	684
418	685
418	701
418	751
418	785
418	798
419	914
420	626
420	821
420	867
420	884
420	990
420	994
421	540
421	682
421	734
421	893
421	982
422	457
422	510
422	579
422	644
422	716
422	932
422	964
423	511
423	776
423	934
423	957
425	453
425	634
425	849
426	735
426	777
426	837
426	840
426	863
427	577
427	680
428	759
428	777
428	908
429	594
429	597
429	604
429	606
429	610
429	635
429	741
429	842
429	847
429	908
429	913
429	989
430	502
430	521
430	560
430	611
430	783
430	935
430	960
431	529
431	559
431	607
431	666
431	739
431	911
431	913
431	921
431	940
431	968
432	548
432	573
432	937
433	516
433	712
433	999
434	743
434	750
434	878
435	448
435	490
435	496
435	498
435	552
435	656
435	672
435	775
435	839
435	931
436	441
436	447
436	488
436	545
436	570
436	607
436	670
436	673
436	706
436	840
436	968
437	446
437	473
437	528
437	552
437	554
437	625
437	663
437	721
437	741
437	809
437	888
437	899
437	933
437	985
438	544
438	829
439	442
439	455
439	481
439	818
439	952
440	594
440	696
441	573
441	734
441	887
442	491
442	504
442	594
442	661
442	691
442	760
442	828
442	974
443	539
444	458
444	469
444	581
444	589
444	688
444	715
444	761
444	776
444	794
445	550
445	702
445	869
446	468
446	518
446	530
446	588
446	605
446	685
446	742
446	752
446	935
447	496
447	537
447	552
447	620
447	839
447	880
447	910
447	985
448	496
448	507
448	530
448	705
448	718
448	744
448	840
448	994
450	611
450	651
450	715
450	761
450	867
451	604
451	643
451	658
451	727
451	794
451	923
452	483
452	496
452	518
452	545
452	634
452	639
452	780
452	958
453	497
453	513
453	566
453	594
453	608
453	634
453	661
453	741
453	905
453	941
453	946
454	455
454	456
454	461
454	621
454	774
454	967
455	456
455	457
455	504
455	658
455	828
455	867
455	978
456	471
456	502
456	643
456	722
456	851
457	588
457	659
457	721
457	813
457	887
457	927
457	929
457	985
457	987
457	993
458	513
458	661
458	672
458	675
458	709
458	879
458	908
459	528
459	533
459	602
459	836
459	892
460	739
460	752
460	782
460	927
461	502
461	610
462	471
462	583
462	680
462	688
462	789
462	821
462	839
462	923
462	937
462	979
463	521
463	566
463	608
463	661
463	757
463	802
464	531
464	698
464	858
465	509
466	966
467	500
467	537
467	580
467	667
467	696
467	966
468	526
468	586
468	667
468	681
468	758
468	978
469	474
469	566
469	630
469	688
469	733
469	741
469	794
469	874
470	524
470	749
470	900
471	484
471	534
471	583
471	593
471	597
471	652
471	658
471	718
471	737
471	739
471	765
471	844
471	978
472	483
472	500
472	543
472	588
472	802
472	892
472	926
472	959
472	993
473	496
473	498
473	537
473	579
473	605
473	684
473	862
473	913
473	916
474	715
474	733
474	827
475	498
475	597
475	672
475	710
475	745
475	844
475	862
476	756
476	890
477	492
477	519
477	582
477	894
478	818
479	488
479	562
479	620
479	628
479	641
479	654
479	664
479	665
479	816
480	530
480	641
480	670
480	735
480	773
480	862
480	910
480	927
481	531
481	633
481	636
481	691
481	774
481	778
481	792
481	928
481	983
482	527
482	751
482	889
482	967
483	556
483	725
483	926
484	491
484	577
484	583
484	596
484	721
484	778
484	814
484	831
484	843
484	847
484	936
485	497
485	924
486	513
486	606
486	617
486	633
486	757
486	845
486	861
486	905
486	928
486	941
487	540
487	582
487	639
487	698
488	666
488	731
488	824
488	891
488	954
488	995
489	618
489	762
489	789
489	844
489	988
490	674
490	763
490	797
490	954
490	966
491	587
491	611
491	630
491	652
491	776
491	829
491	845
491	861
491	867
491	885
491	958
492	558
492	698
492	891
493	638
493	894
495	925
496	500
496	551
496	585
496	745
496	839
496	862
496	882
496	936
497	554
498	527
498	731
498	765
498	770
498	813
498	822
498	942
498	987
498	989
499	759
499	903
500	522
500	579
500	631
500	866
500	875
501	640
501	649
502	621
502	633
502	722
502	821
502	920
504	707
504	759
504	819
504	885
505	673
505	735
505	911
506	518
506	563
506	625
506	655
506	656
506	822
506	824
506	882
506	933
506	964
506	985
507	510
507	531
507	633
507	725
507	764
507	839
507	862
507	909
507	920
507	985
508	835
509	576
509	728
509	796
509	884
510	530
510	630
510	731
510	764
510	875
510	910
510	994
511	630
511	637
511	661
511	761
511	956
512	659
513	643
513	771
513	792
513	814
513	861
513	863
513	908
513	918
513	946
514	529
514	537
514	543
514	613
514	637
514	652
514	781
514	837
514	847
514	882
514	889
515	576
515	756
516	963
517	728
517	740
517	777
518	554
518	556
518	625
518	725
518	751
518	839
518	933
518	998
519	568
519	749
520	560
520	609
520	743
520	777
520	796
521	587
521	596
521	635
521	675
521	722
521	765
521	778
521	805
521	828
521	935
522	531
522	559
522	667
522	813
522	992
522	995
524	599
524	824
524	898
525	754
526	667
526	674
526	836
527	607
527	680
527	735
527	744
527	821
527	837
527	839
527	846
527	883
527	937
527	975
528	586
528	742
528	909
529	686
529	737
529	763
530	553
530	710
530	809
530	983
530	985
531	760
531	800
531	856
531	947
531	998
532	589
532	642
532	733
532	776
532	905
533	580
533	797
533	836
533	900
534	593
534	635
534	661
534	707
534	809
534	828
534	855
534	889
534	942
534	977
535	594
535	692
535	843
535	934
536	980
537	543
537	585
537	721
537	844
537	856
537	865
537	916
537	918
537	920
538	886
539	690
539	723
539	740
539	905
540	590
540	639
540	865
540	927
541	682
541	766
541	826
541	866
541	891
542	836
543	554
543	625
543	725
543	751
543	839
543	908
543	987
545	580
545	585
545	655
545	684
545	703
545	799
545	824
545	862
545	875
545	927
545	991
546	668
548	584
548	689
548	853
548	963
548	967
549	550
550	615
550	623
550	728
550	805
550	837
550	852
550	885
550	955
550	975
551	554
551	585
551	605
551	631
551	674
551	862
551	888
552	656
552	684
552	699
552	721
552	785
552	860
552	862
552	902
552	985
552	998
553	674
553	813
553	826
553	898
554	634
554	647
555	852
555	914
555	949
556	588
556	734
556	813
556	822
556	938
557	692
557	695
557	876
559	579
559	607
559	657
559	739
559	887
559	998
560	759
560	828
562	572
562	664
562	739
563	580
563	595
563	687
563	822
563	831
563	899
564	593
564	645
564	800
564	832
564	937
564	940
565	761
566	757
566	770
566	854
566	928
566	934
566	962
567	722
567	871
567	961
568	654
568	800
568	824
568	850
569	582
569	663
569	985
570	739
570	840
570	910
570	916
570	987
571	835
572	665
572	731
572	891
573	737
573	988
574	891
576	604
576	925
577	585
577	696
577	716
577	745
577	764
577	839
577	856
577	987
577	997
578	730
578	792
579	687
579	701
579	862
579	882
579	938
580	632
580	698
580	758
580	866
580	909
580	966
581	644
581	661
581	667
581	778
581	811
581	845
581	879
581	905
581	913
581	952
582	624
582	698
582	820
583	652
583	725
583	765
583	774
583	789
583	840
583	888
583	889
583	974
584	645
584	711
585	995
586	699
586	927
587	611
587	691
587	709
587	715
587	771
587	864
587	936
587	962
588	625
588	635
588	644
588	731
588	734
588	860
588	862
588	876
588	899
588	924
588	938
589	642
589	655
589	843
589	861
589	972
590	973
591	664
591	712
592	620
593	666
593	760
593	776
593	800
593	889
593	942
593	953
593	994
594	847
595	636
595	661
595	692
595	776
595	899
595	902
596	792
597	655
597	705
597	710
597	718
597	746
597	792
597	991
598	749
599	624
599	838
600	617
602	701
602	924
603	705
603	711
603	791
603	799
603	839
603	844
603	887
603	952
603	979
603	995
603	997
604	635
604	777
604	847
604	864
604	908
604	942
605	731
605	938
605	985
606	636
606	874
606	936
606	974
607	657
607	686
607	730
607	752
608	611
608	688
608	842
608	892
608	974
609	626
609	643
609	771
609	819
610	750
611	671
611	709
611	799
611	974
613	635
613	647
613	673
613	760
613	765
613	777
613	887
613	942
613	953
614	702
614	988
615	727
616	625
616	892
616	898
616	927
617	687
617	723
617	750
617	812
617	842
617	957
617	972
618	711
618	846
619	866
619	971
620	624
620	625
620	659
620	670
620	779
621	828
622	894
623	702
623	821
624	669
624	982
625	741
625	780
625	839
625	879
625	959
626	728
628	689
630	637
630	681
630	687
630	688
630	690
630	710
630	776
630	778
631	717
631	731
631	875
631	913
631	954
632	758
632	924
633	642
633	688
633	827
633	842
633	854
633	905
633	941
634	745
634	791
634	854
635	643
635	685
635	721
635	778
635	799
635	815
635	910
635	936
635	953
636	953
636	972
637	805
637	827
637	843
637	918
637	974
638	891
638	947
639	644
639	701
639	710
639	798
639	876
639	926
639	931
640	802
640	930
641	677
641	940
642	691
642	725
642	733
642	843
642	861
643	680
643	923
643	974
644	710
644	842
644	882
644	892
644	926
646	669
647	661
647	687
647	718
647	751
647	775
647	822
647	946
648	785
648	919
649	786
650	733
650	829
650	935
651	671
651	861
651	920
651	941
651	957
652	660
652	741
652	746
652	974
652	997
653	805
653	829
653	956
653	962
654	803
654	816
654	948
655	775
655	840
655	882
655	935
655	991
656	780
657	705
657	717
657	989
657	995
658	837
658	855
658	975
660	671
660	691
660	776
660	778
660	827
660	957
661	699
661	757
661	792
662	675
662	680
662	684
662	711
662	975
663	729
665	803
665	875
665	896
665	942
666	752
666	875
666	887
666	970
666	999
667	674
667	770
667	830
667	932
670	717
670	938
671	740
671	847
671	935
672	687
672	705
672	839
672	862
672	882
672	938
673	677
673	711
673	760
673	800
673	968
673	992
674	894
674	982
674	998
675	757
675	846
676	873
677	950
677	967
678	733
678	788
679	680
679	703
679	815
679	988
680	728
680	765
680	789
680	799
680	847
680	978
681	729
681	830
681	898
681	902
682	698
682	703
682	734
682	973
684	687
684	809
684	839
684	987
684	995
684	997
685	705
685	715
685	745
685	751
685	920
686	712
686	800
686	999
687	751
687	769
687	806
687	839
687	854
687	874
687	879
687	928
688	709
688	827
688	829
688	879
688	928
689	984
690	709
690	733
690	778
690	952
690	953
690	958
691	760
691	774
691	843
691	861
691	956
691	957
692	791
692	842
692	854
692	957
692	958
692	974
695	697
695	701
696	701
696	769
696	802
696	899
697	733
697	849
697	901
698	745
698	826
698	865
698	891
698	954
699	780
699	938
699	994
701	729
701	797
701	813
701	822
701	933
701	959
702	852
702	979
702	981
703	782
704	724
704	886
705	710
705	730
705	737
705	844
705	932
705	942
705	970
705	997
707	792
709	778
710	721
710	844
710	887
710	933
710	937
710	946
710	964
711	800
711	816
711	832
711	853
712	816
713	794
713	864
714	728
714	755
714	819
714	852
714	951
715	852
715	878
716	763
716	780
716	797
716	912
717	744
717	765
717	800
717	921
718	721
718	842
718	918
718	937
719	976
721	879
723	843
725	751
727	883
727	916
727	967
727	992
730	855
730	968
730	992
730	999
731	824
731	875
731	931
733	802
733	828
733	879
733	937
734	779
734	801
734	820
734	826
734	838
734	947
735	815
735	925
736	758
737	744
737	775
737	800
737	983
737	997
738	989
739	744
739	811
739	828
739	927
740	829
740	854
741	778
741	821
742	836
742	993
744	768
744	840
744	921
744	970
745	775
745	937
745	942
745	983
745	987
746	776
746	781
746	844
746	974
746	975
747	818
747	960
750	774
750	903
750	920
751	764
751	809
751	899
751	908
751	959
752	800
752	821
752	844
752	940
752	942
752	968
757	913
757	958
757	962
757	964
759	783
759	960
760	789
760	844
760	983
760	991
761	778
761	783
761	843
761	952
761	957
762	800
762	852
762	907
763	779
764	910
764	933
764	934
764	952
765	799
765	846
765	889
765	907
765	970
768	853
768	975
769	770
769	897
769	912
770	785
770	813
770	831
770	897
771	847
771	855
771	978
773	813
773	954
774	818
774	827
774	861
775	811
776	785
776	794
776	928
776	946
776	957
777	867
777	967
778	843
778	941
779	865
779	938
779	954
779	973
780	809
780	858
780	879
780	926
780	959
780	966
781	883
781	989
782	803
782	991
783	792
783	829
783	864
784	812
784	957
785	842
785	897
788	849
789	828
789	837
789	840
790	890
790	903
791	802
792	952
794	952
794	956
797	860
798	902
798	933
799	802
799	811
799	844
799	918
799	968
800	940
800	950
802	902
802	931
802	936
802	959
804	836
805	888
805	952
805	992
806	845
806	879
807	848
807	961
809	997
810	919
811	872
811	882
811	888
811	894
813	822
813	847
813	862
813	938
814	908
814	936
814	991
815	840
815	863
815	920
815	977
816	844
817	951
819	949
821	828
821	887
821	889
821	942
821	981
823	984
824	857
824	998
826	982
827	957
827	987
828	840
828	855
828	889
828	913
828	978
829	946
829	972
830	931
831	899
831	934
832	851
832	853
832	929
833	868
833	907
834	854
834	966
836	912
836	966
839	882
839	927
839	933
839	985
840	916
840	991
842	906
842	932
842	934
843	878
843	934
844	968
844	994
845	928
846	851
846	884
846	974
846	991
846	994
852	868
852	949
852	977
853	981
853	992
854	905
855	936
855	953
856	920
856	937
856	997
857	984
858	892
858	926
858	938
860	865
860	892
860	927
860	959
861	905
861	957
862	926
862	937
862	995
863	975
863	987
863	992
865	970
867	935
868	869
868	977
871	939
874	953
874	956
875	910
875	927
876	892
876	919
879	882
879	928
879	933
880	909
881	959
882	918
882	978
883	968
883	977
883	979
884	978
887	967
887	978
888	934
888	983
889	935
891	993
892	924
892	931
896	982
897	966
899	902
899	932
900	993
905	946
907	961
907	981
909	973
910	913
910	927
910	937
910	995
913	953
913	991
916	918
916	921
916	937
918	920
918	928
918	942
918	991
923	942
924	945
926	966
928	936
932	966
933	983
933	985
935	974
937	942
937	987
942	992
942	997
946	962
951	990
952	983
953	994
953	995
959	998
967	992
975	985
975	989
975	992
978	992
979	981
979	988
987	995
991	995
