0	124
0	131
0	297
0	336
0	382
0	399
0	481
0	579
0	620
0	632
0	634
0	705
0	910
1	73
1	76
1	95
1	356
1	386
1	478
1	485
1	619
1	627
1	690
1	722
1	765
1	811
1	945
1	974
2	74
2	184
2	422
2	611
2	715
2	765
2	782
2	841
2	958
3	106
3	116
3	123
3	250
3	281
3	282
3	702
3	769
4	81
4	224
4	286
4	318
4	470
4	498
4	586
4	707
4	861
4	990
5	118
5	146
5	202
5	229
5	251
5	254
5	256
5	258
5	262
5	413
5	505
5	535
5	589
5	645
5	751
5	791
5	811
5	817
5	876
5	877
6	284
6	454
6	560
6	574
6	927
7	194
7	351
8	11
8	32
8	59
8	225
8	281
8	283
8	297
8	370
8	395
8	408
8	462
8	485
8	715
9	103
9	150
9	177
9	213
9	262
9	613
9	660
9	717
9	721
9	735
10	84
10	104
10	106
10	107
10	302
10	373
10	526
10	559
10	597
10	974
11	18
11	50
11	85
11	94
11	131
11	150
11	225
11	232
11	234
11	274
11	324
11	399
11	412
11	443
11	532
11	567
11	726
11	845
11	857
11	894
11	920
11	969
12	77
12	201
12	218
12	368
12	416
12	508
12	554
12	624
12	653
12	703
12	768
12	811
12	822
13	49
13	699
14	79
14	139
14	178
14	192
14	224
14	232
14	254
14	293
14	382
14	408
14	596
14	606
14	743
14	751
14	808
14	949
15	38
15	70
15	87
15	137
15	269
15	368
15	393
15	498
15	561
15	677
15	714
15	804
15	921
15	938
15	983
16	165
16	303
16	416
16	542
16	563
16	768
16	972
17	48
17	94
17	111
17	134
17	227
17	349
17	495
17	583
17	828
17	889
17	891
18	39
18	85
18	92
18	112
18	115
18	344
18	375
18	377
18	462
18	478
18	509
18	532
18	596
18	707
18	738
18	821
18	849
18	927
18	980
18	983
19	51
19	95
19	128
19	222
19	282
19	307
19	342
19	373
19	422
19	453
19	527
19	542
19	597
19	833
19	889
19	945
20	99
20	166
20	185
20	217
20	244
20	262
20	322
20	325
20	428
20	457
20	482
20	849
20	990
21	61
21	206
21	533
21	539
21	561
21	581
21	695
21	720
21	721
21	800
22	283
22	300
22	335
22	515
22	522
22	571
22	668
22	855
23	337
23	411
23	589
23	607
23	679
23	681
23	765
23	816
23	844
23	862
23	937
24	129
24	167
24	420
24	607
24	622
24	765
24	847
24	914
24	956
25	110
25	136
25	163
25	167
25	208
25	250
25	257
25	382
25	421
25	570
25	655
25	746
25	791
25	891
26	414
26	454
26	571
26	806
27	67
27	184
27	416
27	501
27	649
27	774
27	781
27	798
27	877
27	963
28	93
28	95
28	224
28	377
28	382
28	462
28	485
28	499
28	500
28	545
28	738
28	742
28	779
28	873
28	882
28	893
28	921
28	984
29	105
29	187
29	369
29	375
29	439
29	482
29	560
29	670
29	820
30	109
31	123
31	134
31	529
31	538
31	544
31	547
31	727
31	828
31	848
31	920
32	92
32	398
32	409
32	504
32	509
32	518
32	538
32	982
33	224
33	240
33	483
33	499
33	509
33	510
33	645
33	726
33	742
33	794
34	449
34	756
35	403
35	563
35	860
35	864
35	931
35	963
36	102
36	130
36	304
36	417
36	514
36	575
36	649
36	659
36	829
36	841
37	200
37	305
37	318
37	384
37	391
37	429
37	435
37	483
37	499
37	535
37	585
37	790
37	854
37	887
37	990
38	120
38	208
38	443
38	482
38	505
38	565
38	572
38	861
39	50
39	85
39	90
39	159
39	161
39	196
39	230
39	389
39	413
39	446
39	457
39	478
39	559
39	560
39	585
39	650
39	709
39	791
40	124
40	160
40	209
40	281
40	344
40	369
40	398
40	567
40	588
40	606
41	114
41	118
41	206
41	292
41	329
41	348
41	383
41	484
41	584
41	711
41	728
41	897
41	970
41	987
42	236
42	265
42	519
42	543
42	575
42	607
42	679
42	681
42	795
42	921
43	61
43	71
43	111
43	118
43	165
43	206
43	383
43	486
43	564
43	686
43	737
43	768
43	807
43	886
43	917
43	943
44	149
44	534
44	542
44	592
44	932
45	96
45	427
45	506
45	551
45	610
45	749
45	855
45	884
46	133
46	224
46	232
46	278
46	318
46	384
46	419
46	435
46	499
46	509
46	599
46	606
46	804
46	806
46	861
46	902
46	906
46	968
47	112
47	187
47	255
47	366
47	590
47	861
47	906
47	927
47	989
48	346
48	597
48	891
48	930
49	60
49	247
49	664
49	840
49	986
50	90
50	94
50	132
50	166
50	170
50	250
50	532
50	617
50	651
50	686
50	789
50	797
50	852
50	873
51	196
51	234
51	261
51	265
51	295
51	422
51	441
51	453
51	490
51	527
51	543
51	559
51	579
51	666
51	722
51	760
51	913
51	961
52	78
52	106
52	170
52	173
52	392
52	394
52	401
52	453
52	458
52	497
52	558
52	718
52	765
52	828
52	930
53	100
53	468
54	63
54	77
54	234
54	304
54	389
54	524
54	543
54	696
54	743
54	816
54	833
55	199
55	223
55	560
55	692
56	165
56	214
56	630
56	842
56	941
57	397
57	688
57	977
57	985
58	72
58	360
58	531
58	547
58	556
58	719
58	778
59	79
59	92
59	93
59	101
59	124
59	225
59	241
59	310
59	408
59	482
59	491
59	556
59	568
59	576
59	707
59	855
59	915
61	121
61	165
61	207
61	385
61	487
61	615
61	781
62	122
62	178
62	244
62	305
62	433
62	457
62	496
62	500
62	505
62	509
62	555
62	714
62	775
62	788
62	821
62	973
63	97
63	279
63	341
63	362
63	439
63	635
63	658
63	764
63	946
63	956
64	84
64	250
64	257
64	326
64	526
64	579
64	597
64	666
64	749
64	783
65	85
65	111
65	158
65	159
65	346
65	489
65	663
65	722
65	724
65	765
65	791
65	829
65	910
65	914
65	969
66	188
66	406
66	431
66	769
66	939
67	89
67	165
67	508
67	519
67	687
67	826
68	144
69	219
69	404
69	500
69	525
69	580
69	817
69	968
70	133
70	137
70	317
70	419
70	435
70	443
70	452
70	457
70	484
70	502
70	561
70	590
70	707
70	714
70	854
70	897
70	968
71	90
71	254
71	305
71	322
71	370
71	437
71	645
71	650
71	677
71	752
71	812
71	895
71	909
71	944
71	984
72	116
72	163
72	227
72	465
72	518
73	76
73	165
73	405
73	420
73	442
73	563
73	589
73	682
73	822
73	948
73	972
73	981
74	185
74	222
74	263
74	352
74	519
74	570
74	575
74	634
74	684
74	687
74	782
74	809
74	829
75	298
75	361
75	499
75	586
75	648
75	758
75	780
76	233
76	251
76	323
76	424
76	473
76	559
76	562
76	659
76	687
76	733
76	963
77	165
77	166
77	169
77	201
77	329
77	455
77	576
77	585
77	638
77	812
77	897
77	950
77	981
78	106
78	108
78	263
78	280
78	295
78	458
78	635
78	718
78	755
78	874
78	911
78	930
79	187
79	232
79	346
79	441
79	462
79	546
79	572
79	641
79	691
79	713
79	715
79	763
79	965
79	980
79	990
80	143
80	217
80	480
80	736
80	747
81	278
81	363
81	419
81	483
81	484
81	794
82	183
82	272
82	367
82	480
83	389
83	492
83	575
83	654
83	680
83	724
83	910
84	94
84	123
84	171
84	188
84	285
84	399
84	478
84	491
84	544
84	547
84	597
84	632
84	749
84	891
84	901
85	136
85	156
85	189
85	196
85	281
85	346
85	437
85	526
85	567
85	597
85	715
85	791
85	809
85	829
85	914
85	918
85	950
86	89
86	176
86	180
86	206
86	615
86	781
86	826
86	953
87	200
87	251
87	269
87	290
87	322
87	325
87	526
87	553
87	579
87	670
87	737
87	778
87	811
87	813
87	880
87	902
87	944
87	972
87	990
88	107
88	156
88	196
88	304
88	307
88	346
88	413
88	519
88	585
88	684
88	687
88	729
88	780
88	790
88	816
88	945
88	948
88	969
89	102
89	130
89	184
89	201
89	334
89	437
89	442
89	512
89	630
89	649
89	652
89	781
89	858
89	948
89	950
89	961
90	170
90	200
90	213
90	290
90	350
90	368
90	386
90	391
90	415
90	427
90	448
90	505
90	532
90	572
90	585
90	599
90	727
90	742
90	919
90	944
91	468
91	495
91	583
91	692
92	178
92	224
92	283
92	325
92	469
92	532
92	650
92	690
92	758
92	794
92	894
92	999
93	112
93	141
93	217
93	325
93	334
93	429
93	441
93	691
93	707
93	895
94	226
94	384
94	412
94	588
94	635
94	746
94	914
94	940
94	969
95	128
95	131
95	233
95	268
95	283
95	469
95	577
95	715
95	762
95	827
95	894
95	940
95	953
95	967
95	974
95	988
96	108
96	123
96	326
96	398
96	495
96	541
96	556
96	869
97	263
97	304
97	536
97	992
98	165
98	356
98	359
98	451
98	638
98	728
98	876
98	903
98	907
98	971
99	103
99	305
99	348
99	435
99	500
99	572
99	591
99	609
99	653
99	691
99	968
99	970
99	990
99	999
100	223
100	312
100	320
101	116
101	138
101	310
101	342
101	447
101	502
101	558
101	632
101	757
101	845
101	927
101	933
101	982
101	984
102	362
102	432
102	512
102	514
102	630
102	814
102	862
102	948
103	190
103	220
103	288
103	329
103	487
103	516
103	539
103	656
103	880
103	943
103	959
104	536
104	611
104	629
104	696
104	754
104	945
105	146
105	312
105	375
105	423
105	504
105	620
105	780
105	788
106	123
106	362
106	466
106	478
106	870
106	940
106	956
106	957
107	147
107	244
107	279
107	282
107	434
107	453
107	524
107	526
107	570
107	748
107	757
107	797
107	914
107	960
107	990
108	251
108	285
108	302
108	396
108	594
108	719
108	746
108	874
109	648
110	280
110	923
111	112
111	161
111	190
111	200
111	370
111	377
111	393
111	443
111	457
111	483
111	625
111	707
111	832
111	915
112	178
112	305
112	369
112	375
112	441
112	596
112	775
112	780
112	784
112	900
112	949
112	985
112	990
113	212
113	278
113	587
113	661
113	732
114	140
114	150
114	202
114	266
114	545
114	576
114	649
114	653
114	720
114	750
114	768
114	818
114	845
114	893
114	943
114	986
115	120
115	285
115	297
115	495
115	617
115	620
115	709
115	911
116	134
116	280
116	326
116	349
116	421
116	440
116	620
116	762
116	848
116	857
117	145
117	146
117	201
117	251
117	413
117	424
117	460
117	497
117	622
117	811
117	812
117	829
117	979
118	207
118	213
118	266
118	290
118	322
118	348
118	554
118	585
118	615
118	649
118	735
118	886
118	909
119	160
119	333
119	454
119	727
119	810
119	837
120	324
120	571
120	857
120	889
120	911
120	933
121	206
121	245
121	439
121	514
121	566
121	622
121	829
122	141
122	161
122	229
122	232
122	325
122	336
122	339
122	370
122	435
122	437
122	546
122	750
122	778
122	790
122	877
122	904
122	922
122	983
123	136
123	189
123	227
123	490
123	543
123	791
123	889
123	974
124	134
124	141
124	301
124	342
124	440
124	491
124	525
124	526
124	657
124	673
124	683
124	691
124	737
124	788
124	825
124	832
124	920
125	407
125	531
125	640
125	756
125	870
126	406
126	530
126	634
126	731
126	857
126	891
127	368
127	371
127	464
127	554
127	584
127	595
127	706
127	846
127	886
128	136
128	147
128	261
128	263
128	281
128	298
128	570
128	597
128	610
128	638
128	657
128	666
128	698
128	718
128	940
128	969
128	973
129	265
129	341
129	450
129	476
129	520
129	663
129	834
130	559
130	659
130	696
130	862
131	134
131	138
131	147
131	433
131	446
131	524
131	526
131	606
131	620
131	641
131	655
131	685
131	715
131	762
131	855
131	901
131	970
132	326
132	377
132	433
132	525
132	535
132	686
132	687
132	751
132	789
132	894
132	921
132	983
133	339
133	510
133	553
133	606
133	625
133	750
133	805
133	832
134	136
134	151
134	198
134	281
134	355
134	382
134	427
134	568
134	577
134	632
134	705
134	746
134	762
134	813
134	845
135	144
135	217
135	289
135	369
135	500
135	572
135	641
135	757
135	821
135	909
136	285
136	344
136	355
136	412
136	481
136	552
136	559
136	597
136	770
136	914
136	940
136	982
137	457
137	482
137	586
137	610
137	691
137	725
137	880
138	153
138	316
138	423
138	491
138	579
138	617
138	670
138	681
138	788
138	825
138	845
138	933
138	982
139	322
139	344
139	443
139	486
139	707
139	790
139	821
139	832
139	843
139	888
139	944
139	960
140	150
140	207
140	245
140	249
140	353
140	457
140	613
140	651
140	653
140	720
140	887
140	981
140	990
141	153
141	169
141	170
141	180
141	415
141	491
141	523
141	555
141	565
141	714
141	757
141	758
141	894
142	285
142	336
142	560
142	673
142	848
143	382
143	561
144	916
145	195
145	417
145	476
145	860
145	864
146	176
146	214
146	226
146	288
146	446
146	542
146	585
146	686
146	706
146	729
146	749
146	872
147	151
147	222
147	234
147	339
147	399
147	422
147	458
147	490
147	491
147	549
147	575
147	627
147	737
148	172
148	259
148	496
148	502
148	628
148	758
148	805
148	906
149	994
150	348
150	391
150	752
150	804
150	887
150	907
151	438
151	458
151	478
151	497
151	506
151	549
151	570
151	782
151	827
152	168
152	181
152	335
152	344
152	367
152	409
152	433
152	482
152	509
152	583
152	588
152	590
152	691
152	725
152	806
153	251
153	310
153	322
153	382
153	412
153	457
153	555
153	641
153	683
153	714
153	746
153	778
153	920
153	965
153	980
153	983
154	379
154	605
154	998
155	161
155	286
155	484
155	578
155	747
155	805
156	189
156	225
156	304
156	403
156	453
156	527
156	567
156	743
156	816
156	828
156	833
156	872
156	910
156	940
156	967
156	980
157	378
157	564
157	728
157	804
158	795
158	918
159	652
159	715
159	762
159	828
159	983
160	162
160	293
160	316
160	344
160	351
160	427
160	482
160	550
160	560
160	596
160	655
160	824
160	982
161	254
161	267
161	305
161	386
161	415
161	527
161	627
161	751
161	786
161	812
161	938
161	967
161	995
162	523
162	975
163	274
163	345
163	769
163	927
163	982
164	216
165	184
165	417
165	701
165	961
166	169
166	245
166	256
166	413
166	448
166	483
166	516
166	630
166	917
166	971
167	301
167	338
167	388
167	513
167	741
167	755
167	795
168	227
168	546
168	556
168	688
168	757
168	914
169	200
169	382
169	437
169	516
169	722
169	790
169	791
169	894
169	900
169	915
169	931
169	944
170	266
170	283
170	485
170	641
170	791
170	813
170	827
170	922
170	924
170	938
171	299
171	396
171	436
171	466
171	478
171	491
171	536
171	623
171	960
172	281
172	291
172	318
172	377
172	405
172	487
172	545
172	704
172	888
172	990
173	299
173	358
173	684
173	745
173	755
173	939
173	956
174	496
174	676
175	219
175	507
176	184
176	325
176	442
176	448
176	460
176	553
176	566
176	619
176	624
176	649
176	816
176	822
176	860
176	915
177	215
177	318
177	322
177	329
177	433
177	486
177	651
177	707
177	790
177	817
177	873
177	938
178	191
178	244
178	298
178	310
178	318
178	531
178	597
178	641
178	920
178	922
178	949
178	997
180	189
180	229
180	244
180	279
180	373
180	651
180	687
180	737
180	778
180	781
180	895
180	933
181	443
181	496
181	609
181	775
181	779
181	861
181	906
181	922
181	949
182	667
183	286
183	444
184	243
184	323
184	442
184	542
184	543
184	566
184	619
184	972
185	231
185	268
185	337
185	479
185	541
185	543
185	549
185	575
185	663
185	722
185	729
185	739
185	760
185	764
185	783
185	834
185	847
185	945
185	956
186	216
186	271
186	356
186	963
186	999
187	191
187	229
187	427
187	551
187	770
187	792
187	794
187	975
188	641
188	705
188	756
188	978
189	225
189	227
189	297
189	345
189	399
189	443
189	458
189	541
189	627
189	635
189	709
189	778
189	828
189	834
189	870
189	920
189	924
190	316
190	329
190	703
190	750
190	817
190	917
190	962
190	972
191	361
191	419
191	482
191	590
191	650
191	707
191	709
191	714
191	742
191	861
192	335
192	361
192	366
192	370
192	408
192	482
192	509
192	555
192	556
192	599
192	821
192	832
192	915
192	991
195	410
195	744
196	295
196	439
196	519
196	526
196	567
196	786
196	967
197	242
197	417
197	473
197	595
197	639
197	686
198	213
198	224
198	234
198	408
198	483
198	532
198	714
198	742
198	778
198	811
198	828
198	872
198	924
198	933
198	961
198	968
199	518
199	550
199	810
199	837
199	982
200	232
200	249
200	329
200	446
200	499
200	617
200	707
200	717
200	730
200	789
200	813
200	880
200	900
200	907
200	938
200	944
201	416
201	424
201	442
201	448
201	616
201	634
201	768
201	812
201	814
201	817
202	215
202	256
202	368
202	591
202	644
202	645
202	703
202	737
202	811
202	812
202	818
202	876
202	877
202	903
202	907
202	931
202	991
203	247
203	734
204	574
205	388
206	210
206	269
206	323
206	425
206	448
206	703
206	717
206	751
206	882
206	979
206	991
207	246
207	251
207	288
207	448
207	539
207	554
207	584
207	653
207	730
207	843
207	880
207	950
207	971
208	345
208	438
208	670
208	673
208	901
209	227
209	335
209	414
209	427
209	550
209	551
209	565
209	725
209	749
209	770
209	857
209	888
210	254
210	308
210	386
210	389
210	405
210	487
210	613
210	638
210	649
210	651
210	682
210	685
210	729
210	812
210	915
210	969
210	971
211	569
212	260
212	378
212	580
213	246
213	262
213	344
213	500
213	505
213	516
213	572
213	715
213	717
213	790
213	812
213	832
213	854
213	924
213	980
214	256
214	303
214	341
214	476
214	589
214	652
214	690
214	722
214	819
214	841
214	876
214	880
214	934
215	233
215	380
215	383
215	439
215	695
215	720
215	752
217	300
217	318
217	399
217	429
217	544
217	758
217	922
218	591
218	671
218	701
218	879
218	903
218	919
218	987
219	264
219	318
219	363
219	502
219	838
219	959
220	264
220	286
220	383
220	720
220	773
220	893
220	943
220	952
221	276
221	364
221	456
222	261
222	263
222	389
222	447
222	458
222	536
222	597
222	607
222	657
222	783
222	865
222	889
222	974
222	976
223	467
223	560
223	675
224	318
224	457
224	483
224	500
224	576
224	599
224	613
224	720
224	909
224	980
225	232
225	251
225	304
225	389
225	446
225	489
225	778
225	900
225	910
225	953
225	965
225	985
225	988
226	265
226	415
226	420
226	448
226	685
226	696
226	739
226	811
226	971
227	337
227	342
227	399
227	596
227	749
227	982
227	985
229	254
229	262
229	348
229	355
229	383
229	386
229	484
229	487
229	613
229	651
229	717
229	737
229	751
229	786
229	816
229	917
229	921
229	938
230	389
230	408
230	435
230	437
230	446
230	447
230	497
230	532
230	585
230	685
230	737
230	797
230	880
230	938
230	944
230	961
230	969
231	337
231	684
231	696
231	719
231	783
231	889
231	992
232	244
232	283
232	366
232	369
232	503
232	532
232	546
232	572
232	591
232	651
232	691
232	707
232	843
233	305
233	325
233	384
233	386
233	448
233	483
233	508
233	532
233	800
233	811
233	812
233	829
233	970
233	999
234	283
234	337
234	389
234	422
234	478
234	543
234	549
234	570
234	666
234	816
234	829
234	910
234	960
234	974
235	603
236	352
236	394
236	657
236	754
236	763
238	270
238	284
238	515
238	586
238	606
238	713
238	725
238	770
238	782
238	873
238	895
238	916
239	761
239	986
240	586
240	599
240	650
240	742
240	775
240	779
240	801
241	335
241	504
241	550
241	655
241	683
241	688
241	746
242	245
242	471
242	639
243	299
243	403
243	411
243	476
243	520
243	816
243	836
244	262
244	469
244	532
244	572
244	686
244	687
244	739
244	797
244	825
244	841
244	880
244	894
244	900
244	924
244	965
244	973
245	303
245	356
245	428
245	595
245	724
245	935
245	963
246	264
246	378
246	393
246	545
246	554
246	804
247	569
247	595
247	708
247	842
248	294
248	667
248	836
248	856
249	322
249	442
249	554
249	706
249	720
249	961
250	280
250	298
250	402
250	412
250	440
250	558
250	597
250	833
251	269
251	405
251	687
251	737
251	868
251	880
251	938
252	678
252	761
254	441
254	457
254	484
254	627
254	763
254	789
254	827
254	873
254	880
254	938
254	971
254	985
254	999
255	446
255	497
255	503
255	504
255	505
255	609
255	782
255	829
255	861
255	895
255	968
255	969
255	999
256	359
256	366
256	405
256	434
256	442
256	591
256	768
256	888
256	903
256	953
256	981
257	268
257	298
257	422
257	530
257	531
257	620
257	702
257	719
257	911
258	350
258	377
258	446
258	447
258	526
258	567
258	576
258	778
258	828
258	877
258	940
259	742
260	661
261	336
261	478
261	520
261	575
261	579
261	663
261	816
262	305
262	415
262	764
262	791
262	797
262	854
262	887
262	897
262	950
262	988
263	476
263	559
263	627
263	777
263	813
263	869
263	874
264	348
264	400
264	562
264	720
264	721
264	732
264	893
265	299
265	301
265	403
265	422
265	455
265	549
265	559
265	607
265	706
265	858
265	948
265	996
266	363
266	368
266	441
266	483
266	500
266	516
266	535
266	849
266	921
267	294
267	337
267	432
267	651
267	681
267	724
267	862
267	884
268	298
268	302
268	389
268	447
268	597
268	852
268	874
268	889
268	967
269	442
269	653
269	682
269	703
269	728
269	814
269	953
269	995
270	324
270	367
270	515
270	522
270	588
270	614
270	922
271	356
271	563
271	678
271	724
271	935
273	593
273	759
274	283
274	316
274	336
274	384
274	408
274	443
274	447
274	469
274	506
274	632
274	743
274	825
274	874
274	920
274	985
274	987
275	898
276	716
276	881
276	998
277	378
277	671
277	800
277	817
278	317
278	578
278	805
278	824
278	906
279	304
279	389
279	420
279	432
279	696
279	729
280	552
280	939
281	306
281	345
281	421
281	632
281	702
281	762
281	786
281	913
281	939
282	355
282	392
282	399
282	465
282	536
282	778
282	788
282	848
283	293
283	382
283	627
283	702
283	825
283	845
283	852
283	855
283	894
283	940
283	980
284	361
284	544
284	565
284	599
284	982
285	326
285	440
285	449
285	870
285	911
286	347
286	355
286	801
286	936
286	942
287	302
287	407
287	519
287	552
287	558
287	635
287	957
288	413
288	416
288	564
288	584
288	616
288	797
288	897
288	907
288	921
289	668
289	743
290	318
290	433
290	613
290	717
290	721
290	775
290	838
290	902
290	922
292	439
292	554
292	895
293	336
293	351
293	391
293	714
293	770
293	980
294	459
294	856
294	928
295	301
295	321
295	327
295	337
295	352
295	362
295	874
295	889
295	920
296	669
297	384
297	389
297	406
297	412
297	427
297	576
297	579
297	610
297	655
297	700
297	749
297	845
297	852
297	985
298	342
298	349
298	440
298	481
298	632
299	754
299	755
299	777
300	316
300	344
300	351
300	691
300	736
300	820
301	352
301	394
301	403
301	481
301	570
301	684
301	698
301	809
301	874
301	910
301	960
301	974
301	992
302	570
302	836
302	956
302	992
303	319
303	381
303	581
303	653
303	739
303	965
303	979
304	356
304	497
304	627
304	649
304	681
304	726
304	751
304	834
304	910
304	974
304	999
305	322
305	370
305	377
305	391
305	419
305	462
305	555
305	572
305	625
305	790
305	854
305	863
305	902
306	520
306	777
306	795
306	976
307	479
307	527
307	570
307	690
307	696
307	724
307	730
307	737
307	764
307	782
307	809
307	910
308	512
308	649
308	659
308	776
308	819
308	841
308	875
308	937
309	364
309	507
309	561
309	823
310	342
310	481
310	561
310	610
310	641
310	650
310	683
310	757
310	766
310	933
312	369
314	475
314	583
314	745
314	777
316	489
316	588
316	590
316	599
316	770
316	922
316	949
317	331
317	496
317	500
317	648
318	625
318	794
318	821
318	873
318	909
318	990
319	417
320	853
320	982
321	338
321	741
321	785
321	976
321	992
322	383
322	486
322	535
322	553
322	715
322	743
322	872
322	944
322	952
323	553
323	683
323	686
323	703
323	743
323	791
323	798
323	814
323	826
323	852
323	893
323	900
323	944
323	973
324	344
324	414
324	482
324	565
324	610
324	641
324	758
325	377
325	585
325	751
325	868
325	897
325	953
325	970
325	971
325	973
326	536
326	547
326	558
326	634
326	831
326	884
327	458
327	479
327	513
327	536
327	558
327	718
327	745
327	755
327	884
327	914
327	974
328	493
329	804
329	826
329	919
330	716
330	747
331	419
331	694
331	882
331	936
331	942
331	991
332	396
332	531
334	401
334	460
334	490
334	514
334	527
334	589
334	685
334	739
334	781
334	819
334	874
334	934
334	950
334	974
335	414
335	421
335	588
335	808
335	810
335	855
335	988
336	351
336	375
336	596
336	704
336	725
336	780
336	782
336	813
336	985
337	388
337	450
337	519
337	543
337	549
337	657
337	722
337	763
337	816
337	924
337	979
337	996
338	392
338	575
338	741
338	850
338	858
339	384
339	435
339	525
339	854
339	950
339	999
340	347
340	560
340	671
340	721
340	773
340	807
340	859
341	352
341	362
341	389
341	407
341	478
341	575
341	914
342	395
342	399
342	412
342	461
342	506
342	743
343	978
344	375
344	483
344	551
344	560
344	725
344	766
344	940
344	983
344	989
344	997
345	395
345	438
345	506
345	538
345	544
345	547
345	641
345	655
345	693
346	524
346	542
346	549
346	627
346	686
346	737
346	764
346	789
346	791
346	813
346	965
347	404
347	487
347	631
347	906
348	359
348	486
348	616
348	677
348	812
349	469
349	506
349	524
349	617
349	848
349	857
349	891
350	481
350	641
350	709
350	780
350	852
350	894
350	897
350	981
351	429
351	529
351	555
351	602
351	808
351	982
351	997
352	576
352	594
352	658
352	760
352	946
352	958
352	974
353	498
353	738
353	964
353	987
353	991
354	471
354	473
354	639
354	963
355	491
355	524
355	670
355	719
355	749
355	825
355	845
355	891
355	969
356	425
356	619
356	798
356	862
356	963
358	476
358	636
358	767
359	368
359	457
359	535
359	539
359	687
359	763
359	877
359	887
359	915
359	950
360	398
360	427
360	438
360	468
360	472
360	506
360	571
360	709
361	366
361	578
361	648
361	650
362	422
362	489
362	493
362	498
362	537
362	782
362	809
362	847
362	935
362	948
363	804
363	917
364	507
365	461
366	391
366	423
366	454
366	509
366	531
366	691
366	714
366	820
366	921
366	933
367	480
367	736
367	805
367	806
368	487
368	564
368	790
368	804
368	817
368	887
368	900
368	917
368	971
368	973
369	429
369	591
369	650
369	704
369	742
370	433
370	500
370	525
370	535
370	546
370	704
370	737
370	997
371	554
371	643
371	664
372	892
373	665
373	681
373	776
373	865
373	874
373	962
373	996
374	728
374	893
374	915
374	917
374	942
375	412
375	429
375	524
375	688
375	982
375	997
376	387
376	954
376	978
377	381
377	532
377	546
377	568
377	685
377	738
377	797
377	821
377	940
378	400
378	605
378	625
378	732
379	507
379	881
381	711
381	986
382	412
382	495
382	497
382	590
382	610
382	685
382	757
382	969
383	470
383	533
383	578
383	695
383	720
383	926
383	952
383	973
383	998
384	483
384	525
384	562
384	572
384	599
384	686
384	707
384	750
384	789
384	790
384	791
384	909
384	973
385	410
385	941
386	487
386	541
386	685
386	687
386	730
386	811
386	868
386	900
386	969
388	461
388	511
388	667
389	450
389	455
389	479
389	490
389	532
389	670
389	696
389	715
389	737
389	764
389	889
389	895
389	967
389	988
391	393
391	419
391	462
391	487
391	499
391	613
391	625
391	714
391	859
391	983
392	550
392	634
392	657
392	745
392	755
392	869
392	889
393	451
393	487
393	500
393	651
393	790
393	811
393	849
393	921
393	943
394	453
394	594
394	764
394	910
394	958
394	992
395	468
395	495
395	632
395	641
395	650
395	848
396	531
396	536
396	756
396	957
398	504
398	550
398	588
398	713
398	749
398	845
398	867
399	447
399	478
399	552
399	577
399	715
399	748
399	757
399	850
399	913
399	920
400	671
401	476
402	440
402	481
402	491
402	582
402	634
402	718
403	420
403	490
403	543
403	607
403	799
403	804
403	811
403	847
403	910
403	937
403	945
404	656
405	568
405	686
405	733
405	739
405	746
405	768
405	811
405	829
405	995
406	438
406	672
406	700
407	453
407	458
407	536
407	702
407	715
407	718
408	415
408	433
408	555
408	571
408	596
408	670
408	714
408	778
408	790
408	989
409	583
409	770
409	857
409	911
409	933
410	644
411	450
411	730
411	733
411	829
411	844
411	958
412	443
412	446
412	469
412	503
412	670
412	683
412	704
412	724
412	778
412	813
412	827
412	852
412	913
412	914
412	924
412	965
413	470
413	591
413	685
413	768
413	811
413	812
413	907
413	971
413	997
414	571
414	614
414	766
415	446
415	497
415	509
415	561
415	585
415	690
415	722
415	791
415	857
415	950
415	999
416	616
416	720
416	730
416	781
416	789
416	860
416	950
417	425
417	566
417	589
417	785
417	963
418	626
419	484
419	510
419	532
419	546
419	598
419	616
419	740
419	742
419	829
419	843
420	512
420	514
420	739
420	760
420	763
420	814
420	856
420	862
420	864
421	513
421	530
421	833
421	848
421	865
421	908
422	434
422	476
422	541
422	549
422	666
422	683
422	687
422	702
422	757
423	427
423	485
423	551
423	571
423	599
423	713
423	901
424	514
424	537
424	624
424	630
424	687
424	934
425	553
425	678
425	774
425	776
426	533
426	612
426	660
426	879
427	457
427	486
427	725
428	442
428	542
428	730
428	733
428	963
428	972
429	462
429	560
429	650
429	688
429	713
429	797
429	933
429	949
429	968
429	984
430	477
430	480
430	820
430	851
430	867
430	916
431	475
431	582
431	692
432	540
432	654
432	798
432	844
432	932
433	499
433	503
433	535
433	561
433	637
433	742
433	873
433	901
433	915
433	924
434	597
434	687
434	717
434	739
434	828
434	868
434	953
435	457
435	497
435	535
435	585
435	606
435	609
435	625
435	691
435	714
435	742
435	909
435	952
436	513
436	657
436	803
436	870
437	503
437	591
437	653
437	706
437	812
437	895
437	900
437	953
437	963
438	518
438	617
438	731
438	749
439	776
439	850
439	937
439	948
440	458
440	495
440	544
441	443
441	707
441	714
441	783
441	922
441	985
442	459
442	460
442	616
442	682
442	728
442	836
442	950
443	462
443	572
443	577
443	590
443	610
443	641
443	686
443	805
443	868
443	873
443	940
443	983
446	469
446	579
446	696
446	737
446	797
446	813
446	816
446	852
446	913
446	969
447	576
447	597
447	702
447	724
447	860
447	956
447	996
448	616
448	687
448	703
448	817
448	903
448	950
448	995
449	954
450	520
450	622
450	745
450	760
450	844
450	883
451	616
451	860
451	862
451	941
452	720
452	861
452	882
452	915
452	968
453	760
453	764
453	790
453	960
453	961
454	614
454	820
455	537
455	542
455	651
455	730
455	833
455	847
456	473
456	542
456	548
456	941
457	462
457	483
457	487
457	535
457	564
457	641
457	714
457	922
457	938
457	973
457	980
458	469
458	481
458	657
458	858
458	889
458	914
458	939
458	956
458	974
460	514
460	537
460	589
460	696
460	730
460	763
460	776
460	826
460	897
460	972
461	493
461	536
461	718
461	957
462	483
462	789
462	897
462	922
462	980
463	654
463	799
464	562
464	584
464	615
464	674
464	752
464	931
464	964
465	518
465	672
465	700
466	620
466	845
467	477
467	480
467	565
467	588
467	675
467	916
468	482
468	530
468	803
469	478
469	489
469	490
469	641
469	762
469	920
470	510
470	555
470	613
470	673
470	752
470	882
470	926
470	942
472	551
472	713
473	501
473	701
474	799
474	946
475	759
476	765
476	996
478	505
478	524
478	570
478	746
478	755
478	948
478	974
479	783
479	856
479	880
479	920
480	851
480	922
481	489
481	513
481	541
481	568
481	666
481	748
481	783
481	874
482	550
482	601
482	625
482	641
482	766
482	901
482	927
482	949
483	503
483	714
483	811
483	817
483	921
483	938
483	970
484	901
484	991
485	503
485	506
485	576
485	681
485	726
485	737
485	913
485	922
485	985
486	650
486	813
486	816
486	827
486	868
486	895
486	903
486	915
486	999
487	516
487	707
487	775
487	807
487	876
487	944
487	972
488	667
488	866
488	918
489	505
489	519
489	527
489	576
489	577
489	666
489	684
489	722
489	726
489	737
489	816
489	872
489	910
489	961
489	967
489	988
490	559
490	958
491	617
491	657
491	709
491	762
491	786
491	855
492	928
493	946
495	531
495	547
495	552
495	620
495	670
495	848
495	857
496	802
496	989
497	652
497	706
497	730
497	739
497	872
497	895
497	915
497	953
497	999
498	609
498	750
498	823
499	535
499	580
499	812
499	999
500	553
500	572
500	578
500	704
500	707
500	902
500	950
500	965
501	701
502	572
502	586
502	742
502	779
503	790
503	863
504	556
504	606
504	700
504	758
504	825
504	901
504	984
505	529
505	553
505	591
505	617
505	706
505	717
505	751
505	827
505	877
505	969
506	544
506	583
506	632
506	757
506	803
506	821
507	545
507	580
507	906
508	619
508	814
509	691
509	766
509	797
509	812
509	933
509	989
510	613
510	909
510	991
511	658
511	698
512	514
512	536
512	724
512	739
512	744
512	760
512	814
512	836
512	877
512	934
513	527
513	530
513	620
513	783
513	884
514	527
514	566
514	619
514	649
514	652
514	679
514	687
514	841
514	958
515	688
515	693
515	766
515	808
516	567
516	849
516	862
516	917
516	984
516	990
518	727
518	762
518	769
518	837
518	857
518	911
519	543
519	549
519	666
519	698
519	726
519	960
520	765
520	786
520	829
520	844
522	590
522	602
522	949
524	576
524	709
524	783
524	828
524	997
525	737
525	802
525	821
525	882
525	921
525	968
526	530
526	924
527	543
527	682
527	696
527	702
527	726
527	760
527	913
529	547
529	556
529	571
529	617
529	688
529	692
529	719
529	901
530	583
530	855
531	597
531	666
531	669
531	908
532	561
532	568
532	591
532	613
532	737
532	811
532	827
532	834
533	699
533	881
534	624
534	659
534	785
534	878
534	932
534	935
535	579
535	714
535	730
535	832
535	849
535	863
535	894
535	950
536	623
536	718
536	930
537	622
537	724
537	856
537	862
537	868
537	932
537	958
538	606
538	857
539	554
539	584
539	590
539	677
539	695
539	711
539	728
539	926
540	575
540	858
541	570
541	579
541	585
541	762
541	894
541	901
541	913
541	988
542	651
542	781
542	903
542	907
543	575
543	576
543	627
543	751
543	826
543	847
543	865
543	945
544	556
544	650
544	655
544	688
544	766
544	770
544	792
544	805
544	855
544	857
544	985
545	694
545	720
545	732
545	824
546	596
546	599
546	691
546	843
546	873
546	877
547	640
547	719
547	769
547	933
548	569
548	615
548	842
549	559
549	684
549	865
549	960
549	967
549	974
550	748
550	766
550	855
551	565
551	655
551	828
551	982
551	997
552	574
552	608
552	635
552	748
552	930
553	686
553	696
553	733
553	827
553	877
553	880
554	735
554	791
554	804
554	887
554	970
555	650
555	670
555	770
555	797
555	808
555	894
555	949
556	672
556	692
556	746
556	857
558	655
558	914
559	690
559	729
559	744
559	776
559	783
559	865
559	884
559	945
559	956
560	668
561	578
561	600
561	613
561	750
561	801
561	802
561	863
561	991
562	564
562	653
562	907
562	929
562	943
562	972
563	757
563	819
563	860
563	963
564	591
564	720
564	797
564	804
564	863
565	572
565	588
565	770
565	810
565	857
566	624
566	785
566	860
566	935
567	568
567	634
567	749
567	786
567	788
567	938
568	845
569	664
570	635
570	657
570	722
570	729
570	782
570	874
570	891
570	895
570	914
570	946
571	641
571	668
571	688
571	770
571	983
571	997
572	706
572	709
572	717
572	742
572	775
572	786
574	640
574	954
575	658
575	696
575	718
575	745
575	945
575	956
576	666
576	737
576	778
576	852
577	683
577	873
577	894
577	920
577	983
577	986
578	677
578	805
578	824
578	936
578	943
579	690
579	739
579	754
579	797
579	956
579	969
580	740
581	644
581	701
581	886
581	929
581	979
582	759
582	954
584	638
584	701
584	818
584	897
584	931
584	979
584	995
585	627
585	681
585	686
585	737
585	751
585	768
585	791
585	816
585	817
585	984
586	628
586	980
587	628
587	656
587	807
587	846
587	859
588	713
589	624
589	649
589	681
589	726
589	730
589	739
589	819
589	868
589	953
589	963
590	628
590	655
590	742
590	758
591	789
591	880
591	887
591	895
591	952
591	999
594	663
594	684
595	674
596	650
596	725
596	837
596	901
596	944
597	782
597	786
599	691
599	707
599	802
599	821
599	901
599	927
600	714
600	824
600	838
600	854
600	888
601	861
601	991
603	954
605	879
606	657
606	742
606	766
606	780
606	825
607	687
607	765
607	937
607	945
609	720
609	823
610	683
610	806
610	920
610	940
611	777
612	716
613	648
613	807
614	668
614	675
614	801
615	864
616	814
617	632
617	650
617	686
617	784
617	828
617	855
619	659
619	666
619	765
619	781
619	798
619	935
619	948
620	673
620	828
620	911
622	652
622	751
622	765
622	819
622	829
624	928
624	932
625	691
625	775
625	861
625	902
625	920
625	944
625	990
626	741
626	795
627	696
627	877
627	940
628	631
628	904
629	923
629	993
630	739
630	785
630	903
630	963
631	740
631	750
631	773
631	859
631	897
631	980
632	683
632	719
632	731
632	746
632	749
632	780
633	883
634	657
634	718
635	702
635	783
635	825
635	869
635	889
637	668
637	835
638	654
639	695
639	842
639	934
640	684
640	756
640	954
640	957
641	650
641	778
641	983
642	964
643	671
643	701
644	842
644	885
644	986
645	701
645	728
645	876
645	887
645	888
645	897
647	823
648	694
648	720
648	949
649	682
649	826
649	841
650	820
650	894
650	933
651	652
651	681
651	730
651	733
651	751
651	812
652	679
652	681
652	763
652	814
652	819
653	720
653	728
653	886
653	893
653	919
653	979
654	869
655	692
655	700
655	746
655	927
656	704
657	698
657	782
657	786
657	870
657	985
658	754
658	795
658	946
658	976
659	729
659	744
659	934
661	773
661	823
661	902
663	690
663	834
663	858
663	865
663	960
664	695
664	879
666	702
666	743
666	814
666	828
666	865
666	872
666	889
667	680
667	748
667	771
668	693
668	792
670	749
670	762
670	766
670	865
670	901
671	768
672	731
672	837
672	839
672	898
673	784
673	848
674	864
674	979
677	807
677	823
677	943
677	959
678	860
679	765
679	948
680	776
680	809
680	844
681	687
681	722
681	814
681	834
681	934
682	735
682	785
682	876
682	888
682	941
682	981
683	690
683	757
683	924
683	940
683	965
683	983
684	777
684	809
684	969
685	897
685	924
686	724
686	778
686	880
686	895
686	938
687	739
687	980
688	837
690	715
690	816
690	834
690	965
690	974
691	849
691	983
692	700
692	727
692	750
692	759
692	898
694	802
694	906
694	968
695	716
695	822
695	864
695	926
695	964
696	715
696	730
696	852
696	950
696	962
698	724
698	809
698	865
698	869
698	914
700	749
700	770
701	708
701	929
701	987
702	748
702	874
702	910
702	953
703	864
703	907
704	736
704	968
705	837
706	785
706	928
706	961
706	988
707	921
709	791
709	825
709	983
711	842
713	725
713	766
713	770
713	784
713	810
713	933
714	766
714	790
714	805
714	820
714	938
714	949
714	985
715	778
715	798
715	813
715	833
715	865
715	872
715	889
715	988
716	823
717	720
717	832
717	921
717	938
719	857
719	891
719	939
720	732
720	849
720	863
720	887
720	973
721	881
722	726
722	894
724	764
724	809
724	841
724	934
724	948
725	758
725	778
725	933
725	989
726	729
726	763
726	789
726	791
726	833
726	869
726	924
726	988
727	770
727	837
727	839
728	735
728	817
728	950
729	829
729	900
729	914
730	739
730	751
730	764
730	809
730	934
732	740
732	794
732	959
733	969
735	768
735	822
735	843
735	938
735	971
737	813
737	827
737	841
737	933
737	979
737	980
738	807
739	763
739	791
739	811
739	814
739	895
739	961
739	973
740	802
740	881
741	754
741	765
741	914
741	918
741	960
742	789
743	786
743	845
743	855
743	920
743	927
743	940
744	935
745	884
746	788
746	825
747	806
748	874
748	889
748	956
749	982
750	805
750	811
750	843
750	882
751	811
751	876
752	893
754	945
755	795
757	913
757	985
758	835
758	936
760	834
760	856
760	910
760	999
762	797
762	825
762	828
762	913
762	965
762	974
763	814
763	862
763	875
764	782
764	791
764	833
764	834
764	865
764	868
765	918
766	780
766	933
766	949
766	982
766	997
767	799
768	818
768	836
768	873
768	917
768	971
768	990
769	830
769	837
769	848
769	911
770	811
770	921
770	997
773	846
774	928
775	861
775	901
775	968
776	937
778	789
779	801
779	968
780	933
780	997
781	907
781	950
781	971
781	972
782	809
782	868
782	869
783	786
783	818
783	865
783	974
784	901
785	797
785	819
785	826
785	841
785	862
786	789
786	967
788	933
788	984
788	985
789	832
789	915
789	973
790	868
790	922
790	970
790	983
791	819
791	868
791	872
791	895
791	971
791	973
792	916
795	850
795	883
795	976
795	993
797	965
797	969
798	856
799	918
799	937
801	888
801	991
802	821
802	893
802	904
802	916
803	954
805	991
806	810
807	880
807	893
807	952
809	884
809	913
810	820
810	916
811	868
811	877
811	900
811	903
811	924
811	944
812	877
812	903
812	971
813	924
813	938
813	997
814	829
814	887
814	962
816	847
816	960
816	967
817	849
817	876
817	907
817	971
817	981
818	864
818	981
819	841
819	844
821	843
821	861
821	901
821	949
822	995
825	888
825	990
825	997
826	907
827	855
827	868
827	924
829	841
829	852
829	918
830	837
830	977
832	873
832	900
832	915
832	953
832	961
833	834
833	844
833	852
833	876
834	910
834	960
837	977
838	906
841	932
841	934
841	996
842	892
843	882
843	973
843	990
844	918
845	855
845	949
845	985
849	903
849	917
849	995
850	965
852	889
852	965
852	967
854	861
854	882
854	909
854	952
854	959
855	911
855	927
855	985
858	874
860	907
862	932
863	921
863	970
865	958
866	892
868	960
868	961
868	999
869	956
872	877
872	900
872	910
872	969
873	938
874	884
874	956
875	937
876	950
877	915
877	969
877	981
879	970
880	900
880	921
880	940
882	895
882	902
882	926
882	931
882	973
884	888
886	903
887	915
888	893
888	990
889	965
889	974
890	977
891	967
891	984
894	909
895	938
895	944
897	921
898	977
900	973
900	988
901	984
902	909
903	919
903	971
904	959
906	909
908	951
910	974
913	988
914	967
915	938
915	990
915	999
917	944
917	973
918	994
919	938
919	987
920	940
921	944
921	973
921	983
921	984
924	938
927	980
927	987
931	987
932	979
933	982
940	970
942	964
943	998
950	953
950	971
952	987
952	990
953	969
953	980
959	991
961	969
965	967
967	969
970	971
973	999
984	997
