0	28
0	101
0	157
0	217
0	261
0	290
0	320
0	361
0	381
0	402
0	412
0	450
0	516
0	551
0	608
0	660
0	711
0	734
0	740
0	826
0	841
0	865
0	983
1	65
1	114
1	157
1	253
1	278
1	316
1	415
1	542
1	579
1	580
1	601
1	716
1	737
1	803
1	843
2	8
2	59
2	238
2	318
2	367
2	468
2	503
2	557
2	580
2	583
2	709
2	781
2	888
2	933
2	941
2	954
2	962
2	992
3	22
3	73
3	455
3	813
3	886
4	105
4	212
4	236
4	305
4	384
4	792
4	924
4	949
5	7
5	13
5	137
5	181
5	192
5	318
5	320
5	322
5	398
5	414
5	475
5	491
5	494
5	509
5	516
5	517
5	563
5	660
5	792
5	981
6	151
6	908
6	938
6	980
7	69
7	74
7	101
7	126
7	157
7	193
7	197
7	318
7	378
7	431
7	461
7	475
7	483
7	491
7	516
7	570
7	571
7	578
7	584
7	661
7	722
7	767
7	966
8	9
8	11
8	59
8	335
8	371
8	396
8	410
8	426
8	430
8	521
8	682
8	790
8	811
8	893
8	918
8	933
9	22
9	103
9	107
9	206
9	350
9	455
9	540
9	829
9	831
9	948
9	952
9	978
10	62
10	394
10	799
10	837
10	888
11	206
11	243
11	870
12	202
12	438
12	473
12	574
12	676
12	747
13	95
13	202
13	647
13	667
13	931
14	127
14	281
14	302
14	382
14	385
14	420
14	424
14	522
14	536
14	602
14	652
14	665
14	800
14	895
15	518
15	849
15	946
16	909
17	106
17	189
17	269
17	277
17	304
17	309
17	464
17	562
17	570
17	593
18	188
18	221
18	264
18	277
18	328
18	765
19	695
19	828
19	929
20	35
20	247
20	264
20	368
20	389
20	488
20	739
20	757
20	801
20	895
21	45
21	264
21	300
21	409
21	448
21	526
21	672
21	674
21	704
21	761
21	838
21	846
21	943
22	178
22	289
22	707
23	116
23	145
23	500
23	578
23	634
23	726
23	772
24	73
24	124
24	127
24	436
24	518
24	526
24	716
24	814
24	967
25	131
25	142
25	158
25	249
25	412
25	501
25	503
25	554
25	571
25	820
26	783
27	589
27	997
28	123
28	948
29	55
29	128
29	188
29	258
29	397
29	418
29	511
29	635
29	705
29	834
29	961
30	41
30	268
30	449
30	510
30	560
30	593
30	609
30	973
31	74
31	112
31	156
31	160
31	220
31	222
31	400
31	431
31	483
31	568
31	578
31	734
31	763
31	832
31	842
31	995
34	142
34	537
35	170
35	189
35	237
35	339
35	477
35	533
35	686
35	695
35	929
36	57
36	200
36	386
36	938
36	994
37	756
37	810
38	143
38	296
38	401
38	439
38	472
38	784
38	855
39	100
39	106
39	188
39	253
39	264
39	309
39	317
39	362
39	511
39	558
39	588
39	643
39	672
39	829
39	943
40	100
40	105
40	116
40	137
40	180
40	354
40	356
40	364
40	426
40	429
40	458
40	475
40	478
40	479
40	503
40	543
40	551
40	570
40	694
40	734
40	787
40	826
40	891
40	943
41	55
41	245
41	741
41	783
42	47
42	195
42	205
42	665
43	144
43	410
43	478
43	535
43	576
43	619
43	787
43	830
43	935
44	190
44	304
44	521
44	556
44	602
44	781
44	831
44	839
44	997
45	177
45	180
45	211
45	212
45	221
45	222
45	511
45	513
45	703
45	761
45	815
45	841
45	881
46	113
46	177
46	248
46	364
46	370
46	405
46	489
46	498
46	510
46	617
46	624
46	717
46	767
46	803
46	833
47	742
48	107
48	112
48	209
48	364
48	404
48	513
48	721
48	740
48	767
48	769
48	787
48	833
48	937
48	961
49	286
49	307
49	334
49	339
49	364
49	488
49	560
49	650
49	685
49	855
49	993
50	490
50	504
50	846
51	71
51	88
51	209
51	228
51	230
51	251
51	285
51	353
51	414
51	517
51	551
51	568
51	604
51	817
51	882
51	896
52	774
53	348
53	382
53	419
53	483
53	521
53	641
54	156
54	201
54	524
54	821
55	106
55	110
55	163
55	210
55	221
55	423
55	562
55	633
55	651
55	664
55	676
55	776
55	851
56	176
56	215
56	220
56	239
56	379
56	615
56	621
56	787
56	812
56	922
56	926
56	942
56	992
57	170
57	334
57	379
57	385
57	476
57	622
57	712
57	737
57	788
58	361
58	975
59	78
59	89
59	190
59	304
59	377
59	385
59	399
59	411
59	460
59	533
59	778
59	790
59	791
59	923
60	315
60	640
60	751
60	759
60	818
60	986
61	130
61	460
61	678
61	814
61	946
61	951
61	955
62	81
62	145
62	205
62	289
62	566
62	612
62	716
62	997
63	80
63	115
63	656
63	734
63	884
63	974
64	82
64	885
65	94
65	101
65	112
65	176
65	228
65	273
65	295
65	430
65	464
65	501
65	571
65	634
65	653
65	722
65	796
65	805
65	820
65	853
65	962
66	78
66	399
66	433
66	467
66	481
66	489
66	501
66	675
66	684
66	778
66	962
67	209
67	351
67	478
67	552
67	572
67	709
67	884
67	912
67	920
67	943
67	953
67	977
68	292
68	353
68	400
68	729
68	885
69	87
69	107
69	142
69	318
69	354
69	444
69	517
69	573
69	692
69	827
69	832
69	913
69	993
69	999
70	116
70	201
70	496
70	724
70	896
71	98
71	217
71	331
71	353
71	543
71	787
71	900
71	948
71	953
72	186
72	270
72	700
72	707
73	124
73	476
73	985
73	986
74	110
74	214
74	272
74	290
74	429
74	478
74	516
74	551
74	552
74	563
74	570
74	694
74	703
74	756
74	948
74	986
75	114
75	281
75	358
75	665
75	716
75	753
75	808
75	942
76	89
76	119
76	157
76	227
76	354
76	356
76	367
76	396
76	459
76	462
76	570
76	843
76	853
76	896
76	918
78	121
78	124
78	254
78	271
78	376
78	390
78	433
78	456
78	471
78	556
78	665
78	700
78	716
78	745
78	788
78	793
78	799
78	823
78	839
78	923
78	941
79	338
79	447
79	496
79	576
79	662
79	957
80	87
80	142
80	157
80	168
80	252
80	381
80	461
80	479
80	480
80	511
80	513
80	709
80	844
80	867
80	903
80	937
80	991
80	993
81	408
81	422
81	460
81	617
81	675
81	749
81	764
81	837
81	921
82	236
82	275
82	292
82	305
82	310
82	344
82	393
82	761
82	859
83	495
83	991
84	234
85	840
86	715
87	119
87	137
87	185
87	192
87	242
87	364
87	375
87	398
87	435
87	517
87	570
87	578
87	683
87	812
87	829
87	941
87	948
87	977
88	185
88	230
88	433
88	459
88	475
88	516
88	527
88	568
88	572
88	673
88	761
89	114
89	224
89	230
89	278
89	332
89	357
89	433
89	468
89	541
89	734
89	737
89	933
89	938
89	955
89	962
90	255
90	462
90	480
90	489
90	574
90	604
90	984
90	991
91	134
92	120
92	197
92	224
92	244
92	396
92	511
92	617
92	668
92	680
92	683
92	784
92	961
92	983
93	189
93	520
93	915
94	142
94	176
94	262
94	288
94	301
94	311
94	367
94	573
94	681
94	908
94	933
94	948
94	962
95	163
95	168
95	188
95	221
95	250
95	298
95	562
95	776
95	857
95	934
95	944
96	290
96	324
96	332
96	567
96	700
96	772
96	799
97	158
97	639
97	688
97	750
98	160
98	174
98	180
98	181
98	217
98	340
98	360
98	375
98	397
98	462
98	610
98	629
98	857
98	882
98	903
98	904
98	977
99	207
99	227
99	484
99	600
99	625
99	810
99	996
100	109
100	110
100	120
100	153
100	158
100	169
100	194
100	246
100	262
100	283
100	295
100	304
100	321
100	365
100	379
100	398
100	444
100	633
100	664
100	689
100	745
100	761
100	829
100	844
100	899
100	922
100	993
101	112
101	121
101	137
101	217
101	259
101	272
101	298
101	311
101	356
101	433
101	461
101	637
101	643
101	682
101	791
101	804
101	843
101	867
101	891
101	903
101	904
101	937
101	958
101	961
101	966
102	236
102	297
102	421
102	627
102	649
102	774
102	776
102	995
103	106
103	122
103	238
103	285
103	287
103	356
103	357
103	362
103	432
103	435
103	441
103	479
103	489
103	734
103	823
103	839
103	874
103	904
103	983
104	289
104	363
104	447
104	589
104	862
104	870
105	110
105	168
105	220
105	292
105	352
105	381
105	462
105	469
105	516
105	551
105	604
105	610
105	627
105	703
105	774
105	785
105	817
105	879
105	912
105	977
105	998
106	239
106	328
106	674
106	732
106	739
106	942
107	193
107	222
107	252
107	272
107	350
107	542
107	572
107	573
107	582
107	617
107	684
107	761
107	882
107	936
107	966
107	992
108	160
108	342
108	523
108	711
108	724
108	763
108	889
109	220
109	285
109	294
109	378
109	379
109	431
109	485
109	601
109	668
109	691
109	803
109	812
109	839
109	905
109	941
110	111
110	242
110	259
110	509
110	626
110	789
111	213
111	251
111	493
111	551
111	620
112	120
112	227
112	278
112	419
112	513
112	556
112	570
112	573
112	811
112	865
112	866
112	891
112	913
112	958
112	981
113	215
113	252
113	264
113	268
113	269
113	307
113	470
113	479
113	585
113	613
113	683
113	732
113	739
113	741
113	766
113	783
113	784
113	790
113	791
114	176
114	271
114	285
114	324
114	351
114	401
114	442
114	526
114	571
114	584
114	621
114	642
114	665
114	681
114	684
114	791
114	793
114	805
114	868
114	888
114	903
114	966
115	144
115	381
115	429
115	572
115	637
115	809
115	912
115	953
116	367
116	579
116	763
116	891
116	948
116	985
117	277
117	286
117	365
117	386
117	588
117	615
117	621
117	915
119	248
119	332
119	431
119	491
119	503
119	571
119	583
119	682
119	736
119	853
119	875
119	913
119	992
120	177
120	185
120	194
120	238
120	354
120	501
120	502
120	556
120	617
120	652
120	775
120	805
120	858
120	922
120	956
120	968
121	222
121	227
121	247
121	278
121	358
121	440
121	571
121	582
121	683
121	801
122	197
122	307
122	334
122	347
122	357
122	439
122	472
122	533
122	624
122	642
122	643
122	674
122	757
122	838
122	883
123	350
123	534
123	566
123	625
123	700
123	709
123	879
123	996
124	149
124	274
124	436
124	453
124	521
124	561
124	760
124	811
124	854
124	952
124	962
125	403
125	412
125	419
125	450
125	611
125	656
125	734
125	853
125	867
125	879
126	131
126	261
126	318
126	461
126	535
126	694
126	780
126	797
126	912
126	977
126	981
127	302
127	422
127	531
127	581
127	614
127	893
128	360
128	493
128	495
128	704
128	746
128	783
130	555
131	136
131	142
131	144
131	160
131	311
131	503
131	517
131	535
131	626
131	656
131	709
131	777
131	787
131	792
131	840
131	899
131	920
131	985
132	606
132	701
132	997
133	267
133	662
134	484
136	179
136	193
136	244
136	246
136	333
136	350
136	399
136	442
136	461
136	521
136	534
136	745
136	771
136	796
136	913
136	917
136	988
137	144
137	173
137	253
137	299
137	377
137	402
137	419
137	433
137	480
137	483
137	570
137	656
137	792
137	843
137	865
137	879
137	891
137	968
137	981
138	212
138	317
138	362
138	379
138	405
138	506
138	511
138	558
138	657
138	667
138	691
138	703
138	815
138	841
138	882
138	966
139	212
139	310
139	317
139	649
139	725
139	809
139	859
142	185
142	230
142	285
142	302
142	329
142	354
142	478
142	492
142	532
142	568
142	579
142	792
142	797
142	884
142	913
143	215
143	269
143	302
143	441
143	888
143	929
144	184
144	228
144	337
144	345
144	355
144	461
144	475
144	569
144	842
144	896
144	923
144	985
144	996
145	371
145	407
145	453
145	460
146	194
146	211
146	324
146	375
146	414
146	478
146	532
146	604
146	656
146	660
146	769
146	826
146	827
146	867
146	882
146	937
146	968
147	275
147	305
147	393
147	553
147	698
147	924
148	417
148	507
148	770
149	274
149	556
149	767
150	358
150	435
150	579
150	603
150	636
150	842
150	865
150	900
151	314
151	549
152	263
152	486
152	854
152	861
153	191
153	250
153	358
153	402
153	421
153	516
153	774
153	977
154	210
154	245
154	512
154	715
155	520
156	167
156	227
156	239
156	244
156	273
156	318
156	487
156	582
156	736
156	771
156	866
156	892
156	955
156	978
157	211
157	253
157	272
157	318
157	356
157	376
157	450
157	503
157	513
157	543
157	551
157	769
157	937
158	167
158	206
158	290
158	422
158	540
158	584
158	709
158	806
158	820
158	955
158	996
159	245
159	392
159	423
159	575
159	655
159	687
160	329
160	381
160	524
160	551
160	696
160	724
160	830
160	843
161	644
162	608
163	405
163	648
163	651
163	699
163	863
164	288
164	390
165	423
165	449
165	533
165	624
165	767
166	577
167	412
167	540
167	542
167	576
167	579
167	601
167	634
167	640
167	681
167	853
167	875
167	887
167	978
168	192
168	212
168	340
168	516
168	588
168	636
168	804
168	865
168	926
169	220
169	321
169	389
169	506
169	657
169	683
169	780
170	237
170	374
170	476
170	642
170	706
170	737
170	790
170	942
170	994
171	172
171	659
172	182
172	356
172	668
172	708
172	908
172	954
172	969
173	244
173	295
173	357
173	411
173	485
173	526
173	580
173	583
173	601
173	674
173	790
173	793
173	941
173	962
174	192
174	475
174	495
174	647
174	780
175	994
176	177
176	285
176	322
176	383
176	404
176	433
176	457
176	459
176	479
176	485
176	572
176	668
176	721
176	843
176	941
177	224
177	258
177	259
177	300
177	356
177	379
177	401
177	405
177	668
177	674
177	683
177	740
177	881
177	983
177	992
178	487
178	813
178	886
179	222
179	227
179	271
179	278
179	294
179	318
179	322
179	354
179	396
179	479
179	542
179	554
179	556
179	568
179	573
179	634
179	682
179	721
179	791
179	805
179	936
180	402
180	410
180	459
180	462
180	480
180	491
180	498
180	506
180	551
180	569
180	792
180	857
180	867
180	891
180	975
181	353
181	641
181	900
181	986
182	819
182	938
182	940
182	994
183	533
183	732
183	766
183	802
183	959
184	342
184	361
184	478
184	551
184	608
184	618
184	711
184	752
184	899
184	965
185	220
185	244
185	247
185	253
185	271
185	278
185	329
185	364
185	378
185	508
185	513
185	762
185	808
185	858
185	867
186	288
186	764
186	799
186	870
186	951
186	967
187	997
188	250
188	251
188	309
188	703
188	871
189	237
189	339
189	714
189	982
190	364
190	376
190	709
190	737
190	843
190	889
190	913
191	331
191	345
191	568
191	752
191	964
191	981
192	214
192	264
192	283
192	297
192	381
192	402
192	491
192	673
192	832
193	222
193	227
193	258
193	299
193	346
193	557
193	578
193	608
193	634
193	710
193	716
193	717
193	722
193	767
193	781
193	843
193	853
193	986
194	196
194	335
194	385
194	561
194	583
194	680
194	800
194	857
194	866
194	874
194	913
194	966
195	235
195	408
195	581
196	237
196	335
196	386
196	392
196	401
196	539
196	593
196	819
196	883
196	939
196	940
197	224
197	259
197	375
197	517
197	585
197	588
197	593
197	668
197	674
197	699
197	722
197	775
197	926
197	975
197	993
197	999
198	246
198	538
198	633
198	680
198	731
198	819
198	883
199	413
199	593
199	783
199	795
199	815
199	846
200	226
200	231
200	388
200	547
200	613
200	686
200	927
201	219
201	348
201	508
201	611
201	736
201	906
201	957
202	236
202	310
202	393
202	451
202	499
202	747
202	972
203	222
203	258
203	441
203	474
203	501
203	509
203	542
203	631
203	668
203	775
203	796
203	812
203	816
203	923
204	206
204	278
204	450
204	492
204	611
204	806
205	561
206	352
206	508
206	567
206	787
206	806
206	832
206	886
206	913
206	936
207	240
207	497
207	567
207	586
207	898
207	996
208	457
208	607
208	659
208	849
208	861
209	311
209	516
209	603
209	696
209	734
209	830
209	884
209	937
209	953
209	958
209	981
210	213
210	250
210	275
210	296
210	365
210	405
210	672
210	735
210	762
210	785
211	230
211	269
211	271
211	414
211	418
211	479
211	498
211	532
211	537
211	558
211	582
211	722
211	827
211	850
211	977
211	983
212	283
212	494
212	495
212	574
212	624
212	926
213	490
214	262
214	480
214	514
214	563
214	626
214	674
214	756
214	928
214	981
215	303
215	378
215	415
215	485
215	588
215	615
215	685
215	839
215	850
215	863
215	905
215	926
215	930
216	221
216	250
216	282
216	488
216	624
216	766
216	850
216	871
216	987
217	258
217	661
217	699
217	812
217	827
217	829
217	903
217	904
217	937
219	276
219	342
219	524
219	525
219	572
219	662
219	750
219	957
220	259
220	303
220	316
220	402
220	411
220	440
220	585
220	618
220	672
220	674
220	745
220	789
220	926
220	941
220	961
221	250
221	264
221	427
221	469
221	624
221	635
221	685
221	689
221	812
221	867
221	871
221	926
221	992
222	324
222	332
222	356
222	364
222	376
222	412
222	459
222	478
222	722
222	820
222	867
222	884
223	340
223	423
223	454
223	510
223	562
223	635
223	755
223	833
223	883
224	252
224	271
224	458
224	459
224	710
224	811
224	833
224	922
225	345
225	353
225	446
225	666
225	842
225	920
225	964
225	965
226	533
226	613
226	915
227	262
227	285
227	319
227	356
227	403
227	459
227	513
227	571
227	618
227	796
227	936
228	249
228	410
228	450
228	524
228	662
228	832
228	888
228	909
228	948
228	968
228	985
230	320
230	362
230	369
230	400
230	480
230	867
230	920
230	953
231	335
231	377
231	560
231	674
231	731
231	733
231	917
231	940
232	536
234	598
235	274
235	407
235	581
235	678
236	658
236	881
237	464
237	477
237	539
237	542
237	583
237	689
237	773
237	883
237	905
238	252
238	294
238	354
238	415
238	457
238	458
238	481
238	532
238	615
238	634
238	681
238	737
238	791
238	796
238	843
238	999
239	282
239	359
239	458
239	643
239	689
239	766
239	790
239	871
239	966
239	968
240	363
240	391
240	557
240	612
240	736
240	772
241	592
242	251
242	283
242	444
242	615
242	631
242	834
242	857
242	871
242	876
242	881
243	319
243	407
243	461
243	906
244	458
244	459
244	618
244	634
244	760
244	790
244	791
244	805
244	831
244	888
245	312
245	504
246	398
246	492
246	668
246	680
246	775
246	812
246	816
246	975
246	992
247	264
247	286
247	300
247	303
247	321
247	340
247	401
247	476
247	585
247	769
247	803
247	816
247	904
247	922
247	983
248	555
248	799
249	271
249	503
249	551
249	615
249	766
249	791
249	827
249	933
250	300
250	401
250	405
250	423
250	498
250	511
250	528
250	548
250	575
250	815
250	838
250	850
251	297
251	574
251	857
252	269
252	287
252	303
252	379
252	431
252	435
252	472
252	485
252	680
252	683
252	699
252	802
252	812
252	833
252	992
253	354
253	378
253	526
253	594
253	643
253	655
253	674
253	802
253	896
253	916
254	304
254	486
254	573
254	801
254	816
254	827
254	875
254	936
254	967
255	494
255	928
255	998
256	280
256	302
256	326
256	373
256	580
256	665
256	861
257	437
258	262
258	282
258	285
258	300
258	358
258	379
258	469
258	551
258	636
258	717
258	775
258	785
258	816
258	829
258	855
258	905
259	298
259	359
259	585
259	672
259	689
259	703
259	767
259	850
259	863
259	871
259	973
259	992
260	537
261	318
261	320
261	342
261	396
261	412
261	508
261	535
261	554
261	582
261	626
261	656
261	660
261	792
261	865
262	352
262	376
262	458
262	503
262	526
262	543
262	573
262	637
262	672
262	812
262	826
262	867
262	922
263	542
263	708
263	845
263	946
264	296
264	362
264	464
264	474
264	498
264	588
264	685
264	698
264	717
264	827
264	850
264	855
264	865
264	905
264	988
265	357
265	373
265	424
265	457
265	471
265	481
265	579
265	665
265	669
265	969
266	292
266	353
266	360
266	491
266	627
266	782
266	995
267	425
267	688
268	283
268	349
268	388
268	449
268	795
269	467
269	482
269	585
269	699
269	784
269	838
270	391
270	453
270	484
270	806
270	813
270	886
271	294
271	322
271	332
271	399
271	413
271	450
271	459
271	485
271	513
271	618
271	682
271	722
271	781
271	831
271	839
271	858
271	875
271	956
272	346
272	356
272	381
272	396
272	475
272	563
272	574
272	626
272	642
272	647
272	673
272	721
272	734
272	879
272	998
273	322
273	367
273	524
273	541
273	584
273	622
273	829
273	853
273	923
274	301
274	371
274	602
274	736
274	955
275	649
275	657
276	391
276	599
277	538
277	732
277	871
277	895
277	988
277	994
278	352
278	440
278	483
278	524
278	540
278	566
278	573
278	582
278	634
278	682
278	762
278	842
278	866
278	958
279	409
279	663
279	715
279	755
279	769
280	390
280	588
281	302
281	334
281	612
281	907
281	936
281	967
282	295
282	449
282	470
282	714
282	732
282	851
282	855
282	988
283	517
283	585
283	631
283	761
283	841
283	882
284	570
284	641
284	662
284	752
284	948
285	352
285	359
285	364
285	368
285	379
285	430
285	432
285	479
285	502
285	563
285	642
285	653
285	680
285	816
285	905
285	913
286	299
286	307
286	383
286	390
286	448
286	457
286	486
286	802
286	808
286	905
286	915
287	316
287	328
287	352
287	359
287	398
287	470
287	501
287	560
287	584
287	657
287	674
287	945
288	302
288	348
288	508
288	522
288	854
288	869
288	914
289	455
289	835
290	487
290	591
290	626
290	660
290	948
291	756
291	791
291	974
292	490
292	627
292	928
294	301
294	306
294	485
294	533
294	582
294	655
294	907
295	300
295	304
295	441
295	459
295	481
295	489
295	503
295	767
295	788
295	801
295	820
295	839
295	858
296	427
296	506
296	664
296	757
296	762
296	790
296	838
296	905
297	528
297	735
297	859
297	860
297	876
298	352
298	378
298	432
298	563
298	607
298	668
298	784
298	926
298	958
298	992
299	354
299	415
299	433
299	476
299	481
299	584
299	601
299	699
299	790
299	796
299	922
299	956
299	993
299	999
300	316
300	356
300	364
300	396
300	444
300	448
300	585
300	660
300	767
300	827
300	879
300	983
301	335
301	420
301	522
301	580
301	584
301	831
302	324
302	352
302	526
302	547
302	554
302	580
302	781
302	853
302	858
302	922
302	923
302	933
302	941
302	983
303	307
303	398
303	404
303	547
303	699
303	767
303	769
303	801
303	802
303	827
303	942
303	956
303	966
303	982
304	390
304	404
304	467
304	607
304	684
304	788
304	831
304	923
304	946
304	952
304	962
305	493
305	646
305	876
306	580
306	684
306	952
307	335
307	432
307	470
307	488
307	507
307	539
307	560
307	617
307	685
307	790
307	839
307	851
307	867
308	322
308	326
308	385
308	398
308	476
308	594
308	642
308	653
308	908
309	413
309	418
309	558
309	575
309	651
309	765
309	776
309	834
310	402
310	727
310	972
310	984
311	362
311	414
311	450
311	597
311	626
311	649
311	913
311	977
311	986
313	919
314	334
314	607
315	361
315	478
315	711
316	354
316	356
316	364
316	402
316	491
316	721
316	843
316	903
316	978
317	629
317	746
317	824
317	876
318	375
318	419
318	435
318	442
318	568
318	569
318	578
318	618
318	640
318	781
318	891
318	968
319	408
319	799
319	806
319	869
319	921
320	348
320	412
320	431
320	480
320	543
320	721
320	756
320	843
320	879
320	909
321	376
321	397
321	398
321	485
321	517
321	562
321	699
321	961
322	392
322	398
322	458
322	459
322	479
322	541
322	643
322	698
322	983
323	895
324	459
324	461
324	481
324	554
324	579
324	617
324	891
325	393
325	623
326	378
326	385
326	432
326	467
326	481
326	653
326	678
326	745
326	861
327	873
328	397
328	427
328	474
328	698
328	757
328	982
329	625
329	640
329	763
329	889
329	977
330	438
330	473
330	493
330	550
330	596
330	646
330	667
330	919
331	343
331	361
331	759
331	797
331	891
331	935
332	357
332	430
332	459
332	521
332	541
332	573
332	656
332	842
332	858
332	948
332	985
332	996
333	405
333	555
333	806
333	955
334	392
334	621
334	633
334	650
334	668
334	757
334	980
334	994
335	339
335	476
335	706
335	802
336	963
337	387
338	496
338	523
338	554
338	752
338	899
339	401
339	560
339	770
339	803
339	808
339	877
339	940
339	994
340	362
340	370
340	375
340	746
341	397
341	412
341	506
341	691
341	761
342	345
342	515
342	554
342	569
342	585
342	628
342	709
342	896
343	688
343	996
344	493
344	648
344	746
344	824
344	825
344	910
344	949
344	972
345	355
345	419
345	565
345	641
345	759
345	840
345	896
345	965
346	364
346	400
346	429
346	503
346	554
346	571
346	573
346	780
346	781
346	811
346	830
346	833
346	843
346	891
346	903
346	922
346	936
347	652
347	767
347	780
347	829
347	905
347	985
348	487
348	611
348	634
348	656
348	978
349	564
349	687
350	534
350	584
350	665
350	721
350	831
351	422
351	468
351	521
351	601
351	753
351	869
352	440
352	737
352	746
352	785
352	844
352	903
352	922
352	937
352	968
352	975
353	756
353	900
354	356
354	448
354	467
354	521
354	588
354	601
354	610
354	653
354	843
354	874
354	926
354	999
355	514
355	670
355	694
356	398
356	435
356	459
356	478
356	480
356	498
356	513
356	811
356	853
356	903
357	432
357	442
357	488
357	583
357	617
357	842
357	936
357	946
358	412
358	471
358	563
358	637
358	692
358	785
358	906
358	937
359	365
359	368
359	526
359	588
359	800
359	922
359	926
359	938
359	956
359	988
359	993
360	995
361	535
361	591
361	603
361	696
361	711
361	900
361	995
362	574
362	616
362	673
362	761
363	508
363	605
363	772
363	957
364	435
364	479
364	524
364	617
364	827
364	891
364	999
365	417
365	440
365	503
365	585
365	674
365	699
365	717
365	829
365	851
365	882
365	961
365	966
367	398
367	410
367	433
367	541
367	566
367	615
367	634
367	709
367	791
367	831
368	472
368	501
368	668
368	689
368	691
368	699
368	714
368	769
368	803
368	812
368	829
368	903
368	905
368	983
369	692
369	928
369	991
370	435
370	503
370	551
370	734
370	746
370	774
370	804
370	816
370	882
370	909
371	500
371	677
371	764
371	921
371	980
372	422
372	677
372	778
373	426
373	457
373	614
373	753
373	760
373	907
374	476
374	583
374	652
374	706
374	737
374	788
374	930
374	956
375	381
375	402
375	517
375	532
375	543
375	578
375	582
375	780
375	842
375	865
375	912
375	937
376	491
376	541
376	554
376	557
376	571
376	576
376	634
376	700
376	796
376	955
377	398
377	441
377	585
377	653
377	745
377	793
377	839
377	895
377	961
378	398
378	502
378	503
378	511
378	542
378	585
378	672
378	683
378	689
378	699
378	866
378	992
379	472
379	511
379	548
379	717
379	745
379	816
379	829
379	833
379	858
379	968
380	807
381	397
381	631
381	636
381	842
381	859
381	977
382	799
382	869
382	951
383	472
383	538
383	615
383	652
383	689
383	717
383	757
383	839
383	905
383	938
383	943
383	982
384	553
384	648
384	856
384	924
384	998
385	415
385	456
385	476
385	684
385	690
385	706
386	502
386	733
386	873
386	927
386	993
387	670
387	751
387	878
388	585
388	895
389	435
389	480
389	521
389	588
389	624
389	651
389	841
389	850
389	904
389	958
389	960
389	995
390	422
390	456
390	467
390	522
392	808
392	819
392	883
392	970
393	469
393	629
393	689
394	555
394	835
394	870
395	416
395	545
395	778
395	849
396	404
396	503
396	534
396	541
396	556
396	617
396	685
396	737
396	827
396	839
396	922
397	516
397	551
397	558
397	627
397	673
397	710
397	860
397	928
397	995
398	404
398	429
398	461
398	616
398	692
398	740
398	785
398	805
398	843
398	850
398	931
398	966
398	968
399	478
399	554
399	579
399	618
399	737
399	936
399	983
399	993
400	797
400	884
400	885
401	427
401	533
401	624
401	664
401	757
401	765
401	846
401	944
402	462
402	626
402	673
402	787
402	826
402	884
403	429
403	430
403	478
403	524
403	554
403	569
403	637
403	656
403	661
403	682
403	826
403	830
403	853
403	912
403	968
404	459
404	501
404	737
404	805
404	843
404	844
404	985
404	993
405	418
405	432
405	435
405	444
405	469
405	475
405	657
405	683
405	761
405	815
405	838
405	881
407	508
407	540
407	918
408	453
408	707
408	764
409	444
409	512
409	703
409	755
409	795
410	521
410	832
410	892
410	914
411	474
411	547
411	601
411	681
411	740
411	941
412	429
412	544
412	563
412	660
412	777
412	842
412	858
412	884
413	439
413	510
413	939
414	429
414	431
414	450
414	478
414	483
414	517
414	569
414	634
414	636
414	661
414	740
414	842
415	456
415	457
415	476
415	536
415	622
415	706
415	767
415	908
415	916
415	930
416	422
417	731
417	732
417	851
417	917
418	533
418	538
418	643
418	685
418	802
419	656
419	889
419	985
420	422
420	485
420	573
420	753
420	760
420	829
420	831
420	875
420	955
421	691
421	725
422	424
422	436
422	457
422	567
422	764
422	790
423	428
423	488
423	698
423	739
423	741
423	783
423	784
423	871
423	944
424	708
424	778
425	807
426	522
426	602
426	684
426	716
426	753
426	805
427	433
427	439
427	471
427	575
427	621
427	680
427	698
427	732
427	757
427	871
427	877
427	936
427	959
428	847
429	433
429	457
429	532
429	571
429	578
429	626
429	641
429	769
429	777
429	787
429	920
430	487
430	534
430	608
430	665
431	487
431	543
431	547
431	661
431	769
431	785
431	843
431	968
431	999
432	485
432	494
432	601
432	607
432	624
432	653
432	655
432	706
432	895
432	905
433	459
433	461
433	526
433	617
433	618
433	721
433	737
433	774
433	791
433	867
433	869
433	888
433	956
433	962
434	798
435	511
435	542
435	603
435	619
435	636
435	643
435	667
435	762
435	776
435	844
435	850
435	961
435	968
435	983
436	612
436	764
436	914
436	952
438	506
438	881
438	947
439	687
439	695
439	970
440	540
440	570
440	572
440	682
440	763
440	820
440	833
440	896
440	975
441	471
441	492
441	547
441	615
441	674
441	982
441	983
441	992
442	459
442	502
442	580
442	617
442	699
442	708
442	791
442	801
442	922
442	948
442	956
442	999
444	553
444	570
444	588
444	610
444	703
444	769
444	789
444	858
445	590
445	592
446	544
446	591
446	603
446	619
446	639
446	670
446	724
446	818
446	990
447	525
448	467
448	475
448	489
448	517
448	554
448	617
448	767
448	812
448	838
448	874
448	888
448	966
448	992
449	533
449	795
449	929
450	513
450	516
450	532
450	582
450	616
450	637
450	661
450	691
450	734
450	740
450	968
451	704
451	809
452	530
452	564
452	645
453	701
455	567
455	643
455	869
455	978
456	470
456	486
456	580
456	650
456	652
456	915
456	988
457	488
457	501
457	607
457	668
457	680
457	788
457	923
458	459
458	506
458	542
458	578
458	652
458	684
458	722
458	874
458	907
458	966
458	999
459	468
459	568
459	585
459	660
459	827
459	829
459	839
459	858
460	500
460	707
460	892
461	573
461	579
461	617
461	740
461	811
461	867
461	888
462	493
462	762
462	804
462	868
463	482
463	587
464	488
464	587
464	778
464	942
464	988
465	668
467	481
467	602
467	753
467	936
467	962
468	522
468	534
468	536
468	573
469	588
469	629
469	651
469	667
469	863
470	488
470	502
470	685
470	706
470	927
471	522
471	908
472	474
472	498
472	502
472	533
472	624
472	636
472	643
472	839
472	926
473	635
473	647
473	658
473	809
474	667
474	699
474	714
474	731
474	739
474	803
475	495
475	551
475	616
475	780
475	782
475	785
476	652
476	653
476	706
476	908
476	969
477	638
477	655
477	727
477	846
478	604
478	637
478	718
478	780
478	896
479	607
479	643
479	722
479	791
479	858
479	888
479	927
479	956
480	544
480	616
480	660
480	718
480	829
480	912
480	958
481	668
481	788
481	923
482	652
482	927
483	573
483	656
483	661
483	682
483	827
483	843
485	547
485	829
486	526
486	560
486	583
486	668
486	745
486	802
486	930
487	554
487	709
487	843
487	975
487	978
488	489
488	547
488	583
488	621
488	689
488	766
488	800
488	829
488	833
488	895
489	491
489	680
489	684
489	791
489	823
489	874
489	887
490	512
491	513
491	524
491	543
491	563
491	573
491	636
491	682
491	745
491	858
491	882
491	903
491	949
491	966
491	975
492	508
492	557
492	573
492	820
492	857
492	891
493	610
493	649
493	876
493	931
493	991
493	995
494	506
494	535
494	610
494	703
494	993
494	998
495	499
495	718
495	729
495	735
495	761
495	809
495	834
495	868
496	537
496	554
496	810
496	906
497	586
497	726
497	862
497	889
498	506
498	509
498	511
498	562
498	672
498	676
498	780
498	838
498	850
498	881
499	782
499	809
500	606
500	700
500	875
501	526
501	547
501	617
501	683
501	780
501	874
501	888
501	922
502	533
502	538
502	547
502	621
502	683
502	689
502	692
502	699
502	803
502	829
502	855
502	956
503	511
503	513
503	571
503	682
503	717
503	767
503	775
503	826
503	833
503	993
504	505
504	705
504	871
506	528
506	532
506	667
506	689
506	691
506	774
506	904
507	520
507	987
508	554
508	906
509	511
509	548
509	636
509	653
509	717
509	762
509	926
509	961
510	739
510	834
511	631
511	672
511	692
511	816
511	896
512	715
512	725
512	783
512	973
513	611
513	621
513	661
513	710
513	721
513	752
513	777
513	820
513	958
513	968
515	619
515	625
515	763
515	771
515	777
515	810
515	821
515	906
515	933
515	996
516	543
516	572
516	597
516	637
516	691
516	692
516	734
516	789
516	796
516	937
516	986
517	557
517	616
517	656
517	672
517	767
517	769
517	775
517	781
517	803
517	827
517	838
517	850
517	863
517	943
517	966
517	992
520	836
521	568
521	614
521	820
521	875
521	952
522	526
522	536
522	681
522	914
522	946
522	951
522	980
523	736
523	740
524	591
524	618
524	678
524	740
524	756
524	879
525	906
526	684
526	689
526	717
526	767
526	811
526	916
526	922
526	936
527	552
527	590
527	718
527	759
527	928
527	964
528	610
528	776
528	783
528	857
529	738
529	764
529	837
530	934
531	576
531	581
532	554
532	569
532	570
532	656
532	787
532	826
532	842
532	891
533	588
533	664
533	883
533	915
534	684
534	879
534	948
534	952
534	957
534	978
535	777
535	977
535	981
535	985
535	986
537	599
537	611
537	630
538	588
538	621
538	680
538	766
538	767
538	816
538	855
539	560
540	578
540	700
540	887
541	683
541	749
541	769
541	791
541	841
542	618
542	769
542	844
542	936
542	999
543	626
543	682
543	711
543	774
543	776
543	785
543	812
543	817
543	879
544	611
544	628
544	711
544	935
544	965
545	581
545	742
547	583
547	683
547	722
547	843
547	867
547	922
547	936
548	733
548	739
548	783
548	838
548	841
548	944
549	595
549	801
549	908
549	927
550	596
550	725
551	569
551	636
551	718
551	740
551	785
551	840
551	865
551	867
552	563
552	569
552	604
552	626
552	637
552	678
552	746
552	797
552	841
552	865
552	936
552	981
554	568
554	580
554	721
554	806
554	820
554	879
554	948
554	958
554	978
555	644
555	807
555	813
556	745
556	781
557	585
557	660
557	681
557	766
558	574
558	631
558	663
558	683
558	746
558	774
558	851
558	998
559	591
559	709
559	750
559	797
560	653
560	731
560	801
560	808
560	908
560	927
561	606
561	665
561	677
562	636
562	739
562	975
563	673
563	692
563	721
563	958
563	961
563	986
565	797
565	872
566	837
566	869
566	870
566	875
566	886
567	726
567	906
568	681
568	682
568	763
568	792
568	830
568	866
568	891
568	937
568	985
568	988
569	696
569	734
569	912
569	977
570	584
570	597
570	682
570	811
570	840
570	853
570	879
570	903
571	579
571	661
571	858
571	896
571	922
571	985
572	578
572	616
572	626
572	734
572	815
572	840
572	953
572	990
573	643
573	700
573	721
573	737
573	830
573	850
573	874
573	922
573	941
573	978
574	751
574	780
575	727
576	639
576	700
576	879
576	985
578	582
578	616
578	843
578	903
578	918
578	968
579	582
579	740
579	843
579	948
579	967
580	665
580	716
580	767
580	801
580	896
580	955
580	982
581	861
581	875
581	911
582	670
582	684
582	710
582	740
582	882
582	920
582	948
582	958
583	776
584	601
584	853
584	962
585	680
585	803
585	855
585	917
585	999
586	777
586	898
587	904
588	699
588	850
588	855
588	868
591	750
592	654
592	759
592	890
593	739
593	895
594	733
594	946
597	648
597	896
597	906
597	977
598	806
599	688
599	892
599	935
600	688
601	684
601	801
602	614
602	760
602	997
603	649
603	718
603	860
604	787
604	827
604	830
605	608
605	724
606	701
607	622
607	938
608	710
608	771
608	797
608	866
608	884
608	920
608	985
609	770
609	929
610	782
610	804
610	809
611	639
611	775
612	951
613	685
613	733
613	823
613	905
613	942
613	987
614	684
614	737
614	773
614	918
614	955
615	668
615	674
615	731
615	766
615	803
615	828
615	839
615	850
615	922
615	929
616	825
617	681
617	739
617	796
617	840
617	843
617	858
617	956
618	643
618	737
618	867
618	966
618	978
619	711
619	752
619	763
619	842
619	884
619	964
619	981
620	817
620	924
621	624
621	651
621	674
621	796
621	874
621	895
622	665
622	731
622	916
623	729
623	947
623	984
624	905
624	926
624	983
625	662
625	670
625	872
626	673
626	692
626	811
626	830
626	832
626	842
626	844
626	912
626	937
627	648
627	729
627	860
627	876
628	748
628	825
628	965
629	647
629	789
629	863
629	943
631	664
631	757
631	834
631	998
632	852
632	877
632	938
633	714
633	745
633	800
633	802
633	888
633	917
633	960
633	970
634	843
634	955
635	975
636	643
636	775
636	780
636	839
636	888
636	903
636	961
636	993
637	661
637	812
637	832
637	842
637	879
639	670
639	724
639	750
640	935
641	709
641	872
641	996
642	808
642	823
642	888
642	905
642	982
643	700
643	722
643	858
643	891
643	936
643	983
644	736
646	972
647	857
648	924
648	947
648	972
649	657
649	774
649	834
650	994
651	741
651	776
651	795
652	731
652	905
652	923
652	941
652	980
653	712
653	790
653	829
653	937
653	980
655	680
655	685
655	739
655	819
655	848
655	987
656	792
656	820
656	827
656	832
656	879
657	714
657	931
658	676
659	706
659	738
660	661
660	775
660	842
660	844
660	937
660	953
660	968
661	673
661	734
661	812
661	826
661	830
661	933
661	983
661	986
662	750
662	965
663	664
663	714
663	765
663	863
664	683
664	765
664	805
664	881
664	970
665	716
665	793
666	751
667	757
667	776
667	841
667	863
668	731
668	791
668	895
668	930
668	994
669	845
669	907
671	712
672	721
672	841
672	926
673	785
673	789
674	681
674	802
674	816
674	874
674	922
675	742
675	814
676	718
676	859
676	876
677	760
678	813
680	803
680	942
681	888
681	941
682	736
682	785
682	796
682	803
682	903
683	812
683	827
683	829
683	833
683	904
683	922
683	943
683	980
684	722
684	781
684	805
684	832
685	712
685	773
685	784
685	940
685	987
686	852
686	938
686	971
688	810
689	757
689	850
689	992
690	845
691	761
691	780
691	782
691	833
691	966
692	833
692	943
692	983
692	993
694	860
695	939
695	945
695	959
696	889
696	986
697	910
697	963
698	699
698	746
698	757
698	784
698	796
698	823
698	903
698	993
699	757
699	761
699	844
699	966
700	814
700	831
700	843
700	914
700	952
701	814
701	835
702	770
703	841
704	859
704	963
705	761
705	795
705	973
706	767
706	823
707	835
708	967
709	724
709	781
709	889
710	769
710	792
710	858
710	896
710	937
711	759
711	986
712	839
714	733
714	905
715	973
716	760
716	793
716	801
716	985
717	776
717	827
718	953
718	995
718	998
719	862
721	737
721	811
721	936
721	937
722	866
724	752
724	906
726	937
726	957
731	929
732	846
732	851
732	895
732	926
732	993
733	803
733	930
734	740
734	827
734	924
734	991
736	772
736	843
737	791
737	796
737	805
737	811
737	843
737	844
737	853
738	753
738	861
738	946
739	776
739	783
739	784
739	927
740	785
740	838
740	858
740	891
741	846
741	855
741	880
741	992
742	894
744	925
745	767
745	888
745	923
746	758
746	876
746	910
746	988
747	924
748	865
749	893
749	921
750	751
750	899
750	918
751	928
752	787
753	760
753	788
756	787
756	953
757	761
757	765
757	944
757	988
761	812
761	844
761	882
761	983
761	998
762	775
762	816
762	983
762	992
763	787
764	893
764	914
765	803
765	841
766	926
766	944
766	982
766	988
767	769
767	816
767	874
767	968
769	803
769	812
769	829
769	888
769	891
770	908
770	915
770	945
770	994
771	781
771	843
771	913
771	926
771	948
771	968
771	978
772	810
772	948
774	817
774	863
774	943
774	968
775	789
775	829
775	844
775	867
775	922
775	933
775	999
776	863
776	977
777	810
777	964
778	861
779	901
780	882
780	904
780	986
780	998
781	843
781	853
781	913
781	933
781	952
781	955
782	931
783	883
783	973
785	826
785	968
787	896
787	912
787	918
787	937
788	930
788	969
788	980
789	881
789	931
790	796
790	802
790	922
790	936
790	941
791	936
791	942
791	968
791	985
792	842
792	891
793	801
793	922
795	863
796	827
796	922
796	962
796	999
797	990
799	997
800	980
801	802
801	874
801	923
802	833
802	851
802	942
802	993
804	857
804	863
805	811
805	843
805	926
805	933
806	813
807	996
809	949
810	862
810	975
811	843
811	913
811	936
812	833
812	853
812	904
812	956
812	961
815	863
815	905
815	943
816	833
817	884
817	998
819	828
819	883
819	980
821	978
823	874
823	917
823	936
825	909
826	827
826	937
826	948
827	891
827	903
827	913
827	956
829	944
830	867
831	915
831	933
831	952
832	891
832	968
832	977
833	844
833	850
833	857
833	867
833	904
834	863
834	919
836	877
837	854
837	892
839	874
840	964
840	995
842	918
843	887
843	907
844	968
846	883
846	970
850	857
850	904
850	922
850	988
853	868
854	914
855	958
857	905
858	903
864	929
865	896
865	918
865	920
866	948
867	903
867	958
867	975
867	982
867	992
868	919
868	974
871	904
871	970
874	922
874	982
875	933
875	952
875	955
880	970
882	966
882	977
883	895
883	904
883	929
884	986
886	978
887	955
888	956
889	906
889	985
889	996
891	912
891	978
894	911
895	939
895	942
896	958
898	906
900	981
903	936
904	905
904	926
908	915
908	938
909	937
912	975
912	981
913	978
915	927
915	938
917	960
919	984
920	986
921	962
922	983
923	969
923	980
924	995
926	961
930	945
941	962
943	944
944	983
947	984
948	985
958	961
958	993
961	975
961	995
975	988
980	982
988	992
