0	819
0	989
1	46
1	62
1	224
1	285
1	301
1	565
1	780
1	795
1	877
1	884
1	942
1	976
2	85
2	153
2	155
2	180
2	183
2	285
2	309
2	337
2	492
2	541
2	640
2	705
2	712
2	871
2	906
3	104
3	173
3	182
3	211
3	323
3	764
3	777
3	867
4	19
4	79
4	283
4	315
4	404
4	486
4	571
4	660
4	682
4	687
4	810
4	897
4	964
5	12
5	151
5	170
5	391
5	449
5	780
5	807
5	820
5	821
6	115
6	170
6	204
6	245
6	278
6	363
6	407
6	427
6	548
6	601
6	619
6	726
6	771
6	802
7	292
8	68
8	288
8	439
8	459
8	559
8	583
8	708
8	718
8	765
8	932
9	103
9	254
9	305
9	611
9	671
9	788
9	941
10	78
10	108
10	167
10	701
10	984
10	985
11	132
11	159
11	192
11	299
11	385
11	398
11	410
11	438
11	601
11	649
11	668
11	725
12	115
12	143
12	410
12	519
12	567
12	601
12	647
12	649
12	759
12	884
12	960
12	982
13	82
13	281
13	289
13	313
13	342
13	485
13	556
13	584
13	604
13	606
13	752
13	754
13	849
13	945
13	976
13	993
14	81
14	118
14	186
14	228
14	250
14	266
14	379
14	499
14	712
14	734
14	796
14	815
14	868
14	959
15	201
15	250
15	275
15	304
15	330
15	367
15	562
15	583
15	660
15	705
15	722
15	772
15	842
15	950
15	995
15	996
16	230
16	827
17	158
17	380
17	429
17	483
17	833
18	82
18	108
18	469
18	580
18	604
18	639
18	806
18	934
19	59
19	167
19	205
19	311
19	351
19	415
19	495
19	504
19	594
19	688
19	729
19	786
19	808
19	890
20	233
20	376
20	511
20	523
20	540
20	804
20	894
21	136
21	252
21	265
21	275
21	301
21	305
21	417
21	519
21	563
21	567
21	587
21	698
21	820
21	941
22	108
22	146
22	219
22	228
22	403
22	520
22	541
22	543
22	667
22	890
22	963
23	36
23	79
23	105
23	136
23	163
23	290
23	378
23	461
23	471
23	480
23	496
23	532
23	592
23	611
23	748
23	774
23	801
23	843
23	889
23	942
23	971
23	986
24	83
24	224
24	312
24	398
24	449
24	497
24	519
24	611
24	649
24	817
24	854
24	866
24	893
24	956
26	87
26	101
26	139
26	214
26	313
26	445
26	697
26	813
27	184
27	308
27	453
27	457
27	516
27	536
27	633
27	773
27	864
27	915
28	55
28	134
28	151
28	215
28	386
28	457
28	537
28	776
28	933
29	85
29	262
29	295
29	377
29	436
29	499
29	536
29	629
29	705
29	732
29	971
29	997
30	314
30	363
30	450
30	566
30	606
30	671
30	717
30	849
30	863
30	870
30	985
31	96
31	363
31	390
31	626
31	652
31	883
31	899
33	73
33	119
33	198
33	243
33	337
33	388
33	480
33	629
33	748
35	88
35	485
35	693
35	895
35	936
35	955
35	987
35	991
36	92
36	182
36	305
36	368
36	410
36	442
36	457
36	536
36	745
36	773
36	868
36	905
36	940
37	157
37	281
37	294
37	631
37	702
37	780
37	853
37	854
37	855
37	979
37	980
37	985
38	55
38	112
38	137
38	272
38	337
38	341
38	343
38	393
38	462
38	499
38	562
38	740
39	59
39	73
39	204
39	245
39	269
39	313
39	318
39	489
39	543
39	565
39	634
39	752
40	420
40	448
40	547
40	585
40	677
40	921
40	923
41	231
41	364
41	591
41	612
41	625
41	642
42	52
42	139
42	146
42	170
42	225
42	231
42	252
42	588
42	687
42	822
43	52
43	54
43	142
43	165
43	305
43	502
43	754
43	807
43	845
43	899
43	986
44	87
44	133
44	186
44	414
44	679
44	729
44	766
44	809
44	876
44	967
45	126
45	627
45	738
45	968
46	75
46	80
46	133
46	156
46	205
46	469
46	556
46	571
46	600
46	638
46	648
46	671
46	749
46	814
47	208
47	367
47	436
47	636
47	715
47	773
47	915
47	998
48	55
48	211
48	331
48	703
48	732
49	84
49	671
50	169
50	244
50	287
50	301
50	399
50	437
50	480
50	516
50	559
50	674
50	827
50	882
50	895
51	175
51	344
51	623
51	840
52	56
52	79
52	145
52	177
52	190
52	192
52	198
52	224
52	252
52	255
52	473
52	475
52	502
52	802
52	864
52	961
53	254
53	274
54	100
54	116
54	139
54	313
54	415
54	504
54	594
54	600
54	648
54	976
54	984
55	114
55	153
55	172
55	226
55	262
55	341
55	630
55	651
55	719
55	864
55	933
56	155
56	163
56	177
56	210
56	213
56	261
56	337
56	417
56	427
56	509
56	712
57	173
57	232
57	239
57	323
57	503
57	651
57	907
57	918
57	971
58	472
58	742
59	167
59	181
59	445
59	456
59	681
59	687
59	691
59	812
60	88
60	115
60	177
60	192
60	252
60	299
60	300
60	373
60	382
60	536
60	579
60	624
60	718
60	987
60	996
60	997
61	86
61	212
61	318
61	357
61	456
61	537
61	538
61	571
62	259
62	312
62	325
62	455
62	515
62	602
62	828
62	877
62	883
62	954
63	658
63	760
64	567
64	600
64	602
64	634
64	659
64	790
64	865
65	103
65	292
65	441
65	576
65	690
65	727
65	883
65	979
66	552
67	167
67	261
67	274
68	230
68	405
68	882
69	77
69	232
69	303
69	308
69	418
69	651
69	848
69	972
69	998
70	78
70	291
70	300
70	354
70	357
70	407
70	414
70	473
70	495
70	641
70	796
70	803
70	845
70	861
70	874
70	898
70	927
70	983
71	83
71	165
71	267
71	334
71	686
71	991
71	992
71	995
72	459
72	835
72	880
73	86
73	145
73	193
73	196
73	212
73	277
73	311
73	357
73	363
73	509
73	578
73	584
73	608
73	624
73	719
73	776
73	859
73	870
73	874
73	976
73	983
74	172
74	236
74	403
74	445
74	504
74	578
74	640
74	660
74	698
74	771
74	861
75	87
75	146
75	241
75	373
75	377
75	449
75	525
75	555
75	558
75	640
75	667
75	753
75	780
75	790
76	208
76	422
76	703
76	746
76	869
76	933
77	411
77	728
77	837
78	163
78	320
78	342
78	455
78	680
78	711
78	733
78	817
78	934
79	113
79	136
79	183
79	198
79	204
79	281
79	315
79	318
79	337
79	342
79	357
79	373
79	509
79	565
79	713
79	743
79	749
79	752
79	815
79	906
80	87
80	116
80	151
80	174
80	181
80	189
80	217
80	362
80	445
80	493
80	535
80	786
80	945
81	118
81	262
81	526
81	535
81	738
81	803
82	121
82	270
82	469
82	520
82	603
82	749
82	786
82	856
82	952
83	105
83	124
83	170
83	286
83	305
83	310
83	378
83	398
83	548
83	567
83	696
83	894
83	951
84	100
84	361
84	370
84	406
84	648
84	863
84	993
85	86
85	177
85	180
85	213
85	225
85	338
85	473
85	485
85	505
85	558
85	826
85	843
85	859
85	948
85	950
85	961
85	997
86	136
86	150
86	198
86	213
86	296
86	305
86	326
86	349
86	407
86	496
86	505
86	520
86	579
86	763
86	849
86	869
86	874
87	134
87	188
87	277
87	321
87	495
87	535
87	606
87	681
87	687
87	712
87	734
87	810
87	811
87	897
87	984
88	328
88	464
88	775
88	879
89	185
89	222
89	397
89	470
89	653
89	989
90	92
90	233
90	290
90	317
90	328
90	497
90	991
91	206
91	395
91	434
91	466
91	476
91	673
91	750
91	805
91	856
91	916
91	975
92	169
92	286
92	317
92	328
92	329
92	339
92	373
92	405
92	585
92	646
92	689
92	882
92	911
92	936
92	968
93	167
93	270
93	688
93	808
95	392
95	476
95	852
96	150
96	206
96	294
96	313
96	433
96	465
96	557
96	631
96	743
96	752
96	870
96	953
96	980
97	117
97	159
97	200
97	222
97	448
98	484
98	957
99	292
99	591
100	125
100	320
100	742
100	763
100	881
101	110
101	177
101	212
101	373
101	378
101	431
101	451
101	489
101	492
101	493
101	510
101	614
101	702
101	726
101	743
101	762
101	978
102	430
103	314
103	450
103	701
103	709
103	800
103	855
103	877
103	934
104	211
104	422
104	453
104	527
104	528
104	700
104	848
104	955
104	968
104	972
104	998
105	209
105	250
105	283
105	375
105	510
105	607
105	636
105	641
105	685
105	712
105	754
105	769
105	842
105	869
106	327
106	918
107	279
107	612
107	822
108	138
108	139
108	144
108	205
108	342
108	404
108	538
108	634
108	660
108	698
108	763
108	856
108	983
108	984
108	993
110	139
110	161
110	198
110	212
110	283
110	285
110	413
110	443
110	510
110	543
110	578
110	593
110	622
110	657
111	491
111	709
111	717
111	724
111	727
111	822
112	134
112	160
112	174
112	227
112	403
112	499
112	537
113	280
113	299
113	365
113	422
113	439
113	464
113	481
113	515
113	572
113	579
113	657
113	689
113	889
113	894
113	911
114	348
114	354
114	380
114	426
114	720
114	740
114	749
114	888
114	900
115	143
115	243
115	283
115	438
115	471
115	547
115	567
115	572
115	645
115	801
115	821
115	904
116	118
116	133
116	193
116	318
116	366
116	446
116	517
116	535
116	608
116	638
116	682
116	749
116	861
116	874
117	595
117	760
118	277
118	333
118	403
118	456
118	578
119	148
119	365
119	417
119	453
119	461
119	546
119	572
119	584
119	675
119	773
119	842
119	888
119	889
119	902
119	996
120	152
120	211
120	253
120	286
120	437
120	497
120	534
120	708
120	937
121	260
121	305
121	600
121	673
121	759
121	762
121	790
121	849
122	207
122	236
122	271
122	680
122	809
122	876
123	857
123	914
124	145
124	352
124	584
124	601
124	632
124	643
124	660
124	769
124	771
124	869
125	181
125	217
125	404
125	488
125	535
125	551
125	569
125	719
125	729
125	756
125	830
125	913
126	134
126	380
126	429
126	599
126	871
127	137
127	432
127	435
127	628
128	340
129	204
129	239
129	348
129	388
129	422
129	442
129	651
129	773
129	968
130	256
130	258
130	367
130	609
132	136
132	148
132	181
132	243
132	277
132	368
132	480
132	513
132	629
132	954
132	976
133	139
133	217
133	228
133	266
133	414
133	456
133	495
133	517
133	571
133	640
133	670
133	713
133	938
134	176
134	643
134	738
134	927
134	945
135	149
135	162
135	370
135	413
135	580
135	679
135	790
135	863
135	988
136	145
136	177
136	252
136	269
136	287
136	325
136	473
136	510
136	613
136	687
136	759
136	821
136	869
136	898
136	929
136	986
137	295
137	694
138	204
138	415
138	639
138	934
138	985
139	210
139	266
139	342
139	351
139	413
139	504
139	530
139	543
139	606
139	634
139	687
139	738
139	749
139	803
139	874
139	942
140	281
140	377
140	450
140	509
140	655
140	743
140	752
140	854
140	935
140	965
141	173
141	527
141	703
141	829
142	253
142	482
142	613
142	649
142	731
142	744
142	835
142	952
143	265
143	283
143	312
143	375
143	391
143	449
143	490
143	513
143	519
143	547
143	565
143	668
143	787
143	845
143	870
143	905
143	951
143	965
144	493
144	606
144	634
144	711
144	856
145	227
145	243
145	337
145	357
145	362
145	461
145	525
145	526
145	632
145	637
145	729
145	801
145	859
145	861
145	997
146	255
146	291
146	520
146	538
146	571
146	588
146	601
146	644
146	660
146	812
146	983
147	196
147	201
147	212
147	242
147	304
147	337
147	348
147	451
147	485
147	493
147	693
147	707
147	765
147	774
147	844
147	905
148	172
148	183
148	189
148	209
148	421
148	445
148	608
148	966
148	982
149	163
149	450
149	556
149	565
149	741
149	935
150	325
150	412
150	438
150	450
150	525
150	558
150	567
150	613
150	622
150	749
150	807
150	986
151	278
151	337
151	354
151	403
151	474
151	486
151	492
151	493
151	594
151	629
151	687
151	794
151	865
151	868
151	874
151	976
152	159
152	293
152	358
152	463
152	497
152	508
152	546
152	686
152	737
152	778
152	792
152	805
152	916
153	225
153	236
153	318
153	333
153	682
153	740
153	871
153	888
153	897
154	448
154	760
154	887
155	209
155	243
155	255
155	427
155	461
155	480
155	517
155	848
155	966
156	209
156	212
156	311
156	315
156	417
156	443
156	449
156	520
156	531
156	600
156	643
156	667
156	687
156	726
156	754
156	821
156	854
156	942
157	389
157	431
157	669
157	795
158	683
158	850
159	165
159	249
159	287
159	317
159	485
159	765
159	921
159	975
160	246
161	177
161	192
161	252
161	305
161	337
161	449
161	493
161	601
161	731
161	814
162	228
162	266
162	680
162	734
162	808
162	813
162	953
162	983
162	985
163	170
163	177
163	209
163	305
163	313
163	366
163	417
163	461
163	480
163	587
163	802
163	869
163	874
163	886
163	982
164	278
164	370
164	569
164	663
164	679
164	967
165	252
165	301
165	338
165	375
165	577
165	589
165	677
165	726
165	765
165	884
165	937
166	353
166	503
166	536
166	562
166	848
167	580
167	925
168	349
168	482
168	611
168	622
168	752
168	916
169	428
169	572
170	180
170	252
170	265
170	438
170	713
170	731
170	748
170	786
170	849
171	471
171	554
171	563
171	744
171	953
172	499
172	517
172	712
172	713
173	381
173	583
173	636
173	651
174	226
174	247
174	341
174	599
175	658
176	214
176	297
176	361
176	456
176	488
176	717
176	729
176	738
176	797
176	811
177	179
177	204
177	213
177	337
177	366
177	369
177	532
177	541
177	726
177	741
177	788
177	987
178	503
178	618
178	650
178	885
179	180
179	196
179	255
179	283
179	310
179	365
179	436
179	464
179	480
179	485
179	548
179	572
179	607
179	641
179	801
179	950
179	971
179	994
180	209
180	291
180	326
180	377
180	446
180	509
180	532
180	756
180	866
180	948
180	955
180	963
181	245
181	379
181	414
181	462
181	729
181	796
181	830
182	422
182	486
182	636
182	641
182	834
182	940
182	968
182	977
182	998
183	275
183	278
183	291
183	337
183	378
183	431
183	445
183	608
183	720
183	873
184	201
184	216
184	225
184	236
184	363
184	378
184	388
184	453
184	533
184	607
184	654
184	798
184	944
185	545
186	346
186	386
186	419
186	486
186	881
186	908
187	216
187	238
187	242
187	330
187	352
187	442
187	656
187	873
187	906
188	214
188	219
188	504
188	532
188	671
188	691
188	727
188	734
188	988
189	262
189	318
189	413
189	517
189	719
189	810
189	811
189	871
189	917
190	248
190	252
190	283
190	299
190	349
190	383
190	459
190	532
190	641
190	689
190	772
190	905
190	943
190	971
190	982
190	991
191	382
191	459
191	773
191	837
191	918
192	209
192	224
192	252
192	300
192	376
192	587
192	698
192	787
192	794
192	866
192	894
193	210
193	243
193	277
193	370
193	409
193	485
193	495
193	526
193	811
193	815
193	871
194	573
194	595
195	596
195	758
196	378
196	391
196	516
196	775
196	802
196	943
196	982
196	991
196	997
197	273
197	324
197	379
197	383
197	547
197	802
197	851
197	947
197	986
198	224
198	236
198	326
198	337
198	417
198	473
198	608
198	665
198	802
198	814
198	826
198	874
198	877
199	214
199	257
199	462
199	505
199	538
199	541
199	543
199	660
199	671
199	733
199	786
199	830
199	868
199	869
200	823
200	903
200	956
200	994
201	204
201	303
201	369
201	427
201	584
201	629
201	849
202	410
202	471
202	481
202	534
202	547
202	787
202	823
202	828
202	844
202	931
202	994
203	392
203	669
203	744
204	209
204	213
204	262
204	357
204	485
204	509
204	580
204	592
204	641
204	686
204	771
204	809
204	842
204	874
204	948
205	228
205	257
205	556
205	600
205	604
205	790
205	814
205	845
205	985
206	273
206	279
206	434
206	642
206	960
207	236
207	361
207	551
207	569
207	670
207	679
207	757
208	295
208	331
208	501
208	528
208	909
209	213
209	236
209	285
209	357
209	443
209	489
209	492
209	541
209	578
209	630
209	640
209	643
209	802
209	983
210	313
210	517
210	544
210	729
210	764
210	831
210	865
210	868
210	908
210	953
210	964
211	348
211	457
211	536
211	715
211	718
211	745
211	864
211	943
211	998
212	245
212	283
212	337
212	362
212	407
212	510
212	632
212	671
212	769
212	798
212	874
213	219
213	446
213	471
213	492
213	514
213	566
213	577
213	601
213	842
213	965
213	997
214	234
214	361
214	913
214	983
215	330
215	341
215	351
215	393
215	499
215	810
215	873
215	933
215	944
216	309
216	333
216	341
216	380
216	418
216	436
216	630
216	654
216	705
216	776
216	834
216	933
216	977
217	313
217	403
217	535
217	720
217	729
217	756
217	766
217	876
217	948
218	322
218	323
218	586
218	619
218	761
219	228
219	275
219	325
219	357
219	404
219	445
219	492
219	509
219	517
219	520
219	541
219	556
219	594
219	629
219	763
219	794
219	796
219	830
219	861
219	888
219	913
219	976
220	920
222	625
224	269
224	312
224	375
224	379
224	385
224	449
224	590
224	649
224	752
224	854
224	870
224	929
225	279
225	473
225	492
225	493
225	640
225	687
225	712
225	759
225	830
225	833
225	856
225	976
226	285
226	632
226	654
226	660
226	665
226	693
226	707
226	810
226	933
227	285
227	309
227	414
227	426
227	453
227	665
227	720
227	906
228	393
228	452
228	456
228	535
228	606
228	764
228	833
228	876
228	913
228	917
230	252
230	423
230	804
231	270
231	278
231	279
231	389
231	602
231	673
231	727
231	800
231	877
232	237
232	335
232	618
232	715
233	490
233	497
233	534
233	901
233	910
233	937
234	320
234	370
234	670
234	679
234	720
234	734
234	811
234	815
234	830
235	306
235	635
235	811
236	535
236	606
237	527
237	596
238	418
238	694
238	972
239	379
239	400
239	506
239	654
239	700
239	848
239	977
240	270
240	342
240	597
240	663
240	919
241	245
241	338
241	394
241	407
241	431
241	525
241	526
241	548
241	741
241	771
241	854
241	986
242	275
242	318
242	380
242	417
242	498
242	705
242	850
242	871
242	955
243	348
243	354
243	446
243	516
243	607
243	740
243	777
243	966
244	405
244	423
244	559
244	646
244	650
244	774
245	373
245	496
245	601
245	693
245	698
245	807
245	814
245	923
246	486
246	543
246	606
246	756
246	798
247	272
247	330
247	462
247	764
247	766
247	776
247	906
248	263
248	334
248	385
248	423
248	509
248	547
248	579
248	611
248	690
248	765
248	828
249	481
249	508
249	689
249	725
249	840
250	357
250	362
250	493
250	613
250	636
250	722
250	748
250	802
250	814
250	971
250	997
251	293
251	448
251	649
251	844
251	857
252	310
252	327
252	375
252	481
252	613
252	821
252	826
252	899
252	978
252	986
253	471
253	557
253	647
253	649
253	744
253	769
253	981
253	991
255	283
255	337
255	338
255	417
255	418
255	421
255	437
255	498
255	584
255	601
255	619
255	693
255	842
256	768
257	449
257	577
257	625
257	851
257	884
259	294
259	312
259	433
259	743
259	752
259	762
259	795
259	916
259	980
260	279
260	415
260	655
261	274
261	739
261	919
262	272
262	330
262	355
262	720
262	798
262	818
263	423
263	792
263	905
263	937
264	276
264	322
264	423
264	586
264	617
264	692
264	885
265	310
265	324
265	369
265	375
265	377
265	385
265	398
265	431
265	471
265	502
265	610
265	762
265	895
265	899
265	992
266	342
266	413
266	680
266	697
266	863
266	897
267	470
267	585
267	816
267	872
268	367
268	399
268	610
268	674
268	851
268	895
269	312
269	377
269	638
269	687
269	855
269	884
269	951
270	697
270	825
271	370
271	499
271	569
271	928
271	990
272	275
272	333
272	341
272	352
272	409
272	756
272	776
272	900
272	959
272	977
273	312
273	325
273	349
273	510
273	637
273	644
273	652
273	667
273	953
273	960
274	714
274	747
274	816
274	878
274	925
275	362
275	424
275	464
275	480
275	601
275	892
275	955
275	976
276	768
277	337
277	596
277	598
277	687
277	771
277	865
277	940
277	992
278	311
278	366
278	509
278	516
278	520
278	592
278	665
278	942
278	965
278	997
279	379
279	387
279	389
279	576
279	667
279	702
279	795
279	845
279	952
280	291
280	339
280	366
280	376
280	383
280	498
280	519
280	725
280	802
280	820
280	879
280	911
280	949
280	971
280	987
280	994
281	300
281	373
281	474
281	556
281	752
281	762
281	814
281	929
281	953
281	960
283	310
283	338
283	579
283	624
283	754
283	761
283	826
283	842
283	995
284	356
284	392
284	568
284	637
285	300
285	318
285	493
285	520
285	538
285	558
285	577
285	608
285	640
285	861
285	942
286	327
286	374
286	479
286	480
286	547
286	579
286	668
286	947
287	490
287	698
287	787
287	851
287	893
287	951
287	956
287	987
288	804
288	882
289	314
289	433
289	507
289	638
289	724
289	813
289	877
289	935
289	958
290	633
291	391
291	579
291	592
291	693
291	874
291	940
291	982
292	420
292	466
292	522
292	591
292	612
292	935
293	307
293	334
293	448
293	626
293	987
294	558
294	613
294	752
294	954
295	343
295	598
295	656
295	730
295	785
295	834
296	374
296	441
296	579
296	613
296	861
297	346
297	555
297	697
297	734
297	842
298	653
298	953
299	304
299	365
299	366
299	399
299	510
299	572
299	577
299	619
299	696
299	775
299	823
299	901
299	950
299	991
299	995
300	301
300	313
300	315
300	325
300	373
300	377
300	443
300	543
300	558
300	566
300	588
300	590
300	779
300	830
301	325
301	398
301	434
301	525
301	709
301	743
301	802
301	807
301	866
301	883
302	397
302	716
303	636
303	715
303	777
303	906
303	968
304	327
304	503
304	540
304	546
304	586
304	587
304	889
305	349
305	398
305	407
305	520
305	592
305	817
305	828
305	845
305	849
307	358
307	434
307	699
308	317
308	323
308	418
308	583
308	650
308	684
308	718
308	773
308	783
309	400
309	424
309	598
309	707
309	834
309	892
310	311
310	369
310	407
310	471
310	566
310	587
310	608
310	671
310	754
310	771
310	965
310	976
311	325
311	363
311	366
311	438
311	474
311	567
311	641
311	691
311	749
311	812
311	855
311	870
311	877
311	894
312	420
312	673
312	870
312	877
312	935
312	952
312	975
312	986
313	357
313	373
313	469
313	629
313	719
313	749
313	752
313	759
313	790
313	849
314	550
314	591
314	603
314	638
314	702
314	741
314	806
314	878
314	954
315	378
315	394
315	492
315	541
315	556
315	580
315	632
315	638
315	753
315	831
315	861
315	964
317	405
317	516
317	532
317	559
317	858
318	362
318	403
318	504
318	510
318	520
318	566
318	594
318	640
318	763
318	991
319	682
319	841
319	963
320	361
320	419
320	544
320	551
320	679
320	681
320	723
320	876
320	908
320	917
320	927
321	530
321	670
321	917
322	479
322	512
322	689
322	895
322	901
323	331
323	354
323	381
323	464
323	516
323	700
323	702
323	961
324	410
324	438
324	487
324	567
324	577
324	647
324	849
324	937
324	943
324	982
324	992
324	994
325	438
325	451
325	588
325	744
325	759
325	807
325	855
325	856
325	874
325	884
325	964
326	449
326	515
326	644
326	687
326	754
326	786
326	845
326	847
327	378
327	381
327	496
327	503
327	587
327	619
327	645
327	646
327	715
327	828
327	911
328	374
328	428
328	463
328	646
328	911
329	381
329	399
329	451
329	479
329	496
329	559
329	624
329	675
329	722
329	996
330	380
330	461
330	475
330	486
330	489
330	810
330	950
331	343
331	972
332	416
332	688
333	341
333	424
333	596
333	683
333	684
333	712
333	814
333	850
333	888
334	438
334	649
334	844
335	343
336	392
336	525
336	727
336	878
336	935
336	993
337	480
337	495
337	665
337	748
337	842
337	859
337	867
338	369
338	379
338	509
338	641
338	657
338	731
338	775
338	866
338	982
338	995
339	399
339	459
339	497
339	708
339	840
340	972
341	426
341	475
341	720
341	906
342	415
342	491
342	588
342	701
342	878
342	883
342	896
342	934
343	360
343	829
343	955
344	498
344	559
344	824
344	992
345	425
346	571
346	588
346	599
346	764
346	881
346	938
347	631
348	353
348	388
348	446
348	513
348	516
348	532
348	643
348	684
348	769
348	966
348	968
348	972
349	366
349	421
349	438
349	449
349	455
349	471
349	531
349	603
349	647
349	754
349	828
349	870
350	395
350	466
350	637
350	662
351	445
351	541
351	639
351	719
352	393
352	398
352	436
352	442
352	483
352	651
352	654
352	740
352	746
352	786
352	818
352	848
352	873
352	900
352	955
353	421
353	446
353	537
353	546
353	651
353	707
354	461
354	598
354	693
354	769
354	771
354	874
354	898
354	997
355	388
355	453
355	532
355	619
355	693
355	873
355	889
355	940
356	441
356	904
356	975
357	493
357	505
357	541
357	571
357	578
357	599
357	890
358	610
358	860
359	463
359	851
360	372
360	411
360	703
360	769
361	495
361	535
361	697
361	843
361	881
361	917
361	988
362	535
362	680
362	821
363	373
363	391
363	471
363	509
363	584
363	613
363	622
363	641
363	668
363	698
363	842
364	795
364	981
365	369
365	421
365	479
365	485
365	498
365	547
365	572
365	584
365	601
365	614
365	633
365	665
365	673
365	725
365	774
365	775
365	889
365	943
366	368
366	404
366	410
366	514
366	584
366	668
366	731
366	762
366	847
366	910
366	987
367	586
367	674
367	722
368	514
368	562
368	675
368	726
368	950
368	971
369	385
369	471
369	532
369	624
369	647
369	748
369	842
369	971
369	996
370	468
370	488
370	781
370	808
371	627
371	756
371	758
371	764
372	391
372	523
372	885
373	671
373	673
373	741
373	753
373	845
373	927
373	942
374	399
374	686
374	923
374	937
375	391
375	601
375	762
375	879
376	412
376	485
376	490
376	646
376	804
376	987
377	449
377	954
377	978
378	451
378	461
378	496
378	705
379	437
379	451
379	490
379	698
379	775
379	792
379	847
379	929
379	951
380	426
380	630
380	713
380	810
380	834
380	955
381	479
381	498
381	546
381	650
381	693
381	950
381	982
381	991
382	400
382	528
382	769
382	783
382	837
383	471
383	482
383	532
383	579
383	702
383	771
383	828
383	899
384	837
385	391
385	431
385	471
385	611
385	649
385	744
385	807
385	956
385	962
386	436
386	537
386	740
386	900
387	593
387	659
388	411
388	645
388	700
388	864
388	889
388	961
388	968
389	392
389	415
389	504
389	817
389	916
389	960
389	980
390	431
390	465
390	610
390	795
390	904
390	960
391	655
391	814
391	821
391	899
391	986
392	408
392	508
392	870
392	904
392	952
392	960
393	483
393	881
393	933
393	944
393	961
394	450
394	558
394	644
394	659
394	794
394	898
395	466
396	581
396	714
396	747
397	872
398	421
398	502
398	550
398	592
398	787
398	965
399	532
399	534
399	559
399	572
399	586
399	657
399	943
400	452
400	654
401	432
401	583
401	918
402	710
403	413
403	468
403	505
403	580
403	671
403	711
403	845
403	874
403	948
404	492
404	608
404	640
404	665
404	667
404	802
404	871
405	508
405	586
405	882
406	639
406	729
406	796
406	983
407	510
407	600
407	613
407	749
407	762
407	809
407	812
407	830
407	898
408	814
408	820
410	412
410	437
410	577
410	619
410	787
410	940
410	951
412	554
412	647
412	709
412	820
412	899
412	936
412	995
413	648
413	697
413	757
413	988
414	426
414	456
414	555
414	691
414	734
414	756
414	796
414	830
414	865
414	890
414	906
414	938
414	983
415	492
415	588
415	638
415	661
415	717
415	753
415	788
415	927
415	964
417	431
417	510
417	538
417	613
417	633
417	698
417	748
417	762
417	771
417	898
418	740
418	892
418	977
419	596
419	729
419	917
419	959
420	459
420	610
420	649
420	823
420	975
421	485
421	514
421	601
421	707
421	940
422	475
422	528
423	451
423	481
423	725
423	832
423	851
423	981
424	462
424	499
424	719
424	869
424	944
425	447
425	784
426	654
426	785
426	811
427	439
427	451
427	624
427	769
427	855
427	927
427	940
427	966
427	992
427	997
428	464
428	500
428	540
428	646
428	718
428	918
428	995
429	543
429	607
429	776
431	438
431	450
431	743
431	752
431	806
431	849
431	866
431	942
431	954
432	487
432	512
432	609
432	718
432	915
433	522
433	550
433	589
433	602
433	930
434	482
434	550
434	678
434	980
435	478
436	693
436	732
436	740
436	944
437	765
437	778
437	992
438	584
438	794
438	821
438	844
438	849
438	899
438	937
439	633
439	646
439	760
439	769
439	911
439	971
440	862
441	550
441	565
441	588
441	668
441	702
441	714
441	743
441	883
441	935
442	785
442	848
442	977
443	455
443	741
443	779
443	812
443	856
443	866
443	978
445	456
445	509
445	578
445	763
445	913
445	963
445	976
445	988
446	584
446	598
446	814
446	867
446	933
447	512
448	860
449	480
449	531
449	541
449	565
449	622
449	633
449	726
449	749
449	814
449	821
449	855
449	899
449	953
449	965
450	593
450	752
450	759
450	762
450	780
450	866
451	577
451	633
451	693
451	787
451	859
451	910
451	911
451	971
451	994
452	670
452	796
453	536
453	624
453	675
453	707
453	761
453	850
453	864
453	940
453	966
454	610
454	686
454	860
454	947
454	996
455	724
455	762
455	929
455	993
456	535
456	913
457	665
457	713
457	732
457	834
457	939
457	968
458	536
458	736
459	534
459	677
459	921
460	526
460	723
460	757
460	786
461	485
461	519
461	584
461	592
461	633
461	641
461	707
461	950
462	535
462	676
462	738
462	881
463	481
463	725
463	947
463	995
464	587
464	675
464	834
465	585
466	612
467	642
467	853
468	639
469	491
469	525
469	565
471	567
471	600
471	726
471	849
471	899
471	965
473	544
473	572
473	579
473	624
473	643
473	779
473	822
473	865
474	513
474	525
474	538
474	604
474	614
475	499
475	504
475	676
475	712
475	740
475	764
475	906
476	522
476	642
476	800
477	507
477	899
478	736
478	829
478	922
479	485
479	607
479	696
479	731
479	769
479	775
479	910
480	485
480	562
480	584
480	640
480	769
480	898
481	689
481	784
481	794
481	880
481	882
481	901
481	921
481	996
482	557
482	649
482	820
482	916
482	960
482	975
483	492
483	676
483	745
483	892
485	613
485	693
486	599
486	636
486	859
487	523
487	584
487	882
487	901
487	936
488	766
488	862
489	510
489	531
489	538
489	543
489	660
489	754
489	807
489	870
489	905
490	572
490	696
490	778
490	844
490	951
490	962
491	588
491	688
491	786
492	493
492	645
492	771
492	796
492	874
492	963
492	997
493	526
493	548
493	551
493	578
493	697
493	771
493	809
493	868
493	877
493	985
495	571
495	588
495	601
495	671
495	679
495	733
495	763
495	790
495	983
496	527
496	584
496	587
496	674
496	754
496	826
496	879
496	889
496	943
497	559
498	577
498	586
498	696
498	826
498	910
498	943
498	950
498	992
499	509
499	630
499	830
499	906
499	971
501	746
502	515
502	538
502	633
502	649
502	884
502	986
503	674
503	867
504	513
504	517
504	555
504	556
504	606
504	786
504	801
504	890
505	526
505	594
505	622
505	788
505	812
505	814
505	865
505	869
505	890
506	718
507	550
507	589
507	750
508	534
508	792
508	956
509	510
509	532
509	802
509	812
509	814
509	847
509	893
509	898
510	513
510	571
510	577
510	622
510	640
510	687
510	731
510	748
510	868
510	985
511	686
511	725
511	835
511	995
512	617
513	754
513	884
513	898
514	693
514	774
514	910
514	911
514	971
514	995
514	996
515	762
515	884
515	956
516	613
516	696
516	731
516	748
516	769
516	826
516	910
516	950
516	966
516	995
517	555
517	632
517	656
517	869
517	871
518	706
518	989
519	726
519	762
519	807
519	820
519	870
519	929
520	687
520	753
520	796
520	890
522	662
522	800
522	985
523	804
523	937
524	661
524	711
524	767
524	808
525	565
525	580
525	644
525	687
525	780
525	856
525	874
526	558
526	712
526	749
526	809
526	908
527	915
527	955
528	552
528	730
529	747
529	886
530	723
530	757
530	790
530	863
530	908
531	548
531	602
531	614
531	743
531	762
531	869
531	941
532	559
532	633
532	698
532	826
532	847
532	893
532	950
532	965
533	596
533	650
533	738
533	850
533	939
534	563
534	686
534	835
534	840
534	851
534	931
534	960
534	994
535	555
535	632
535	691
535	763
535	764
535	938
536	675
536	867
536	940
536	961
537	656
537	700
538	580
538	629
538	687
538	803
538	868
538	890
538	942
539	840
539	860
539	923
540	708
540	879
540	895
540	907
540	987
541	556
541	571
541	629
541	660
541	670
541	671
541	729
541	790
541	830
541	871
541	927
541	944
541	983
541	991
543	556
543	588
543	594
543	632
543	638
543	643
543	698
543	729
543	786
543	812
544	831
544	963
545	642
545	853
546	579
546	619
546	696
546	722
546	794
546	889
546	911
546	996
547	686
547	905
548	613
548	667
548	812
548	821
548	849
548	965
550	576
550	701
550	855
550	935
550	954
551	555
551	670
551	681
551	682
551	798
551	811
551	814
551	927
551	942
554	778
554	844
555	687
555	734
555	868
555	890
556	558
556	640
556	687
556	714
556	753
556	762
556	942
556	983
556	984
556	992
557	669
557	744
557	956
558	629
558	687
558	698
558	771
558	884
558	890
558	897
559	708
559	931
559	996
560	827
562	684
562	834
562	859
562	864
562	955
562	971
563	857
563	946
564	957
564	969
565	640
565	667
565	979
566	590
566	593
566	600
566	978
567	629
567	794
567	812
567	870
567	929
567	997
571	578
571	594
571	608
571	639
571	643
571	681
571	871
571	938
571	976
572	775
572	787
572	987
573	872
576	591
577	579
577	611
577	715
577	899
578	608
578	641
578	671
578	997
579	586
579	633
579	774
579	992
580	811
580	863
582	969
583	703
584	587
584	592
584	643
584	754
584	787
584	794
584	821
584	847
584	869
584	898
584	950
585	653
585	835
585	840
586	858
587	645
587	682
587	693
587	708
587	774
587	842
587	899
587	910
587	991
588	673
588	814
588	855
588	884
588	963
588	983
588	986
589	591
589	930
590	593
591	640
592	640
592	748
592	873
592	950
592	998
593	607
593	644
593	659
593	661
593	825
594	640
594	702
594	719
594	790
594	801
594	865
594	897
594	985
596	818
596	892
596	900
597	711
597	733
597	739
597	822
597	925
597	985
598	712
598	713
598	748
598	796
598	814
598	869
598	907
599	841
599	881
600	604
600	786
600	806
600	845
600	849
600	883
600	941
601	607
601	614
601	812
601	845
601	849
602	638
602	659
602	727
602	952
603	655
603	759
603	805
603	877
603	930
603	941
603	954
604	661
604	877
605	923
606	639
606	729
606	757
607	740
607	826
607	859
607	871
608	630
608	660
608	712
608	748
608	769
608	812
608	830
608	859
608	890
609	875
610	828
611	644
611	743
611	752
611	759
611	779
612	631
612	727
612	853
612	935
612	979
613	801
613	910
614	820
614	845
614	992
616	729
617	827
618	987
619	879
619	971
619	987
619	995
620	839
620	875
621	880
622	786
622	807
622	828
622	849
622	910
622	942
623	692
623	858
624	749
624	787
624	847
624	889
624	991
625	960
625	975
626	647
626	699
626	716
627	685
627	959
629	749
629	776
629	861
629	865
630	665
630	713
630	720
630	769
630	810
630	864
631	647
631	716
632	802
632	861
632	864
633	749
633	792
633	898
633	908
633	965
633	971
634	680
634	934
635	767
636	683
636	732
636	834
636	888
636	939
637	816
637	914
638	935
639	701
639	786
639	825
640	641
640	811
640	861
641	660
641	665
641	775
641	794
641	809
641	812
641	950
642	838
643	665
643	749
643	898
643	913
643	997
644	762
644	849
644	870
644	993
645	847
645	899
645	910
646	824
647	842
647	992
648	682
648	717
648	734
648	830
648	859
648	954
649	652
649	828
650	773
650	879
650	940
650	943
651	665
651	684
651	700
651	837
651	972
652	686
652	699
652	744
652	854
653	838
653	857
653	914
654	732
655	724
657	774
657	794
657	879
659	678
660	712
660	802
660	843
660	865
660	997
661	788
661	934
661	964
662	822
663	733
663	811
663	863
663	878
663	896
664	839
665	748
665	749
665	771
665	859
665	881
665	966
667	701
667	702
667	741
667	929
668	832
668	905
668	982
668	987
668	991
668	994
669	884
669	914
670	988
670	990
671	691
671	729
671	763
673	883
673	938
674	768
674	901
675	745
675	748
675	785
675	864
675	950
675	971
676	691
676	798
677	861
677	923
677	946
678	750
678	817
678	866
680	685
681	691
681	796
682	719
682	729
682	754
682	794
682	948
682	963
683	684
684	864
686	860
686	992
686	994
687	749
687	771
687	780
689	708
689	921
690	903
690	923
690	931
691	741
691	763
691	796
691	871
691	876
693	731
693	769
693	810
693	889
693	910
693	943
693	950
693	987
694	848
694	922
696	894
697	729
697	757
697	897
697	913
698	847
698	899
698	965
700	713
701	790
701	856
701	964
702	780
702	814
703	777
705	783
705	948
706	835
706	914
707	712
707	732
707	966
708	761
708	911
708	932
708	936
709	954
711	743
711	788
711	934
711	964
712	843
712	881
712	899
712	905
713	764
713	888
715	722
715	915
715	943
716	838
717	733
717	790
717	958
718	761
718	907
719	798
720	756
720	830
720	906
722	773
722	777
723	831
724	822
724	877
724	935
724	941
725	778
725	792
725	851
725	923
725	931
725	946
725	987
726	856
726	879
726	905
726	993
727	788
728	773
729	776
729	830
729	871
729	948
730	972
731	889
731	910
732	834
732	873
732	961
733	788
733	809
734	908
735	909
737	962
738	796
738	876
740	818
740	873
740	933
740	955
741	856
741	884
743	845
744	817
744	893
745	777
745	894
745	992
745	998
748	802
748	842
748	859
748	873
748	889
748	898
748	950
748	971
749	861
749	865
752	823
753	779
753	807
753	877
753	984
754	795
754	803
754	847
754	849
754	874
754	986
756	796
756	815
757	984
760	931
761	765
761	894
761	996
762	828
762	849
762	851
762	978
763	790
764	776
764	859
764	900
765	832
765	936
765	946
765	951
765	996
767	919
769	802
771	830
771	869
772	907
772	918
772	968
774	867
774	903
774	961
774	987
774	991
774	995
774	997
775	847
775	899
775	996
776	798
777	966
778	893
779	993
781	990
783	848
783	955
784	937
784	949
785	939
786	790
786	983
786	985
787	820
787	937
787	951
787	960
787	965
790	863
791	930
792	824
792	962
794	821
794	861
794	870
794	906
794	981
795	817
796	897
796	913
798	938
798	945
801	873
801	899
801	997
802	943
802	982
803	812
803	821
803	831
803	871
803	873
803	927
803	983
803	993
806	935
806	941
807	821
808	925
809	859
810	961
811	815
812	814
812	843
812	870
812	935
812	951
813	815
815	908
815	917
815	963
816	970
817	855
817	916
817	960
818	959
820	893
820	914
820	929
820	954
821	847
822	878
822	886
823	828
823	937
823	989
824	827
824	858
825	919
826	971
826	991
827	894
830	831
830	881
830	948
831	897
831	963
831	983
832	937
835	923
836	894
840	851
841	976
842	951
842	971
843	868
844	880
845	898
847	910
847	991
849	884
849	942
850	972
851	956
852	853
852	930
854	866
854	941
854	960
855	856
855	954
856	898
856	971
856	993
857	981
859	864
861	865
861	877
861	942
862	967
862	990
863	990
864	944
864	948
864	961
866	911
866	981
871	890
871	976
873	900
874	945
876	913
876	917
876	983
876	990
877	963
877	978
878	958
879	894
879	940
881	913
882	937
882	962
884	951
885	901
886	978
889	943
889	966
892	933
893	951
893	965
894	915
894	991
895	905
896	934
898	977
899	942
899	949
901	996
902	971
904	992
905	966
905	992
906	976
907	996
910	943
910	966
911	932
911	996
914	989
916	929
921	923
925	934
930	975
930	979
933	977
938	958
938	976
942	978
943	991
946	991
947	960
948	961
952	986
953	956
953	986
954	978
958	979
961	972
961	997
961	998
962	975
962	987
962	989
963	983
964	985
966	971
967	990
975	979
986	992
987	992
992	995
