0	76
0	290
0	305
0	338
0	371
0	433
0	469
0	470
0	487
0	512
0	587
0	603
0	663
0	682
0	724
0	762
0	796
1	159
1	227
1	482
1	749
2	476
2	829
3	42
3	563
3	678
4	10
4	147
4	163
4	201
4	202
4	230
4	231
4	234
4	245
4	310
4	321
4	371
4	381
4	451
4	461
4	689
4	710
4	743
4	781
4	861
4	865
4	882
4	969
5	13
5	17
5	157
5	204
5	298
5	341
5	488
5	516
5	590
5	672
5	690
5	773
5	828
5	872
5	937
6	69
6	103
6	456
6	509
6	562
6	716
6	956
7	13
7	28
7	50
7	96
7	163
7	181
7	283
7	290
7	291
7	344
7	355
7	394
7	619
7	689
7	877
7	979
8	14
8	92
8	193
8	282
8	473
8	552
8	606
8	667
8	836
8	934
8	955
9	413
9	923
10	93
10	134
10	396
10	415
10	416
10	487
10	666
10	699
10	720
10	778
10	927
11	270
11	345
11	666
12	69
12	89
12	219
12	311
12	349
12	470
12	497
12	690
12	742
12	763
12	778
12	812
12	828
12	919
12	964
12	985
12	997
13	26
13	59
13	65
13	84
13	186
13	208
13	248
13	269
13	299
13	440
13	527
13	548
13	630
13	634
13	672
13	681
13	704
13	884
14	195
14	290
14	303
14	310
14	338
14	353
14	359
14	375
14	392
14	415
14	615
14	638
14	940
15	127
15	157
15	323
15	350
15	366
15	367
15	387
15	418
15	964
15	991
16	21
16	29
16	54
16	92
16	114
16	163
16	283
16	303
16	310
16	514
16	527
16	676
16	699
16	705
16	708
16	796
16	842
16	865
16	899
17	84
17	208
17	256
17	341
17	367
17	454
17	480
17	637
17	766
17	767
17	801
17	860
17	880
17	913
17	996
19	266
19	372
20	459
20	915
21	36
21	94
21	126
21	297
21	635
21	697
21	738
21	817
21	927
21	974
22	66
22	115
22	159
22	173
22	305
22	354
22	367
22	395
22	418
22	529
22	565
22	647
22	668
22	672
22	736
22	743
22	771
22	964
23	700
23	881
24	682
25	81
25	347
25	384
25	443
25	529
25	905
26	97
26	110
26	215
26	326
26	395
26	402
26	466
26	472
26	515
26	550
26	652
26	722
26	846
26	866
26	876
26	890
27	110
27	167
27	402
27	543
27	575
27	592
27	715
27	727
27	847
28	87
28	117
28	184
28	348
28	536
28	689
28	777
28	783
28	840
29	35
29	79
29	158
29	164
29	254
29	423
29	427
29	586
29	589
29	590
29	606
29	705
29	783
29	790
29	925
29	934
29	996
30	55
30	71
30	80
30	107
30	260
30	319
30	328
30	378
30	439
30	497
30	519
30	552
30	559
30	650
30	758
30	795
30	834
30	874
31	264
31	270
31	536
31	549
31	642
31	676
31	694
31	747
31	990
32	244
32	286
32	799
32	894
32	942
33	173
33	249
33	278
33	424
33	787
33	999
34	507
35	142
35	184
35	202
35	230
35	284
35	338
35	508
35	747
35	764
35	783
35	794
35	836
35	886
36	218
36	287
36	296
36	392
36	396
36	583
36	679
36	780
36	835
36	938
36	944
36	953
37	216
37	390
37	436
37	502
37	824
38	166
38	199
38	248
38	255
38	339
38	411
38	440
38	553
38	569
38	607
38	816
38	827
38	985
39	247
39	298
39	622
39	698
39	708
39	918
40	66
40	101
40	121
40	155
40	189
40	260
40	295
40	300
40	477
40	552
40	680
40	690
40	693
41	168
41	642
41	651
41	663
41	745
42	526
42	537
42	895
42	958
43	134
43	147
43	334
43	344
43	583
43	603
43	634
43	701
43	728
43	900
44	542
44	921
45	122
45	442
45	752
45	883
46	121
46	409
46	495
46	740
46	838
47	50
47	101
47	129
47	331
47	417
47	435
47	516
47	529
47	618
47	758
47	767
47	792
47	828
47	848
47	855
47	913
47	925
48	249
48	312
48	547
48	578
48	824
49	374
49	451
49	464
49	673
49	682
49	762
50	117
50	151
50	267
50	283
50	403
50	451
50	526
50	548
50	619
50	630
50	643
50	681
50	704
50	710
50	781
50	785
50	911
50	975
50	992
51	333
51	481
51	931
52	110
52	118
52	191
52	213
52	364
52	485
52	575
52	633
52	991
53	88
53	110
53	498
53	615
53	644
53	715
53	799
53	897
54	76
54	134
54	303
54	328
54	341
54	346
54	474
54	486
54	515
54	525
54	603
54	676
54	699
54	703
54	817
54	819
55	92
55	175
55	270
55	345
55	434
55	555
55	775
55	858
55	927
55	952
56	119
56	147
56	355
56	543
56	683
56	854
56	979
57	88
57	715
57	823
57	881
58	544
59	97
59	189
59	199
59	205
59	220
59	235
59	284
59	299
59	432
59	566
59	582
59	598
59	607
59	627
59	681
59	836
59	844
59	850
59	950
59	951
59	995
60	72
60	80
60	94
60	108
60	136
60	234
60	328
60	343
60	399
60	605
60	638
60	656
60	737
60	908
60	938
60	952
60	984
60	996
61	92
61	321
61	945
62	289
62	357
62	682
62	945
62	959
62	968
63	93
63	134
63	227
63	270
63	720
63	813
63	858
63	974
64	127
64	191
64	431
64	534
64	567
64	748
64	789
65	114
65	283
65	294
65	365
65	417
65	470
65	511
65	529
65	595
65	630
65	643
65	672
65	701
65	743
65	781
65	792
65	872
65	944
66	205
66	259
66	311
66	598
66	667
66	695
66	742
66	855
66	872
66	875
66	922
67	343
67	370
67	611
67	754
68	408
68	721
68	776
68	881
69	311
69	382
69	431
69	472
69	511
69	540
69	598
69	659
69	680
69	704
69	719
69	764
69	804
69	884
69	912
69	948
70	89
70	186
70	248
70	251
70	299
70	315
70	367
70	379
70	384
70	488
70	607
70	756
71	107
71	123
71	212
71	314
71	513
71	596
71	628
71	751
72	108
72	112
72	271
72	316
72	427
72	458
72	621
72	778
72	825
72	892
72	944
72	970
73	160
73	895
74	273
75	760
76	95
76	164
76	346
76	351
76	352
76	566
76	731
76	758
76	920
76	993
77	320
77	611
78	144
78	190
78	245
78	455
78	586
78	597
78	945
79	96
79	192
79	210
79	254
79	269
79	290
79	341
79	566
79	586
79	606
79	783
80	108
80	161
80	203
80	256
80	314
80	361
80	400
80	650
80	666
80	702
80	771
80	778
80	825
80	848
80	964
81	215
81	222
81	715
81	767
81	866
81	875
81	890
82	126
82	131
82	172
82	661
82	745
82	936
82	967
83	105
83	248
83	307
83	318
83	466
83	498
83	537
83	579
83	602
83	625
83	681
83	867
83	995
84	105
84	157
84	213
84	231
84	236
84	304
84	377
84	418
84	488
84	489
84	548
84	598
84	702
84	854
84	872
84	910
86	741
87	356
87	371
87	514
87	585
87	586
87	698
87	874
87	908
87	963
88	327
88	498
88	537
88	875
89	199
89	231
89	295
89	340
89	380
89	516
89	693
89	746
89	854
90	208
90	397
90	666
90	669
90	723
90	750
90	793
90	936
90	986
90	988
91	115
91	127
91	169
91	306
91	329
91	441
91	497
91	518
91	599
91	636
91	670
91	837
91	851
92	136
92	138
92	147
92	195
92	210
92	297
92	461
92	463
92	503
92	530
92	535
92	652
92	734
92	774
92	920
92	927
92	934
92	969
93	218
93	256
93	271
93	279
93	317
93	348
93	361
93	375
93	415
93	431
93	650
93	707
93	729
93	774
93	795
93	848
93	996
94	234
94	378
94	420
94	427
94	595
94	603
94	686
94	707
94	720
94	758
94	796
94	868
94	932
94	944
94	974
95	206
95	272
95	328
95	400
95	482
95	513
95	650
95	699
95	731
95	774
95	825
95	908
95	932
95	975
96	142
96	184
96	211
96	290
96	294
96	338
96	460
96	474
96	503
96	535
96	585
96	615
96	764
96	790
96	808
96	810
96	900
97	141
97	174
97	215
97	235
97	268
97	461
97	717
97	728
97	823
98	124
98	200
98	216
98	217
98	219
98	449
98	493
98	730
98	743
98	991
99	116
99	201
99	270
99	332
99	511
99	585
99	642
99	663
99	697
99	938
99	959
100	229
100	275
100	347
100	725
100	820
101	198
101	267
101	342
101	349
101	364
101	365
101	437
101	518
101	598
101	690
101	695
101	964
103	331
103	366
103	380
103	547
103	815
104	175
104	293
104	422
104	513
104	796
105	166
105	189
105	199
105	235
105	350
105	425
105	511
105	598
105	674
105	756
105	872
105	912
106	318
106	441
106	521
106	578
107	206
107	465
107	483
107	646
107	694
107	767
107	838
107	918
107	966
107	991
108	134
108	136
108	164
108	181
108	197
108	210
108	290
108	351
108	378
108	461
108	755
108	788
108	836
108	848
108	945
109	691
109	737
109	805
110	130
110	248
110	327
110	521
110	539
110	625
110	897
110	912
110	992
112	127
112	155
112	175
112	227
112	366
112	618
112	690
112	778
112	782
112	831
112	925
112	957
113	230
113	279
113	348
113	378
113	392
113	514
113	529
113	697
113	826
113	848
113	899
113	927
113	963
113	996
114	167
114	230
114	258
114	393
114	460
114	461
114	486
114	527
114	565
114	569
114	643
114	724
114	755
114	781
114	841
114	914
114	965
115	228
115	276
115	306
115	340
115	444
115	488
115	497
115	508
115	518
115	540
115	552
115	634
115	689
115	698
115	740
115	752
115	766
115	855
115	880
115	966
116	399
116	463
116	531
116	549
116	651
116	675
116	697
116	734
116	959
116	984
117	192
117	237
117	286
117	290
117	398
117	526
117	576
118	375
118	431
119	124
119	140
119	222
119	229
119	307
119	466
119	475
119	543
119	715
119	832
119	882
119	992
120	859
121	259
121	454
121	763
121	815
121	833
121	841
121	975
122	152
122	431
122	574
122	593
122	749
122	916
123	140
123	155
123	247
123	319
123	496
123	513
123	546
123	648
123	685
123	723
123	750
123	751
124	213
124	300
124	547
124	560
124	592
124	717
125	270
125	271
125	487
125	541
125	564
125	605
125	751
125	892
125	954
126	136
126	172
126	346
126	362
126	400
126	605
126	662
126	666
126	669
126	676
126	677
126	745
126	750
126	947
127	369
127	534
127	584
127	636
127	713
127	716
127	874
128	218
128	251
128	295
128	298
128	418
128	512
128	602
128	750
128	754
128	795
128	810
128	862
128	868
128	873
129	130
129	159
129	189
129	210
129	232
129	367
129	380
129	382
129	389
129	468
129	607
129	644
129	773
129	833
129	842
129	864
129	912
129	922
130	295
130	379
130	472
130	887
130	999
131	303
131	359
131	396
131	564
131	648
131	694
131	744
131	747
131	920
131	959
132	266
132	312
132	521
132	575
132	629
132	991
132	999
133	571
133	658
133	775
133	777
133	993
134	147
134	151
134	161
134	181
134	197
134	230
134	272
134	375
134	415
134	427
134	433
134	508
134	634
134	707
134	755
134	767
134	793
134	801
134	848
134	862
134	934
134	944
134	945
134	952
135	169
135	562
135	804
136	310
136	348
136	378
136	392
136	487
136	488
136	514
136	541
136	638
136	707
136	796
136	874
136	899
136	925
136	932
138	181
138	195
138	302
138	357
138	378
138	392
138	525
138	689
138	764
138	780
138	781
138	794
138	817
138	899
138	969
139	243
139	257
139	297
139	420
140	206
140	328
140	565
140	605
140	698
140	750
140	751
140	754
140	836
140	908
140	939
141	166
141	186
141	228
141	268
141	318
141	326
141	364
141	516
141	877
141	962
142	177
142	181
142	269
142	373
142	553
142	566
142	663
142	694
142	867
142	900
142	940
143	235
143	339
143	393
143	581
143	683
143	762
143	827
144	154
144	309
144	481
144	886
144	926
144	935
146	450
147	158
147	245
147	254
147	283
147	321
147	335
147	346
147	371
147	407
147	512
147	516
147	595
147	605
147	667
147	703
147	740
147	742
147	793
147	826
147	901
147	906
147	969
148	333
148	464
148	558
148	665
148	688
148	901
148	921
148	929
149	518
151	199
151	215
151	323
151	466
151	498
151	526
151	545
151	553
151	587
151	598
151	728
151	828
151	857
151	891
151	925
152	369
152	573
152	885
152	916
153	208
153	209
153	306
153	329
153	844
153	885
153	912
154	376
154	423
154	484
154	642
154	764
155	198
155	251
155	253
155	259
155	334
155	465
155	479
155	584
155	834
155	857
155	919
157	197
157	219
157	300
157	350
157	367
157	389
157	444
157	454
157	468
157	602
157	670
157	742
157	773
157	912
157	977
158	211
158	254
158	290
158	469
158	535
158	536
158	541
158	643
158	759
158	764
158	777
158	786
158	793
158	817
158	927
158	947
158	963
159	259
159	382
159	519
159	552
159	629
159	804
159	842
159	966
159	970
160	275
160	610
161	247
161	251
161	254
161	317
161	360
161	427
161	477
161	602
161	634
161	766
161	872
162	486
162	535
162	558
162	624
162	811
162	926
163	335
163	338
163	361
163	371
163	375
163	474
163	656
163	728
163	764
163	801
163	911
163	945
163	947
164	195
164	203
164	259
164	315
164	433
164	473
164	487
164	605
164	707
164	767
164	774
164	793
164	863
164	897
164	906
164	927
164	959
165	326
165	344
165	871
165	983
166	248
166	411
166	508
166	548
166	600
166	763
166	773
166	831
166	872
166	913
166	922
166	979
167	294
167	349
167	395
167	398
167	403
167	470
167	515
167	693
167	742
168	473
168	514
168	733
168	840
169	366
169	446
169	680
169	761
169	797
169	956
170	236
170	273
170	523
170	820
171	852
172	179
172	270
172	328
172	517
172	586
172	679
172	685
172	917
172	967
173	182
173	189
173	311
173	521
173	629
173	948
174	471
174	515
174	539
174	544
174	563
174	665
174	785
175	254
175	391
175	458
175	583
175	767
175	782
175	848
175	934
175	986
176	201
176	212
176	226
176	338
176	346
176	373
176	420
176	423
176	861
176	927
176	934
177	197
177	218
177	272
177	305
177	316
177	348
177	480
177	491
177	565
177	750
177	756
177	767
177	793
177	836
177	936
178	316
178	361
178	417
178	435
178	470
178	595
178	627
178	676
178	695
178	754
178	764
178	767
178	777
178	871
178	882
178	936
178	952
178	972
178	985
178	996
179	392
179	513
179	648
179	662
179	729
179	858
179	932
179	967
181	186
181	204
181	218
181	279
181	317
181	487
181	491
181	576
181	585
181	603
181	712
181	731
181	868
181	874
181	899
182	228
182	267
182	435
182	454
182	480
182	508
182	579
182	618
182	667
182	672
182	840
182	855
182	872
182	908
182	962
182	985
183	747
183	926
184	451
184	470
184	501
184	576
184	724
184	786
184	886
184	911
184	975
185	406
185	438
185	859
186	228
186	279
186	335
186	418
186	460
186	604
186	631
186	712
186	767
186	914
187	358
187	410
187	419
187	909
187	946
187	965
188	354
188	721
188	961
189	334
189	364
189	485
189	488
189	512
189	649
189	672
189	846
189	910
189	943
190	501
190	528
190	530
191	278
191	383
191	504
191	621
191	647
191	668
191	766
191	916
192	202
192	291
192	373
192	376
192	394
192	410
192	790
192	840
192	933
192	940
193	225
193	302
193	338
193	819
193	839
193	934
193	996
195	210
195	245
195	317
195	514
195	697
195	729
195	747
195	840
195	865
195	868
195	932
195	938
195	954
196	413
196	664
197	255
197	298
197	304
197	310
197	353
197	584
197	603
197	605
197	625
197	650
197	661
197	743
197	744
197	788
197	848
197	868
197	936
198	259
198	267
198	381
198	441
198	555
198	615
198	618
198	649
198	683
198	695
198	731
198	765
198	767
198	792
198	874
198	964
199	215
199	300
199	339
199	425
199	460
199	511
199	553
199	581
199	595
199	722
199	728
199	739
199	756
199	909
200	367
201	376
201	530
201	640
201	755
201	779
202	221
202	269
202	338
202	474
202	536
202	566
202	589
202	673
202	683
202	743
202	808
202	929
202	984
203	208
203	212
203	361
203	378
203	417
203	433
203	480
203	565
203	676
203	729
203	795
203	834
203	908
204	267
204	279
204	300
204	331
204	460
204	615
204	619
204	649
204	828
204	913
204	944
205	349
205	425
205	529
205	562
205	594
205	604
205	637
205	823
205	912
205	925
206	251
206	253
206	458
206	508
206	532
206	559
206	562
206	669
206	770
206	795
206	841
206	988
208	234
208	316
208	348
208	368
208	427
208	584
208	605
208	778
208	801
208	836
208	913
208	917
208	936
208	964
209	431
209	479
209	562
209	578
209	713
209	748
209	787
209	833
209	855
209	997
210	269
210	377
210	514
210	535
210	595
210	676
210	738
210	840
210	924
210	934
210	953
211	398
211	420
211	433
211	470
211	514
211	707
211	828
212	361
212	532
212	586
212	669
212	714
212	731
212	758
212	855
212	868
212	986
212	988
213	215
213	235
213	342
213	379
213	521
213	756
213	799
213	823
213	995
214	369
214	400
214	636
214	746
215	402
215	432
215	440
215	681
215	894
215	950
215	979
216	242
216	594
216	670
216	763
216	893
216	961
216	997
217	577
218	279
218	302
218	348
218	409
218	480
218	483
218	743
218	750
218	918
218	947
218	966
219	255
219	327
219	424
219	460
219	485
219	545
219	598
219	690
219	739
219	766
219	877
219	943
220	226
220	371
220	417
220	435
220	566
220	587
220	590
220	615
220	757
220	773
220	913
220	996
221	262
221	459
221	526
221	845
221	914
221	921
222	326
222	432
222	481
222	512
222	515
222	615
222	665
222	867
222	871
222	911
222	914
222	946
223	510
223	814
224	745
224	835
225	503
225	563
225	624
225	777
225	790
225	906
225	933
226	289
226	528
226	535
226	794
226	888
226	968
226	990
227	323
227	518
227	559
227	698
227	702
227	928
227	982
228	240
228	331
228	376
228	377
228	630
228	674
228	683
228	728
228	773
228	900
228	922
228	997
229	543
229	544
229	665
229	678
229	829
230	240
230	251
230	361
230	377
230	403
230	470
230	539
230	615
230	840
230	877
230	952
230	965
230	968
231	266
231	277
231	305
231	472
231	477
231	485
231	521
231	540
231	796
232	286
232	310
232	395
232	402
232	460
232	627
232	827
232	833
232	877
232	950
232	962
233	538
233	654
233	904
234	270
234	302
234	361
234	420
234	473
234	514
234	704
234	777
234	868
234	937
235	402
235	715
235	846
235	876
235	995
236	286
236	304
236	323
236	431
236	440
236	649
236	711
236	712
236	756
236	831
236	866
236	900
236	914
236	950
237	969
238	253
238	319
238	322
238	360
238	507
238	628
238	885
238	918
238	970
238	980
240	255
240	460
240	516
240	667
240	724
240	884
240	927
240	985
241	328
241	620
241	622
241	635
241	698
241	723
241	964
241	986
242	350
242	372
242	449
242	668
242	815
244	432
244	453
244	557
244	859
244	866
245	263
245	321
245	371
245	400
245	417
245	476
245	756
245	840
245	882
245	900
246	544
246	879
247	415
247	650
247	679
247	758
247	793
247	870
247	924
247	972
248	291
248	332
248	379
248	411
248	543
248	569
248	649
248	652
248	674
248	693
248	891
248	943
248	979
249	468
249	999
250	751
250	918
250	924
250	967
251	385
251	435
251	570
251	634
251	724
251	765
251	870
251	966
252	423
253	400
253	491
253	584
253	650
253	698
253	870
254	298
254	774
254	777
254	795
254	796
254	817
254	868
254	901
254	924
254	988
255	315
255	327
255	395
255	659
255	727
255	736
255	739
255	773
255	846
255	877
256	271
256	335
256	382
256	491
256	525
256	739
256	747
256	750
256	771
256	774
256	778
256	882
256	947
256	988
257	639
258	338
258	375
258	399
258	701
258	728
258	861
258	965
258	988
259	295
259	331
259	377
259	518
259	565
259	672
259	728
259	787
259	831
259	833
259	860
260	437
260	477
260	587
260	598
260	649
260	668
260	696
260	752
260	842
262	268
262	308
262	854
262	909
262	951
263	375
263	593
263	635
263	642
263	970
264	303
264	423
264	684
264	708
264	733
264	779
264	805
264	998
266	562
267	304
267	742
267	743
267	752
267	932
267	962
267	964
268	389
268	475
268	615
268	846
268	867
268	943
269	332
269	351
269	464
269	466
269	469
269	486
269	512
269	592
269	635
269	701
269	727
269	786
269	788
269	810
269	886
269	898
269	965
270	407
270	420
270	513
270	564
270	622
270	623
270	666
270	691
270	775
271	391
271	392
271	427
271	714
271	751
271	848
271	862
271	970
272	302
272	360
272	362
272	400
272	870
272	917
273	537
273	633
274	306
274	311
274	502
274	612
274	875
274	991
275	845
276	409
276	491
276	504
276	603
276	669
276	680
276	698
276	754
276	801
276	816
276	880
277	382
277	435
277	643
277	739
277	742
277	753
277	792
277	970
278	379
278	387
278	389
278	545
278	547
278	690
278	815
278	875
279	435
279	437
279	461
279	487
279	512
279	514
279	565
279	566
279	576
279	603
279	634
279	689
279	742
279	874
279	944
280	510
280	931
280	992
281	499
282	759
282	805
283	321
283	394
283	461
283	512
283	576
283	701
283	755
283	764
283	765
283	774
283	810
283	871
283	900
283	972
284	344
284	356
284	398
284	781
284	891
284	914
284	975
285	337
285	357
285	520
285	671
285	768
285	784
286	307
286	377
286	390
286	403
286	553
286	587
286	588
286	681
286	766
286	867
287	361
287	362
287	397
287	517
287	555
287	666
287	770
287	892
287	974
288	378
289	376
289	486
289	522
289	976
290	298
290	399
290	417
290	576
290	590
290	619
290	701
290	737
290	744
290	774
290	793
290	826
290	945
290	972
291	294
291	297
291	373
291	432
291	673
291	701
291	705
292	381
292	650
292	796
292	939
293	314
293	732
293	770
294	338
294	451
294	470
294	582
294	682
294	756
294	968
294	972
294	975
295	311
295	489
295	607
295	752
295	816
295	880
296	297
296	423
296	541
296	656
297	407
297	473
297	514
297	661
297	733
297	777
297	856
297	882
297	899
297	954
298	302
298	316
298	362
298	723
298	937
298	970
299	351
299	395
299	507
299	552
299	627
299	647
299	712
299	742
299	792
299	871
299	889
299	933
299	985
300	304
300	323
300	382
300	389
300	439
300	468
300	618
300	773
300	828
300	846
300	977
301	656
301	684
301	811
301	926
302	491
302	565
302	600
302	667
302	933
302	939
302	988
303	423
303	457
303	606
303	826
303	839
303	920
303	935
303	946
303	955
303	959
303	972
303	984
304	403
304	411
304	474
304	489
304	519
304	604
304	743
304	773
304	781
304	828
304	965
304	985
305	381
305	435
305	479
305	702
305	792
305	841
305	928
305	939
306	479
306	787
306	804
307	321
307	425
307	498
307	627
307	659
307	847
307	965
307	995
308	326
308	406
308	526
308	539
308	715
308	895
309	355
309	358
310	321
310	373
310	419
310	425
310	615
310	624
310	810
310	871
310	911
310	933
310	945
311	366
311	431
311	437
311	441
311	668
311	696
311	815
311	828
311	833
311	945
311	985
312	436
312	575
312	791
312	896
313	315
313	379
313	509
313	636
313	761
313	830
313	833
314	435
314	934
315	351
315	364
315	488
315	489
315	497
315	525
315	713
315	736
315	739
315	773
315	855
315	882
315	908
316	375
316	396
316	439
316	555
316	611
316	752
316	758
317	400
317	729
317	738
317	848
317	863
317	947
318	327
318	437
318	485
318	652
318	659
318	674
318	727
318	773
319	328
319	483
319	513
319	551
319	771
319	987
320	452
320	546
320	608
321	326
321	378
321	394
321	503
321	576
321	595
321	600
321	701
321	719
321	781
321	790
321	840
321	871
322	818
323	366
323	383
323	431
323	446
323	497
323	592
323	637
323	690
323	833
323	997
324	853
326	355
326	375
326	398
326	600
326	630
326	790
326	871
327	389
327	440
327	598
327	674
327	753
328	381
328	551
328	570
328	966
329	340
329	431
329	581
329	782
329	841
329	857
329	860
329	916
329	948
330	545
330	553
330	617
331	334
331	431
331	488
331	497
331	540
331	643
331	667
331	765
331	801
331	838
331	964
331	997
332	355
332	402
332	471
332	668
332	674
332	950
333	461
333	464
334	435
334	458
334	488
334	495
334	667
334	672
334	695
334	751
334	801
335	365
335	377
335	417
335	469
335	470
335	474
335	491
335	693
335	764
335	767
335	792
335	795
335	857
335	864
335	925
336	338
336	426
336	455
336	847
336	899
336	938
336	940
336	968
336	969
337	457
337	490
337	520
337	530
338	399
338	474
338	516
338	535
338	595
338	676
338	703
338	759
338	774
338	940
339	371
339	460
339	471
339	582
339	683
339	727
339	867
339	909
339	979
340	381
340	431
340	477
340	489
340	519
340	680
340	816
340	830
340	833
341	365
341	377
341	532
341	575
341	607
341	649
341	667
341	672
341	739
341	767
341	801
341	828
341	862
341	922
341	925
341	937
341	950
342	488
342	607
342	645
342	875
342	890
342	970
342	977
342	985
342	991
343	361
343	490
343	666
343	691
343	793
343	798
343	993
344	411
344	451
344	588
344	591
344	624
344	785
344	911
344	946
345	772
346	473
346	984
347	462
347	550
347	845
347	889
348	487
348	525
348	580
348	707
348	708
348	754
348	796
348	826
349	466
349	592
349	630
349	674
349	866
349	951
350	449
350	540
350	668
350	690
350	815
350	851
351	382
351	384
351	774
351	792
351	841
351	876
351	900
351	952
351	988
352	483
352	518
352	880
352	970
353	365
353	410
353	416
353	486
353	512
353	515
353	615
353	663
353	701
353	731
353	794
353	795
353	935
354	379
354	431
354	545
354	815
354	823
354	964
355	421
355	464
355	665
355	706
355	807
356	459
356	476
356	501
356	588
356	624
356	879
357	396
357	734
357	755
357	955
357	958
357	984
358	421
358	426
358	447
358	501
358	689
358	992
359	549
359	585
359	679
359	747
359	750
359	806
359	899
360	375
360	391
360	532
360	564
360	628
360	685
360	825
360	913
360	947
361	396
361	400
361	427
361	474
361	514
361	527
361	605
361	754
361	793
361	863
361	924
361	936
362	415
362	635
362	685
362	720
362	747
362	788
362	806
362	856
362	974
362	988
363	406
363	539
363	544
363	887
364	377
364	382
364	395
364	424
364	441
364	667
364	753
364	756
364	851
364	948
365	469
365	512
365	529
365	566
365	576
365	598
365	603
365	630
365	652
365	728
365	836
365	865
365	877
365	900
366	465
366	637
366	736
366	831
366	842
367	382
367	431
367	437
367	766
367	831
367	851
367	867
368	580
368	623
368	661
368	686
368	868
368	930
369	444
369	574
369	601
369	834
369	916
370	513
370	723
370	729
370	767
370	809
371	399
371	433
371	470
371	480
371	527
371	529
371	591
371	598
371	710
371	738
371	756
371	767
371	786
371	810
371	871
371	946
372	493
372	533
372	613
372	896
373	484
373	576
373	591
373	783
373	810
373	826
373	911
373	974
374	421
374	426
374	558
375	400
375	593
375	648
375	862
375	874
375	924
375	988
376	426
376	558
376	945
377	391
377	409
377	435
377	480
377	482
377	508
377	532
377	659
377	670
377	739
377	767
377	877
377	908
378	392
378	589
378	695
378	697
378	708
378	747
378	806
378	840
378	899
378	927
378	938
378	953
378	996
379	594
379	824
379	977
379	991
380	540
380	647
380	649
380	746
380	831
381	470
381	488
381	512
381	534
381	559
381	584
381	771
381	891
381	936
381	937
381	988
382	431
382	519
382	753
382	812
382	833
382	844
382	884
382	957
382	962
382	985
383	387
383	547
383	577
383	763
383	991
384	424
384	504
384	763
384	812
384	823
384	910
384	977
385	483
385	546
385	609
385	775
385	834
385	928
386	875
386	910
386	948
387	456
387	545
387	672
387	680
387	919
388	581
388	850
388	854
388	894
388	915
388	995
389	587
389	598
389	644
389	659
389	758
389	815
389	910
389	943
389	999
390	700
391	724
391	729
391	788
391	848
391	862
392	454
392	487
392	679
392	724
392	774
392	793
392	898
392	932
392	953
392	967
393	466
393	548
393	588
393	597
393	689
393	811
393	871
393	944
393	965
393	969
394	398
394	417
394	665
394	836
395	460
395	511
395	548
395	553
395	569
395	579
395	592
395	598
395	604
395	627
395	704
395	871
395	964
395	979
396	487
396	605
396	809
396	952
397	583
397	723
397	770
397	775
397	870
397	986
398	466
398	553
398	588
398	674
398	682
398	710
398	776
398	914
398	946
399	486
399	615
399	927
399	984
400	418
400	427
400	565
400	589
400	608
400	628
400	695
400	699
400	702
400	793
400	873
400	944
401	410
401	419
401	459
402	417
402	479
402	579
402	592
402	602
402	823
402	854
402	951
403	471
403	529
403	579
403	644
403	712
403	743
403	753
403	846
403	975
404	492
404	533
404	797
404	873
406	539
406	799
407	434
407	541
407	623
407	671
407	692
407	720
407	737
407	745
407	758
407	858
409	458
409	615
409	698
409	751
409	917
409	947
409	957
409	966
410	421
410	464
410	719
410	906
410	935
411	469
411	471
411	496
411	590
411	815
411	876
411	884
413	611
413	960
414	535
414	651
415	487
415	747
415	932
415	953
416	677
417	433
417	469
417	474
417	480
417	516
417	553
417	555
417	588
417	778
417	796
417	965
418	427
418	454
418	634
418	667
418	693
418	707
418	815
418	873
419	448
419	481
419	673
419	710
420	663
420	671
420	697
421	501
421	558
421	665
422	513
422	570
422	650
422	670
422	947
423	487
423	593
423	703
423	940
423	984
424	437
424	460
424	472
424	485
424	516
424	637
424	647
424	957
425	466
425	529
425	548
425	650
425	704
425	975
425	979
426	474
426	506
426	561
426	640
426	819
426	968
427	487
427	593
427	707
427	745
427	775
427	796
427	817
427	836
427	920
427	924
427	927
427	996
428	692
428	798
429	785
429	791
429	815
429	942
430	538
430	916
431	680
431	736
431	739
431	815
431	831
431	919
431	922
431	957
431	964
432	582
432	776
433	469
433	470
433	505
433	527
433	548
433	630
433	731
433	793
433	940
433	944
433	996
434	622
434	635
434	646
434	796
434	917
434	978
434	993
435	532
435	634
435	743
435	767
435	884
436	905
437	578
437	599
437	629
437	649
437	716
437	816
439	507
439	570
439	669
439	908
439	939
439	970
440	553
440	674
440	823
440	867
440	909
440	979
440	985
441	443
441	468
441	485
441	553
441	644
441	815
442	749
443	645
443	653
443	735
443	907
444	789
444	797
444	987
445	502
446	562
446	636
447	486
447	582
447	600
447	619
447	847
447	867
447	877
447	909
447	911
448	510
449	504
449	645
449	746
451	757
451	781
451	786
451	876
452	632
452	986
453	866
454	547
454	552
454	755
454	841
454	848
454	913
455	786
455	973
456	645
457	524
457	968
458	669
458	702
458	729
458	746
458	751
458	754
458	833
458	838
458	856
458	860
458	873
458	947
458	986
459	588
459	845
459	992
460	461
460	695
460	712
460	728
460	766
460	857
460	867
460	965
461	470
461	525
461	619
461	717
461	722
461	756
461	757
461	767
461	812
461	864
461	911
462	506
462	827
462	887
463	536
463	661
463	738
463	790
463	969
464	480
464	688
464	762
464	965
465	477
465	604
465	693
465	748
465	870
465	928
466	548
466	727
466	995
467	544
468	659
468	696
468	758
468	815
468	846
468	910
468	995
469	474
469	487
469	548
469	566
469	576
469	587
469	615
469	724
469	795
470	488
470	553
470	667
470	683
470	767
470	864
470	900
470	912
471	847
471	876
471	901
471	950
471	979
471	992
472	485
472	859
473	708
473	731
473	788
473	813
473	955
473	959
474	548
474	576
474	586
474	603
474	840
474	874
474	886
474	927
474	932
474	945
474	947
475	526
475	539
475	563
475	579
475	681
475	704
475	722
475	855
475	876
475	965
476	769
476	807
476	854
476	895
477	670
477	752
479	518
479	519
479	636
479	680
479	748
480	496
480	514
480	516
480	590
480	627
480	667
480	742
480	840
480	857
480	925
480	950
481	501
481	535
481	682
481	738
482	514
482	532
482	598
482	649
482	698
482	739
482	838
482	885
482	939
482	991
483	608
483	611
483	782
483	822
484	640
484	663
484	697
484	811
484	926
484	969
484	973
485	493
485	521
485	540
485	644
485	763
485	773
485	844
485	943
486	588
486	619
486	701
486	764
486	817
486	868
486	871
487	536
487	541
487	593
487	609
487	638
487	661
487	677
487	685
487	694
487	744
487	796
487	898
487	900
487	988
488	519
488	529
488	643
488	680
488	695
488	801
488	857
488	910
488	913
488	944
488	966
489	670
489	842
489	922
489	991
490	744
490	836
491	555
491	622
491	731
491	743
491	870
491	936
491	954
492	830
493	533
493	547
493	575
493	875
494	853
495	562
495	629
496	547
496	637
496	739
496	792
496	801
496	855
496	925
497	672
497	752
497	873
498	607
498	631
498	850
498	866
498	889
498	894
498	951
499	878
500	657
501	703
501	945
503	514
503	638
503	663
503	697
503	737
503	819
503	861
503	963
504	562
504	844
504	919
505	892
506	537
506	550
506	799
506	850
506	869
507	609
507	632
507	986
508	587
508	595
508	598
508	604
508	704
508	708
508	792
508	860
508	947
509	533
509	578
509	657
509	713
510	544
511	515
511	548
511	553
511	643
511	712
511	773
511	900
512	566
512	582
512	590
512	619
512	710
512	836
512	864
512	865
512	871
512	983
513	918
514	682
514	764
514	777
514	796
514	871
515	543
515	592
515	619
515	689
515	701
515	786
515	979
516	672
516	704
516	756
516	773
516	900
517	593
517	605
517	661
517	671
517	917
517	954
518	559
518	804
518	928
519	713
519	739
519	752
519	767
519	833
519	939
520	585
521	575
521	594
521	613
521	690
521	977
522	524
522	819
522	888
523	700
523	799
524	651
525	586
525	638
525	659
525	695
525	724
525	759
525	767
525	838
525	840
525	857
525	863
525	966
526	681
526	762
526	846
526	876
526	913
527	548
527	615
527	710
527	714
527	755
527	836
527	840
527	871
527	933
528	535
528	682
528	684
528	731
528	811
528	819
528	935
528	968
528	990
529	553
529	582
529	643
529	681
529	708
529	763
529	810
529	836
529	871
529	882
529	924
529	985
530	549
530	888
531	826
532	551
532	584
532	621
532	739
532	748
532	966
533	560
533	578
533	696
533	991
534	749
535	558
535	624
535	832
535	861
535	906
535	984
536	589
536	592
537	617
539	876
540	644
540	696
540	763
540	919
540	922
541	747
542	895
542	915
543	550
543	625
543	850
543	909
544	719
545	604
545	875
545	896
545	961
545	991
546	648
546	802
547	552
547	961
548	710
548	712
548	757
548	975
548	983
549	606
549	662
549	705
549	734
549	737
549	811
549	871
549	973
549	984
549	990
550	592
551	565
551	622
551	698
551	748
551	855
552	559
552	753
552	767
552	831
552	860
552	957
552	997
553	592
553	668
553	711
553	944
553	951
553	962
554	831
554	982
555	649
555	685
555	720
555	747
555	755
555	930
555	936
555	938
555	953
556	606
556	677
557	866
557	896
558	914
559	752
559	789
559	885
562	753
562	766
562	823
562	842
562	883
563	600
563	891
564	593
564	666
564	751
564	848
564	868
564	974
564	978
565	630
565	634
565	739
565	750
565	765
565	868
565	908
565	932
566	663
566	695
566	707
566	757
566	864
566	930
567	574
567	849
569	627
569	828
569	832
569	979
570	646
570	970
571	729
571	825
571	892
571	924
573	654
573	736
574	601
575	896
576	595
576	667
576	697
576	699
576	737
576	774
576	886
576	933
576	944
576	984
577	612
577	700
577	735
577	893
578	730
578	893
579	604
579	607
579	711
579	812
580	661
580	677
580	692
580	813
580	835
580	856
580	920
581	724
581	781
581	951
581	999
582	600
582	681
582	693
582	855
582	871
582	894
583	720
583	750
583	775
584	621
584	740
584	860
584	874
585	675
585	795
585	806
585	810
585	934
585	945
586	689
586	755
586	758
586	778
586	947
587	695
587	704
587	724
587	753
587	816
587	944
587	985
588	600
588	602
588	785
588	786
588	796
588	877
588	983
589	783
589	965
590	605
590	695
590	771
590	864
590	865
590	872
590	886
590	900
591	737
591	777
591	786
591	891
591	946
592	663
592	711
592	722
592	823
592	979
592	996
593	689
593	724
593	863
593	924
593	954
594	631
594	690
594	776
594	884
595	597
595	701
595	933
596	632
596	818
597	810
597	886
597	933
597	983
598	668
598	683
598	717
598	910
598	922
598	991
598	995
599	618
599	855
599	873
599	970
600	619
600	882
600	914
601	749
602	722
602	872
602	877
602	912
603	607
603	667
603	695
603	724
603	743
603	795
603	913
603	914
603	962
603	966
604	625
604	743
604	773
604	876
604	950
605	606
605	825
605	938
606	671
606	783
606	863
606	911
606	927
606	955
607	662
607	667
607	773
607	985
608	620
609	620
611	748
611	918
611	960
612	670
612	890
613	700
615	689
615	712
615	724
615	767
615	783
615	864
615	913
615	983
616	713
616	885
616	987
617	881
618	728
618	758
618	764
618	771
618	796
619	703
619	755
619	872
619	983
620	664
620	939
620	988
621	754
621	801
621	816
621	936
621	962
622	694
622	723
622	775
622	777
622	780
623	671
623	747
623	835
624	886
624	946
625	627
625	711
625	894
625	951
625	977
625	985
626	709
627	726
627	756
627	871
627	910
627	915
627	950
628	980
629	636
629	670
629	736
629	761
630	682
630	704
630	717
630	757
630	769
630	911
630	946
630	985
631	711
631	846
633	875
633	890
633	907
634	748
634	757
634	764
634	767
634	838
634	857
634	874
634	908
634	957
635	686
635	954
636	654
637	647
637	680
637	801
637	844
637	948
638	848
638	899
640	990
641	755
642	744
642	938
642	963
642	990
643	739
643	742
643	801
643	857
644	652
644	841
644	890
644	925
645	763
647	680
647	690
647	758
647	812
649	701
649	773
649	922
649	951
650	693
650	767
650	780
650	793
650	825
650	874
650	944
651	759
651	969
651	990
652	674
653	890
653	970
655	795
655	811
655	990
656	720
658	872
659	736
659	748
659	950
659	951
661	685
661	796
661	856
661	863
661	974
662	675
662	686
662	744
662	745
662	920
662	955
662	972
663	679
663	861
663	940
664	923
665	906
666	874
666	892
666	993
667	701
667	702
667	707
667	872
667	925
667	937
667	965
668	766
669	754
669	765
670	713
670	804
670	851
670	880
670	957
671	744
671	745
671	779
671	813
671	955
672	696
672	739
672	855
672	985
673	688
673	854
673	891
673	921
674	773
674	785
674	846
674	992
675	737
676	697
676	790
676	927
676	959
677	783
677	856
677	967
678	921
678	946
679	858
679	967
679	993
680	713
680	833
680	962
680	996
681	683
681	727
681	756
681	757
682	790
682	879
682	926
682	935
683	710
683	826
684	973
687	998
688	706
688	992
689	871
689	882
689	906
689	952
690	787
690	962
690	991
691	775
691	993
692	780
693	712
693	728
693	910
693	914
694	697
694	708
694	731
694	788
695	710
695	774
695	817
695	872
695	880
695	886
696	740
696	746
696	816
696	962
696	964
697	720
697	737
697	759
697	906
698	699
698	702
698	751
698	754
698	970
699	759
699	774
699	777
699	848
699	865
699	917
699	953
701	704
701	712
701	836
701	872
701	899
702	750
702	841
702	918
702	988
703	861
703	911
703	914
703	945
703	968
703	996
704	722
704	724
704	872
704	873
704	912
704	936
704	966
704	985
705	734
705	737
705	759
706	931
706	992
707	731
707	796
707	836
707	863
707	944
708	933
710	874
710	900
710	944
710	984
711	722
711	925
711	943
711	995
712	728
712	756
712	817
712	874
713	860
713	908
713	919
713	957
715	803
715	827
715	850
715	887
715	942
716	748
717	773
717	951
717	977
719	769
719	879
719	882
719	946
720	858
720	892
721	735
721	791
722	756
722	832
722	882
722	918
722	951
723	870
724	752
724	795
724	868
724	900
726	854
727	925
728	731
728	792
728	817
728	855
728	864
728	869
728	877
728	882
728	925
728	950
728	986
729	796
729	880
731	742
731	750
731	774
731	974
732	780
734	899
735	776
735	896
736	789
736	922
736	948
736	995
737	738
737	777
737	940
737	955
737	963
737	969
738	747
738	759
738	865
738	899
739	792
739	913
739	962
740	873
741	749
742	947
743	752
743	801
743	908
743	963
744	806
745	774
745	974
746	997
747	862
747	899
747	930
747	953
747	972
747	974
748	752
748	873
748	928
749	837
750	966
750	978
751	754
751	771
751	809
751	870
751	978
752	792
752	810
752	857
753	765
753	831
753	927
753	964
754	782
754	836
754	924
754	966
755	783
755	836
755	944
755	951
756	925
757	783
757	810
757	860
757	909
757	965
758	767
758	774
759	940
759	963
759	969
759	972
761	804
762	992
763	828
763	846
764	868
765	773
765	781
765	825
765	841
765	872
766	787
766	831
766	880
766	907
767	778
767	795
767	801
767	836
767	908
767	979
769	901
770	775
770	993
771	864
771	936
772	858
773	774
773	823
773	884
773	962
773	964
774	826
774	840
774	863
774	865
774	927
774	933
774	934
774	965
776	943
777	788
777	865
778	795
778	796
778	870
778	898
778	947
778	988
779	888
779	998
781	848
781	925
781	947
783	921
784	794
785	854
785	876
786	866
786	911
787	844
787	919
787	948
788	857
788	863
788	924
789	939
789	982
789	986
790	794
790	886
790	906
790	968
790	972
791	851
791	994
792	855
792	857
792	908
793	848
793	862
793	863
793	950
794	832
794	968
795	796
795	868
795	925
795	988
795	991
796	857
796	908
796	965
796	978
799	854
799	890
799	977
801	873
801	874
801	880
804	997
806	856
806	963
807	879
807	931
808	945
810	819
810	864
810	900
810	965
811	935
812	873
812	912
812	991
813	930
815	910
815	937
815	948
816	841
817	826
817	836
817	863
817	988
818	939
820	869
822	831
822	918
822	923
823	975
823	985
823	992
824	907
826	858
826	892
826	927
827	859
828	877
828	882
828	962
828	966
830	883
831	851
831	997
832	847
834	863
835	858
836	932
838	928
839	930
839	937
840	874
841	928
842	962
843	845
844	851
844	883
846	855
846	890
846	894
846	912
846	991
847	895
847	911
847	992
848	925
848	966
854	910
854	985
855	957
857	872
857	944
858	863
858	967
858	989
859	867
861	901
861	906
861	968
861	984
862	974
863	938
863	953
863	972
864	914
864	925
865	868
865	898
865	969
866	942
866	995
867	876
867	890
867	910
867	951
867	977
868	932
868	965
868	985
870	917
871	985
872	947
872	964
873	997
874	924
876	894
876	992
877	894
877	925
877	978
877	979
879	906
879	931
880	997
884	925
884	962
888	973
889	992
890	919
890	999
892	978
897	975
897	979
899	932
899	958
899	963
899	978
901	933
906	914
907	943
908	988
909	921
909	979
909	992
911	955
911	984
912	983
913	995
914	925
916	982
918	939
919	977
919	997
920	932
920	952
920	954
920	959
922	970
924	952
924	953
925	964
925	988
931	934
931	971
932	938
932	947
932	996
933	945
935	958
936	954
936	986
937	966
937	987
939	978
940	945
940	975
940	984
943	977
944	988
946	992
950	962
952	970
953	959
953	974
954	993
955	959
957	996
959	963
962	983
962	995
965	975
967	989
969	984
971	992
974	984
978	986
978	993
979	992
991	999
