0	283
1	115
1	124
1	287
1	301
1	358
1	361
1	378
1	422
1	630
1	822
1	905
1	907
1	949
1	957
1	967
2	21
2	92
2	110
2	116
2	142
2	198
2	213
2	261
2	272
2	327
2	340
2	354
2	364
2	420
2	451
2	793
3	147
3	151
3	187
3	192
3	303
3	352
3	606
3	669
3	703
3	705
3	721
3	734
3	813
3	918
4	17
4	374
4	380
4	403
4	586
4	587
4	726
4	936
5	31
5	481
5	630
5	809
5	835
5	962
6	433
6	592
6	668
6	865
7	9
7	317
7	359
7	374
7	379
7	441
7	587
7	695
7	714
7	763
7	775
7	936
8	106
8	137
8	167
8	253
8	269
8	371
8	459
8	466
8	496
8	580
8	679
8	936
9	322
10	59
10	118
10	130
10	219
10	220
10	468
10	596
10	634
10	716
10	768
10	776
10	810
10	943
11	282
11	328
11	377
11	408
11	450
11	452
11	493
11	547
11	774
11	778
11	841
11	954
11	988
13	15
13	29
13	43
13	117
13	139
13	156
13	225
13	280
13	296
13	326
13	329
13	359
13	401
13	416
13	425
13	467
13	477
13	602
13	682
13	761
13	895
13	906
14	90
14	114
14	302
14	546
14	784
14	968
15	117
15	189
15	247
15	258
15	367
15	413
15	456
15	534
15	549
15	562
15	602
15	629
15	677
15	703
15	812
15	895
16	108
16	178
16	217
16	294
16	390
16	699
16	782
16	863
17	18
17	212
17	392
17	629
17	636
17	742
18	167
18	188
18	233
18	243
18	268
18	278
18	312
18	502
18	731
18	757
18	962
19	293
19	395
19	862
19	907
20	318
20	391
20	500
20	796
20	823
20	865
20	913
21	203
21	578
21	670
21	751
21	845
21	886
21	934
22	198
22	214
22	223
22	300
22	323
22	361
22	451
22	606
22	632
22	677
22	688
22	819
22	822
22	933
23	294
23	565
23	580
23	750
23	752
23	950
24	176
24	338
24	492
24	644
24	942
25	147
25	149
25	215
25	244
25	300
25	337
25	394
25	626
25	694
25	756
25	808
25	809
25	905
25	952
26	619
27	86
27	87
27	120
27	177
27	304
27	329
27	341
27	443
27	516
27	551
27	608
27	625
27	692
27	709
27	732
27	783
27	787
27	822
27	825
27	957
27	960
28	58
28	176
28	351
28	363
28	494
28	567
28	729
28	786
28	917
29	48
29	177
29	183
29	189
29	278
29	280
29	341
29	413
29	425
29	453
29	516
29	608
29	747
29	785
29	848
29	895
29	914
29	932
29	969
29	974
30	100
30	114
30	140
30	156
30	209
30	228
30	771
30	937
30	955
30	975
31	536
31	549
31	595
31	639
31	737
31	917
31	942
31	973
31	994
32	199
32	222
32	285
32	356
32	464
32	770
32	904
33	63
33	65
33	99
33	114
33	115
33	165
33	260
33	261
33	332
33	340
33	570
33	803
33	805
34	382
34	900
36	54
36	59
36	331
36	352
36	367
36	387
36	429
36	430
36	737
36	905
36	953
37	90
37	114
37	139
37	389
37	537
37	571
37	864
37	934
37	992
38	182
38	209
38	231
38	284
38	392
38	412
38	656
38	741
38	834
39	497
39	614
39	653
39	666
39	787
39	815
39	858
40	65
40	114
40	165
40	237
40	270
40	402
40	574
40	756
40	894
41	51
41	183
41	297
41	331
41	368
41	412
41	508
41	627
41	642
41	809
41	835
41	927
42	213
42	468
42	485
42	755
42	769
43	87
43	115
43	296
43	602
43	652
43	783
43	969
43	973
43	991
43	997
45	520
45	956
46	75
46	225
46	244
46	297
46	478
46	490
46	679
46	754
46	794
46	837
46	934
47	315
47	338
47	343
47	344
47	350
47	431
47	481
47	519
47	631
47	728
47	734
47	813
47	859
47	945
48	69
48	120
48	140
48	246
48	302
48	349
48	422
48	529
48	584
48	597
48	724
48	821
48	926
49	186
49	870
50	787
51	60
51	63
51	146
51	149
51	369
51	413
51	422
51	480
51	490
51	570
51	600
51	721
51	738
51	960
51	987
52	95
52	123
52	214
52	400
52	489
52	540
52	641
53	157
53	693
53	917
53	944
54	59
54	123
54	423
54	656
54	678
54	704
54	734
54	737
54	747
54	786
54	813
54	829
54	834
54	907
54	918
54	989
55	57
55	116
55	125
55	160
55	326
55	486
55	490
55	521
55	529
55	545
55	547
55	570
55	620
55	759
55	883
55	899
55	997
56	161
56	223
56	274
56	384
56	532
56	728
56	738
56	829
56	859
56	945
57	125
57	238
57	270
57	272
57	421
57	520
57	563
57	622
57	711
57	744
57	779
57	865
57	886
57	913
57	956
58	151
58	211
58	223
58	352
58	458
58	626
58	656
58	677
58	682
58	776
58	796
58	823
58	954
58	972
58	985
59	241
59	280
59	299
59	660
59	676
59	703
59	816
59	823
59	834
60	247
60	310
60	313
60	331
60	367
60	383
60	386
60	434
60	679
60	691
60	710
60	840
60	927
60	991
60	995
61	100
61	376
62	188
62	198
62	211
62	274
62	284
62	307
62	376
62	534
62	566
62	669
62	728
62	916
62	926
62	958
63	75
63	81
63	115
63	156
63	181
63	213
63	258
63	303
63	332
63	337
63	358
63	452
63	516
63	525
63	761
63	808
63	952
63	978
64	165
64	247
64	256
64	267
64	341
64	412
64	443
64	676
64	798
65	235
65	261
65	560
65	670
65	984
66	93
66	177
66	211
66	331
66	401
66	440
66	441
66	502
66	561
66	676
66	688
66	725
66	927
67	115
67	214
67	251
67	300
67	302
67	547
67	581
67	592
67	663
67	685
67	690
67	765
67	794
67	801
67	822
67	869
67	888
67	924
67	938
68	90
68	114
68	144
68	219
68	265
68	336
68	340
68	504
68	569
68	599
68	856
68	900
68	937
69	200
69	303
69	305
69	323
69	448
69	822
69	933
69	934
69	955
69	968
70	161
70	347
70	447
70	704
71	139
71	208
71	209
71	244
71	254
71	299
71	337
71	372
71	396
71	552
71	621
71	637
71	642
71	772
71	936
71	941
71	975
72	91
72	166
72	244
72	272
72	381
72	509
72	851
72	913
73	149
73	306
73	928
74	503
75	180
75	213
75	296
75	402
75	451
75	456
75	486
75	490
75	558
75	562
75	579
75	754
75	778
75	814
75	841
75	883
75	972
76	314
76	386
76	459
76	549
76	613
76	807
76	969
77	170
77	562
77	788
77	804
77	971
78	147
78	301
78	400
78	422
78	458
78	468
78	766
78	984
79	264
79	268
79	351
79	386
79	472
79	587
79	726
79	917
80	137
80	548
80	673
80	831
80	840
80	962
81	140
81	238
81	264
81	323
81	382
81	384
81	535
81	755
81	890
82	168
82	477
82	516
82	528
82	600
82	606
82	639
82	778
82	850
82	855
83	148
83	175
83	240
83	411
83	469
83	478
83	567
83	575
83	652
83	718
83	794
83	851
84	142
84	493
84	686
84	769
86	404
86	435
86	586
86	602
86	710
86	860
87	88
87	328
87	329
87	404
87	511
87	529
87	664
87	765
88	151
88	304
88	306
88	332
88	382
88	516
88	535
88	685
88	812
88	825
89	157
89	388
89	472
89	734
89	831
90	152
90	213
90	272
90	515
90	576
90	624
90	648
90	649
90	689
90	706
90	764
90	827
90	830
90	839
90	858
91	418
91	783
91	833
91	849
91	850
91	872
91	899
92	103
92	135
92	177
92	297
92	354
92	406
92	450
92	480
92	592
92	628
92	698
92	888
92	947
93	138
93	331
93	524
93	562
93	613
93	752
93	823
93	825
93	914
93	953
94	138
94	294
94	359
94	363
94	368
94	412
94	446
94	469
94	502
94	524
94	565
94	572
94	573
94	627
94	725
94	774
94	825
94	950
95	274
95	384
95	400
95	468
95	489
95	566
95	611
95	636
95	717
95	810
95	815
95	919
95	926
95	943
96	108
96	148
96	216
96	232
96	257
96	294
96	334
96	357
96	404
96	494
96	710
96	760
96	851
96	906
98	781
98	911
98	971
99	142
99	180
99	225
99	235
99	391
99	397
99	723
99	755
99	784
99	894
99	963
100	103
100	152
100	238
100	596
100	653
100	670
100	791
100	795
100	830
100	897
100	984
101	147
101	153
101	293
101	324
101	385
101	400
101	489
101	623
101	720
101	839
101	878
102	196
102	199
102	306
102	623
102	727
102	737
103	297
103	308
103	764
104	141
104	788
104	820
104	971
105	134
105	338
105	409
105	472
105	817
106	167
106	206
106	223
106	254
106	268
106	392
106	434
106	558
106	729
106	745
106	936
106	953
107	266
107	311
107	675
107	678
108	141
108	148
108	240
108	313
108	379
108	412
108	478
108	605
108	652
108	745
108	851
108	872
108	969
109	185
109	216
109	314
109	418
109	436
109	459
109	469
109	530
109	575
109	708
109	860
109	936
109	939
109	983
110	151
110	168
110	369
110	456
110	504
110	542
110	581
110	582
110	642
110	649
110	664
110	694
110	765
110	805
110	837
110	960
110	987
111	198
111	225
111	325
111	383
111	441
111	566
111	579
111	677
111	724
111	809
111	972
111	991
112	266
112	964
113	462
114	214
114	517
114	574
114	743
114	751
114	890
114	937
115	120
115	156
115	213
115	303
115	336
115	348
115	487
115	542
115	581
115	649
115	768
115	777
115	805
116	150
116	165
116	332
116	396
116	486
116	577
116	796
116	821
116	855
116	882
116	884
116	948
117	228
117	244
117	329
117	337
117	348
117	351
117	404
117	425
117	463
117	506
117	765
117	774
117	822
117	850
117	895
117	947
117	972
117	978
118	163
118	281
118	299
118	504
118	606
118	614
118	615
118	815
119	165
119	225
119	291
119	326
119	462
119	485
119	628
119	759
119	805
119	855
119	987
120	149
120	208
120	264
120	316
120	394
120	451
120	468
120	555
120	683
120	768
120	935
120	952
120	987
122	249
122	289
122	468
122	521
123	145
123	243
123	299
123	305
123	349
123	378
123	429
123	660
123	697
123	703
123	737
123	741
123	808
123	809
123	815
123	860
123	959
123	973
123	975
124	158
124	274
124	300
124	323
124	324
124	500
124	508
124	511
124	519
124	542
124	555
124	596
124	636
124	682
124	694
124	819
124	927
124	984
125	512
125	520
125	686
125	789
125	913
125	980
126	145
126	159
126	203
126	293
126	301
126	325
126	395
126	732
126	741
126	918
126	943
127	257
127	604
127	699
127	709
127	745
128	601
128	693
128	922
129	154
129	179
129	666
129	722
129	965
130	158
130	888
131	235
131	316
131	485
131	543
131	578
131	585
131	624
131	698
131	743
131	877
131	938
132	186
132	270
132	287
132	298
132	304
132	467
132	557
132	755
132	779
132	827
132	869
132	961
133	604
133	622
133	645
133	662
133	781
134	250
134	319
134	631
134	757
135	165
135	202
135	328
135	390
135	584
135	592
135	865
135	963
136	309
136	870
137	184
137	227
137	248
137	259
137	278
137	312
137	319
137	505
137	631
137	671
137	701
137	738
137	931
138	148
138	231
138	312
138	501
138	565
138	572
138	598
138	699
138	939
139	244
139	251
139	258
139	297
139	377
139	408
139	469
139	552
139	582
139	664
139	718
139	822
139	974
139	985
140	300
140	302
140	624
140	706
140	805
140	910
140	955
140	968
140	988
141	314
142	202
142	291
142	493
142	628
142	801
142	814
143	211
143	278
143	342
143	343
143	346
143	448
143	566
143	727
143	809
143	810
144	468
144	515
144	615
144	689
145	192
145	198
145	347
145	378
145	630
145	678
145	717
145	728
145	834
145	842
145	859
145	874
145	916
145	993
146	160
146	260
146	329
146	372
146	658
146	718
146	798
146	957
147	306
147	338
147	343
147	489
147	534
147	566
147	660
147	669
147	721
147	753
147	945
148	175
148	241
148	593
148	620
148	748
148	778
148	794
148	797
148	851
148	953
149	252
149	299
149	468
149	571
149	596
149	833
149	935
150	200
150	219
150	237
150	260
150	450
150	511
150	768
150	827
150	954
151	156
151	516
151	542
151	552
151	606
151	637
151	642
151	791
151	812
151	869
151	905
151	985
152	200
152	238
152	396
152	624
152	641
152	663
152	690
152	791
152	796
152	828
152	839
152	902
152	963
153	246
153	347
153	532
153	852
153	918
154	234
154	464
154	909
155	224
155	275
155	386
155	587
155	714
155	775
155	908
156	201
156	451
156	648
156	756
156	774
156	837
156	926
157	218
157	595
157	671
158	203
158	219
158	451
158	540
158	626
158	959
158	975
158	985
159	204
159	240
159	242
159	269
159	331
159	401
159	494
159	588
159	632
159	636
159	649
159	737
159	798
159	927
159	991
160	190
160	326
160	328
160	391
160	452
160	782
160	865
161	187
161	192
161	278
161	324
161	349
161	431
161	669
161	671
161	813
161	867
163	299
163	324
163	414
163	720
163	842
163	984
164	244
164	286
164	317
164	341
164	367
164	435
164	600
164	602
164	752
164	821
164	981
165	213
165	285
165	332
165	396
165	455
165	592
165	649
165	663
165	694
165	722
165	724
165	772
165	821
165	882
165	988
166	190
166	413
166	545
166	582
166	605
166	790
166	950
167	176
167	231
167	269
167	278
167	344
167	441
167	558
167	572
167	580
167	595
167	962
167	964
168	209
168	260
168	302
168	431
168	451
168	542
168	570
168	603
168	649
168	670
168	705
168	777
168	954
169	206
169	242
169	401
169	483
169	551
169	807
169	840
169	918
170	178
170	233
170	374
170	380
170	478
170	507
170	526
170	807
170	999
171	193
171	477
171	604
171	662
171	778
171	782
171	872
171	911
171	939
172	345
172	609
172	804
173	194
173	251
173	361
173	458
173	471
173	597
173	619
173	716
173	766
175	190
175	239
175	244
175	326
175	364
175	402
175	467
175	736
175	778
175	822
176	227
176	240
176	243
176	430
176	472
176	502
176	527
176	632
176	675
176	688
176	962
176	973
177	257
177	260
177	341
177	413
177	442
177	547
177	565
177	575
177	735
177	794
177	932
177	941
177	974
178	217
178	314
178	465
178	509
178	565
178	573
178	605
178	635
178	699
178	750
178	939
179	461
179	566
179	965
180	256
180	326
180	706
180	779
180	913
181	237
181	328
181	336
181	396
181	547
181	552
181	639
181	658
181	663
181	882
181	954
182	187
182	248
182	368
182	558
182	678
182	885
182	962
182	973
183	204
183	231
183	501
183	551
183	588
183	629
183	721
183	775
183	822
183	947
183	974
184	707
184	742
184	929
185	190
185	193
185	390
185	416
185	442
185	617
185	645
185	733
185	781
186	249
186	495
186	761
186	764
187	188
187	387
187	430
187	466
187	472
187	562
187	673
188	338
188	444
188	459
188	466
188	582
188	816
188	817
189	221
189	243
189	246
189	351
189	444
189	501
189	729
189	840
189	860
189	873
189	952
190	272
190	557
190	584
190	643
190	674
190	740
190	841
190	913
191	252
191	318
191	485
191	504
191	756
191	795
191	828
191	900
192	211
192	278
192	288
192	312
192	349
192	385
192	558
192	644
192	656
192	738
192	831
192	993
193	565
193	593
193	996
194	273
194	749
194	766
194	987
195	569
195	634
196	356
197	403
197	426
197	906
197	981
198	284
198	299
198	325
198	338
198	460
198	508
198	554
198	570
198	589
198	606
198	703
198	941
199	222
199	324
199	361
199	414
199	619
199	703
199	749
199	878
199	909
199	958
200	203
200	215
200	228
200	251
200	261
200	270
200	299
200	303
200	323
200	369
200	511
200	540
200	624
200	756
200	856
200	897
200	935
200	955
201	361
201	857
201	858
201	902
202	329
202	396
202	421
202	531
202	889
202	894
203	342
203	540
203	853
203	879
203	907
203	910
203	968
204	206
204	292
204	307
204	317
204	383
204	440
204	466
204	551
204	638
204	816
204	835
204	929
204	994
204	995
206	307
206	310
206	496
206	580
206	835
206	859
206	933
206	942
208	225
208	270
208	282
208	303
208	332
208	384
208	455
208	581
208	694
208	754
208	978
208	988
209	258
209	332
209	372
209	480
209	625
209	637
209	692
209	732
209	978
209	988
210	533
211	307
211	732
211	914
211	945
211	972
212	243
212	446
212	840
213	340
213	361
213	485
213	517
213	649
213	735
213	743
213	833
214	284
214	445
214	451
214	578
214	624
214	663
214	670
214	777
214	884
214	900
215	228
215	329
215	332
215	337
215	384
215	406
215	422
215	529
215	534
215	542
215	545
215	570
215	607
215	625
215	642
215	706
215	824
215	855
215	947
215	972
216	240
216	267
216	325
216	403
216	627
216	798
216	860
216	995
217	541
217	604
217	651
218	222
218	288
218	315
218	361
218	431
218	492
218	703
218	721
218	728
218	918
218	952
218	970
219	302
219	564
219	571
219	596
219	615
219	716
219	833
219	984
220	248
220	258
220	274
220	347
220	415
220	448
220	534
220	539
220	583
220	589
220	597
220	606
220	641
220	697
220	721
220	734
220	753
220	810
220	905
220	959
221	269
221	307
221	312
221	352
221	430
221	626
221	669
221	701
221	942
221	973
222	269
222	284
222	315
222	338
222	644
222	728
222	829
222	834
222	918
222	945
222	959
223	246
223	247
223	296
223	383
223	440
223	456
223	638
223	819
223	873
223	895
224	817
224	818
225	244
225	427
225	557
225	574
225	577
225	845
225	979
225	980
226	293
226	566
226	614
226	854
227	280
227	312
227	383
227	453
227	459
227	491
227	539
227	582
227	834
227	835
228	261
228	270
228	348
228	543
228	703
228	793
228	987
229	999
230	476
230	537
230	965
231	254
231	264
231	284
231	341
231	372
231	501
231	629
231	675
231	729
232	257
232	267
232	271
232	359
232	408
232	444
232	478
232	629
232	745
232	792
232	863
232	871
232	929
232	939
232	999
233	322
233	332
233	341
233	359
233	434
233	507
233	549
233	725
233	860
234	290
234	653
234	753
235	270
235	298
235	485
235	504
235	581
235	706
235	797
235	814
235	937
235	938
236	239
236	267
236	418
236	499
236	622
236	718
237	304
237	420
237	455
237	499
237	658
237	663
237	718
237	891
237	913
237	924
237	947
237	954
237	957
237	988
238	300
238	340
238	354
238	543
238	771
238	853
238	879
238	884
238	890
238	968
239	370
239	377
239	723
239	781
239	849
239	851
240	407
240	418
240	425
240	567
240	652
240	923
240	969
241	313
241	341
241	359
241	494
241	500
241	575
241	588
241	593
241	680
241	710
241	832
241	895
242	378
242	401
242	440
242	478
242	505
242	600
242	627
242	629
242	850
242	972
243	268
243	466
243	496
243	501
243	600
243	632
243	679
243	729
243	873
243	991
243	995
244	296
244	391
244	456
244	486
244	490
244	652
244	694
244	736
244	754
244	785
244	812
244	969
244	972
245	476
245	634
245	830
245	937
246	264
246	344
246	351
246	367
246	371
246	388
246	394
246	446
246	456
246	494
246	554
246	572
246	692
246	765
246	863
246	985
247	287
247	456
247	570
247	658
247	676
247	812
248	350
248	387
248	432
248	501
248	701
248	721
248	728
248	931
248	994
249	563
249	647
250	786
250	931
250	973
251	303
251	326
251	372
251	457
251	642
251	682
251	882
251	888
251	935
252	253
252	468
252	564
252	589
252	596
252	641
252	808
252	905
253	305
253	494
253	497
253	634
253	637
253	660
254	267
254	357
254	412
254	506
254	558
254	745
254	848
254	936
255	583
255	615
255	776
256	490
256	886
256	899
257	341
257	357
257	416
257	442
257	443
257	499
257	565
257	567
257	651
257	687
257	851
257	911
258	296
258	344
258	489
258	508
258	516
258	625
258	664
258	815
258	926
258	947
258	952
259	673
259	867
259	979
260	289
260	344
260	381
260	493
260	547
260	581
260	777
260	905
260	910
261	451
261	578
261	690
261	768
261	808
261	915
261	977
263	484
263	831
263	931
264	271
264	305
264	351
264	456
264	539
264	548
264	554
264	555
264	582
264	605
264	639
264	682
264	742
264	774
264	812
264	895
264	927
264	947
265	517
265	743
265	751
266	536
266	831
267	341
267	381
267	411
267	425
267	541
267	591
267	636
267	710
267	750
267	781
267	832
267	914
268	329
268	357
268	441
268	456
268	502
268	551
268	588
268	815
268	840
268	873
268	908
269	310
269	319
269	466
269	816
269	831
269	972
270	398
270	552
270	583
270	685
270	716
270	739
270	772
270	828
270	941
270	978
270	988
271	357
271	401
271	457
271	572
271	600
271	932
272	298
272	360
272	398
272	418
272	557
272	577
272	736
272	762
272	855
272	877
272	891
272	938
272	961
273	532
273	615
273	968
274	350
274	414
274	515
274	644
274	669
274	728
274	852
274	904
274	907
274	943
275	491
275	572
276	944
278	324
278	371
278	430
278	638
278	732
278	734
278	813
278	859
278	973
278	995
279	445
279	556
279	597
279	616
279	728
279	738
279	753
279	844
279	916
279	993
280	363
280	383
280	434
280	469
280	490
280	677
280	692
280	757
280	813
281	342
281	373
281	400
281	810
281	897
282	296
282	313
282	550
282	552
282	718
282	814
282	883
283	374
283	474
283	925
284	352
284	383
284	385
284	697
284	705
284	734
284	904
284	945
284	959
284	977
285	288
285	346
285	347
285	619
285	867
286	575
286	598
286	604
286	645
286	699
286	709
286	713
287	332
287	381
287	406
287	487
287	529
287	550
287	754
287	765
287	883
287	899
287	954
287	997
288	293
288	378
288	623
288	630
288	678
288	859
289	340
289	433
289	531
289	647
289	806
291	354
291	563
292	399
292	446
292	695
293	350
293	414
293	705
293	721
293	862
293	970
294	390
294	416
294	435
294	463
294	567
294	687
294	725
294	996
295	956
296	307
296	367
296	456
296	477
296	710
296	756
296	883
296	941
296	949
296	978
296	989
296	997
297	427
297	459
297	713
297	723
297	785
297	798
297	822
297	866
298	308
298	715
298	814
299	385
299	519
299	592
299	615
299	626
299	670
299	697
299	749
299	900
299	926
299	941
299	977
300	323
300	372
300	376
300	384
300	504
300	555
300	625
300	768
300	776
300	839
300	852
300	989
301	451
301	589
301	683
301	809
301	935
302	372
302	451
302	540
302	583
302	596
302	743
302	839
302	884
302	955
303	307
303	323
303	581
303	596
303	625
303	724
303	850
303	955
304	328
304	381
304	417
304	421
304	422
304	948
304	963
305	532
305	583
305	606
305	611
305	671
305	737
305	904
305	994
306	324
306	385
306	439
306	648
306	852
306	909
307	631
307	855
307	940
307	941
307	960
307	985
308	437
308	452
308	462
308	585
308	628
308	814
308	845
308	877
309	437
309	462
309	493
309	628
309	739
309	961
309	980
310	502
310	613
310	679
310	840
310	843
310	914
311	673
312	401
312	536
312	558
312	631
312	734
312	819
312	927
312	931
313	364
313	457
313	511
313	516
313	600
313	752
313	758
313	794
313	803
313	860
313	932
314	573
314	600
314	658
314	750
315	349
315	415
315	431
315	616
315	619
315	671
315	834
315	970
316	328
316	377
316	391
316	396
316	408
316	480
316	664
316	706
316	754
316	765
316	821
316	822
316	855
316	963
317	379
317	435
317	491
317	549
317	586
318	398
318	462
318	479
318	577
318	980
319	357
319	371
319	441
319	483
319	606
319	626
319	843
320	925
321	612
322	792
322	846
322	851
322	929
323	348
323	384
323	451
323	493
323	542
323	554
323	607
323	637
323	697
323	747
323	768
323	905
323	984
324	346
324	669
324	844
324	874
324	945
324	959
325	423
325	444
325	459
325	491
325	506
325	927
325	973
325	991
326	408
326	521
326	796
326	814
327	340
327	540
327	581
327	809
327	829
327	833
327	935
328	341
328	381
328	427
328	452
328	479
328	694
328	796
328	797
328	886
328	891
328	923
328	978
329	425
329	442
329	550
329	555
329	636
329	677
329	692
329	735
329	785
329	798
329	957
329	960
331	423
331	434
331	629
331	638
331	812
331	873
331	936
332	344
332	396
332	529
332	535
332	552
332	574
332	658
332	694
332	746
332	764
332	805
332	891
332	978
334	567
334	609
334	788
334	983
335	495
335	553
335	722
336	451
336	546
336	589
336	724
336	814
336	822
336	833
336	882
336	941
336	955
337	401
337	471
337	564
337	606
337	625
337	697
337	756
337	837
337	954
337	972
337	984
338	343
338	595
338	701
338	813
338	908
338	916
338	973
338	993
339	609
340	540
340	550
340	706
340	755
340	793
340	828
340	882
340	902
341	364
341	467
341	680
341	752
341	798
341	886
341	939
341	957
341	967
342	358
342	361
342	712
342	720
342	773
342	815
342	909
343	352
343	378
343	626
343	632
343	703
343	727
343	728
343	773
343	919
344	367
344	375
344	434
344	554
344	626
344	638
344	677
344	732
344	809
344	837
344	978
344	985
346	372
346	489
346	514
346	727
346	810
347	394
347	464
347	566
347	660
347	720
347	727
347	749
347	787
347	904
347	909
348	406
348	583
348	589
348	608
348	641
348	805
348	808
348	833
348	905
348	926
349	703
349	823
350	448
350	481
350	508
350	630
350	671
350	717
350	728
350	840
350	874
350	973
351	392
351	412
351	425
351	434
351	466
351	494
351	572
351	586
351	588
351	745
351	765
351	848
351	885
351	914
351	941
351	974
352	383
352	491
352	506
352	611
352	682
352	703
352	741
352	786
352	809
352	813
352	959
353	711
353	870
354	529
354	739
354	762
354	865
354	913
354	948
355	450
355	452
355	620
356	673
356	844
356	928
357	401
357	411
357	442
357	545
357	676
357	699
357	752
357	860
357	969
358	367
358	451
358	458
358	500
358	724
358	730
358	776
358	794
358	856
358	905
358	985
359	426
359	444
359	501
359	848
359	873
359	960
359	974
360	503
360	719
360	889
360	899
360	912
361	385
361	387
361	717
361	805
361	878
362	497
363	401
363	496
363	627
363	676
363	724
363	782
363	835
364	443
364	490
364	593
364	620
364	699
364	725
364	765
364	778
364	794
364	821
366	613
367	440
367	456
367	511
367	692
367	778
367	972
367	979
367	997
368	477
368	516
368	562
368	735
368	939
369	451
369	516
369	542
369	581
369	607
369	625
369	638
369	682
369	997
370	662
370	759
371	701
371	786
371	838
371	918
371	973
372	394
372	539
372	570
372	596
372	603
372	642
372	724
372	768
372	774
372	809
372	905
373	766
374	465
374	613
375	401
375	453
375	539
375	597
375	626
375	639
375	813
375	848
375	945
375	967
376	564
376	571
376	697
376	720
376	773
376	897
376	943
377	443
377	545
377	575
377	592
377	639
377	797
377	825
377	886
378	494
378	697
378	703
378	734
378	747
378	834
378	941
378	942
378	952
379	380
379	381
379	483
379	519
379	598
379	760
379	763
379	906
379	908
379	929
379	950
379	953
380	446
380	483
380	573
380	714
380	763
380	807
380	846
380	936
381	408
381	490
381	528
381	662
381	755
381	855
381	886
382	504
382	771
383	434
383	472
383	494
383	506
383	539
383	732
383	917
383	991
384	524
384	535
384	546
384	552
384	603
384	774
384	822
384	935
384	941
384	955
385	642
385	813
385	833
385	926
385	943
386	483
386	501
386	562
387	400
387	434
387	448
387	459
387	539
387	737
387	809
387	828
387	918
387	932
387	960
388	472
388	631
388	757
388	831
389	576
389	665
389	984
390	500
390	565
390	574
390	593
390	604
390	797
390	841
390	860
390	886
390	912
391	427
391	543
391	557
391	577
391	759
391	827
391	869
392	459
392	463
392	501
392	528
392	600
392	677
392	742
392	991
393	553
394	552
394	555
394	562
394	680
394	682
394	785
394	839
396	455
396	688
396	694
396	796
396	977
396	978
398	462
398	499
398	550
398	577
398	711
398	744
398	803
398	899
399	549
400	852
401	459
401	496
401	549
401	699
401	713
401	835
401	860
402	408
402	486
402	560
402	620
402	621
402	664
402	674
402	797
402	886
403	725
403	804
403	964
403	996
404	469
404	516
404	524
404	600
404	627
404	785
404	957
405	536
406	408
406	547
406	755
406	779
406	821
406	845
406	869
406	961
406	963
406	980
407	509
407	681
407	848
408	450
408	455
408	487
408	550
408	557
408	755
408	797
409	597
409	671
411	413
411	502
411	620
411	622
412	444
412	463
412	506
412	549
412	602
412	745
412	760
412	925
412	929
413	460
413	542
413	555
413	572
413	649
413	732
413	812
413	822
413	895
413	914
413	960
413	967
413	969
413	985
414	829
414	904
415	431
415	448
415	481
415	556
415	601
415	669
415	697
415	721
415	734
415	867
415	905
415	916
415	945
415	991
416	463
416	687
416	713
416	748
416	760
416	782
416	895
417	503
418	450
418	457
418	652
418	723
418	732
418	735
418	752
418	895
418	899
418	963
419	522
419	648
419	773
419	787
420	531
420	694
420	869
421	427
421	512
421	521
421	889
422	607
422	637
422	641
422	663
422	808
423	432
423	459
423	534
423	631
423	734
423	860
423	874
423	907
423	918
423	926
423	945
423	991
423	993
424	525
424	569
425	524
425	528
425	550
425	562
425	664
425	732
425	752
425	765
425	812
425	823
425	963
425	978
426	436
426	642
426	714
426	976
427	480
427	574
427	746
427	924
427	948
427	969
428	498
428	527
429	595
429	757
429	854
429	962
430	491
430	595
430	933
430	991
431	551
431	675
431	896
431	970
431	993
432	673
432	681
432	831
432	944
433	452
433	512
433	739
433	877
433	889
433	894
434	444
434	456
434	496
434	677
434	729
434	794
434	819
434	917
434	940
434	974
435	506
435	528
435	549
435	635
435	687
435	725
435	750
435	804
435	843
435	939
435	996
436	444
436	591
436	745
436	846
436	950
436	999
437	628
437	715
437	771
439	514
439	747
439	909
439	992
440	491
440	561
440	656
440	671
440	680
440	840
440	914
440	991
441	505
441	840
441	846
442	443
442	477
442	602
442	674
442	687
442	758
442	843
442	914
442	939
443	491
443	600
443	775
443	988
444	725
444	860
444	950
444	999
445	793
445	808
445	908
445	960
445	988
446	708
446	846
447	601
448	516
448	926
448	952
448	959
450	562
451	581
451	837
451	919
451	935
451	957
452	462
452	592
452	739
452	755
452	889
452	961
453	558
453	840
453	873
453	906
453	942
453	995
455	510
455	516
455	529
455	658
455	777
455	957
455	960
455	978
456	547
456	582
456	597
456	636
456	697
456	835
456	850
456	886
456	960
457	463
457	713
457	760
457	778
457	841
457	872
458	489
458	534
458	596
458	626
458	704
458	852
458	915
458	952
459	506
459	551
459	554
459	726
459	729
459	835
459	840
459	908
459	909
459	989
460	552
460	582
460	606
460	809
460	815
460	856
460	914
460	979
461	540
461	599
461	690
461	935
462	467
462	622
462	803
462	982
463	499
463	602
463	652
463	851
465	699
465	807
465	981
466	586
466	629
466	631
466	679
466	729
466	786
466	840
466	874
466	908
466	917
466	964
466	993
466	994
467	713
467	736
467	744
467	823
467	855
467	997
468	564
468	569
468	571
468	641
468	683
468	697
468	716
468	766
468	910
469	549
469	725
469	812
469	914
469	939
469	972
470	739
471	489
471	522
471	596
471	611
471	660
471	717
471	842
471	962
472	757
472	973
473	887
474	498
474	903
474	976
475	858
476	858
476	864
476	884
477	565
477	710
477	745
477	872
478	598
478	605
479	651
479	723
479	899
479	932
480	658
480	755
480	796
480	855
480	891
480	924
481	673
481	817
481	852
481	880
481	931
482	951
483	742
483	775
483	843
483	848
483	895
483	903
484	688
484	708
484	846
485	853
485	975
486	723
486	744
486	789
486	849
486	883
486	954
487	521
487	577
487	664
487	713
487	772
487	774
487	855
487	869
487	877
487	954
489	619
489	716
489	749
489	773
489	815
489	888
489	933
490	499
490	535
490	636
490	718
490	798
490	923
490	967
491	496
491	627
491	638
491	732
491	825
491	885
492	618
493	755
493	762
493	845
493	877
493	938
494	496
494	505
494	549
494	602
494	613
494	735
494	748
494	969
496	539
496	588
496	822
496	908
497	614
497	619
497	844
499	733
499	899
500	524
500	565
500	752
500	754
500	794
500	991
501	688
501	692
501	725
501	732
501	734
501	826
502	613
502	729
502	775
503	713
504	543
504	743
504	830
504	987
505	679
505	713
505	752
505	790
505	929
506	507
506	528
506	572
506	718
506	914
506	939
507	561
507	591
507	613
507	633
507	691
507	725
507	782
507	820
507	848
507	936
507	999
508	539
508	624
508	637
508	704
508	747
508	908
508	909
508	979
508	991
509	664
509	775
509	981
511	539
511	664
511	692
511	718
511	735
511	741
511	774
511	790
512	723
512	806
512	883
512	894
512	899
512	956
514	712
515	540
515	663
515	756
515	830
515	902
516	570
516	642
516	676
516	748
516	941
517	543
517	624
517	751
517	761
517	791
517	795
517	890
517	902
518	866
519	529
519	542
519	552
519	664
519	706
519	905
519	947
519	960
519	985
519	988
520	639
520	686
520	769
520	771
520	957
520	980
520	997
521	560
521	755
521	779
521	924
521	948
522	611
522	702
522	720
522	915
523	541
523	723
523	836
523	982
524	748
524	792
524	895
524	907
524	942
525	698
525	730
525	764
525	791
527	539
527	862
528	775
528	790
529	718
529	748
529	758
529	793
529	835
529	960
530	691
530	763
532	630
532	810
532	844
532	904
533	575
533	887
534	539
534	582
534	597
534	756
534	815
534	919
534	943
535	553
535	581
535	624
535	685
535	692
535	988
537	937
539	607
539	813
539	831
539	994
540	624
540	777
540	808
540	968
541	849
542	626
542	642
542	649
542	663
542	697
542	833
542	891
542	962
542	972
542	978
543	698
543	730
543	772
544	681
544	750
544	851
545	748
545	810
545	821
545	837
546	751
546	764
546	879
547	550
547	560
547	891
547	963
549	598
549	633
549	656
549	679
549	752
549	823
549	863
549	950
550	557
550	586
550	620
550	796
550	954
550	963
551	848
551	908
552	570
552	603
552	625
552	649
552	694
552	777
552	793
552	821
552	822
552	883
552	954
553	599
553	722
553	730
553	756
553	965
554	629
554	656
554	947
555	582
555	637
555	697
555	724
555	741
556	854
556	874
556	880
556	958
557	593
557	739
557	801
557	980
558	682
558	688
558	734
560	643
560	711
560	723
560	796
560	913
560	924
561	633
561	775
561	843
561	873
561	949
562	572
562	710
562	733
562	748
562	823
563	889
563	894
564	570
564	589
564	716
564	722
564	827
564	830
564	837
565	586
565	745
565	765
565	929
565	930
566	660
566	690
566	834
566	852
566	943
566	977
567	572
567	740
567	745
567	826
568	818
569	690
569	751
569	890
569	955
570	574
570	692
570	703
570	724
570	752
570	798
570	837
570	850
570	975
571	690
571	791
571	902
571	910
571	968
571	977
572	588
572	687
572	691
572	710
572	822
572	823
572	974
573	598
573	605
574	694
574	706
574	853
574	924
575	651
575	748
575	851
575	930
576	938
577	718
577	883
577	948
578	764
578	879
578	935
579	592
579	649
579	658
579	754
579	778
579	954
579	955
580	586
580	591
580	848
580	936
581	724
581	772
581	777
581	809
581	830
581	837
581	902
582	649
582	676
582	692
582	765
582	777
582	785
582	822
582	933
582	941
583	810
583	839
583	858
584	592
584	689
584	736
584	938
584	963
584	978
585	624
585	879
585	890
585	934
586	598
586	729
586	798
586	848
586	908
587	831
588	598
588	724
588	843
588	923
589	772
589	776
589	900
589	968
590	935
590	968
590	992
591	602
591	636
591	775
591	807
591	820
591	843
592	658
592	664
592	808
592	877
592	923
592	938
592	940
592	947
592	961
592	997
593	620
593	662
593	733
593	841
595	631
595	678
595	679
595	737
595	831
595	917
595	994
596	648
597	656
597	732
597	795
597	859
597	862
597	905
597	989
598	843
598	930
599	634
599	774
600	602
600	620
600	680
600	895
600	927
600	985
600	999
602	652
602	748
602	843
602	953
603	626
603	768
603	772
603	824
603	839
604	620
604	699
604	981
605	652
605	760
605	872
605	889
606	630
606	644
606	882
607	642
607	808
607	809
607	900
608	765
608	923
608	985
610	771
610	888
610	892
611	676
611	721
611	734
611	919
613	732
613	840
614	631
614	810
614	874
615	753
616	684
616	712
616	737
616	935
616	993
617	639
618	678
618	701
618	854
618	896
618	907
618	958
619	630
619	669
619	717
619	809
619	916
620	781
620	877
620	923
621	662
621	866
622	662
622	841
622	988
624	690
624	828
624	830
624	837
624	845
624	882
624	987
625	663
625	685
625	697
625	701
625	733
625	805
625	886
626	638
626	732
626	753
626	809
626	855
626	905
626	932
626	963
626	974
627	676
627	929
627	949
627	999
629	632
629	742
629	848
629	908
629	929
629	940
629	972
631	673
631	731
631	738
631	945
631	959
631	964
631	973
631	991
632	656
632	697
632	738
632	907
632	964
633	692
633	725
633	860
633	971
633	974
634	856
634	937
634	968
635	872
635	911
635	966
636	638
636	685
636	785
637	805
637	837
637	975
638	697
638	933
638	957
638	991
639	694
639	764
639	809
639	914
639	955
639	961
639	988
641	667
641	690
641	768
641	776
641	795
641	824
641	828
642	754
642	975
643	664
643	719
643	732
643	923
644	738
644	959
644	979
645	709
645	866
645	956
646	878
647	654
647	668
647	756
647	892
648	764
649	682
649	692
649	794
650	844
651	779
651	781
651	800
651	924
652	745
652	748
652	792
652	932
652	981
653	666
653	787
654	764
656	812
656	813
658	660
658	685
658	822
658	888
658	972
658	987
660	747
660	753
660	829
660	839
662	790
662	827
662	832
663	851
663	947
664	785
664	812
664	822
664	963
664	997
666	857
667	769
668	696
668	769
669	704
669	727
669	749
669	842
669	859
670	743
671	705
671	738
671	905
672	691
672	807
672	983
673	684
674	789
674	866
675	757
675	786
675	816
675	940
675	942
675	962
676	733
676	989
677	991
678	745
678	933
679	682
679	731
679	825
679	848
679	927
679	940
679	953
679	973
680	823
680	825
680	927
680	940
680	967
681	699
681	849
682	692
682	904
682	905
682	960
682	972
683	805
683	900
684	738
684	749
684	808
685	837
685	902
685	989
686	723
686	779
687	699
687	792
687	823
687	851
688	724
688	741
688	748
688	829
688	914
688	940
688	957
688	995
689	776
689	828
690	791
690	824
690	977
691	976
692	777
692	812
692	926
692	947
693	838
693	944
694	772
694	934
697	747
697	749
697	753
697	985
698	762
698	771
698	879
699	709
699	782
699	803
699	939
699	996
701	970
703	721
703	727
703	731
703	813
704	874
704	896
704	958
705	833
705	840
705	859
706	754
706	755
706	768
706	819
706	927
706	948
707	846
708	825
708	826
708	925
709	758
709	782
709	783
709	832
710	843
710	950
710	967
710	971
713	778
713	899
713	963
713	996
714	807
714	893
714	983
715	762
715	924
716	756
716	839
717	933
718	759
718	777
718	825
718	957
720	776
720	842
721	734
721	738
721	840
721	941
721	945
721	962
722	810
722	830
723	841
723	851
723	923
724	774
724	837
725	863
725	932
726	922
727	909
728	770
728	777
728	874
728	896
728	959
729	846
729	983
729	995
732	947
732	957
732	972
732	988
732	991
733	849
733	872
733	961
734	737
734	770
734	916
735	947
735	974
736	797
736	822
736	957
736	961
737	813
737	933
737	959
738	829
738	831
738	874
738	933
739	762
739	784
739	913
739	938
739	980
740	782
740	873
740	920
741	945
741	959
742	834
742	838
742	953
742	973
743	751
743	828
743	842
743	902
743	984
744	886
744	923
745	758
745	950
745	969
747	819
747	834
747	895
748	851
748	863
750	995
751	772
751	845
751	884
751	934
752	823
752	860
752	957
753	854
753	907
754	765
754	801
754	954
754	957
755	803
755	855
755	869
755	954
755	963
756	796
756	808
756	814
757	931
757	964
758	832
758	911
759	785
759	980
760	950
761	764
761	858
761	879
762	769
762	889
762	961
764	845
764	884
765	772
765	947
765	957
766	919
768	808
768	902
768	935
770	859
771	795
771	934
771	980
772	793
772	796
772	891
772	957
772	988
773	815
773	902
773	985
774	952
774	968
775	914
775	985
776	856
776	858
776	897
777	785
777	819
777	821
777	987
779	797
779	868
779	912
781	783
781	868
783	790
783	841
784	801
784	870
784	882
784	894
785	794
785	812
785	947
786	816
786	834
786	854
786	962
787	977
789	924
791	856
792	832
794	828
794	866
794	989
794	997
796	855
796	924
796	989
797	899
797	997
801	879
803	822
803	978
804	820
805	933
805	968
805	987
806	980
807	846
807	990
808	837
809	940
810	859
812	850
812	895
813	885
813	919
813	945
813	959
814	821
814	882
814	913
815	926
816	993
816	994
819	905
819	952
819	991
820	849
821	837
821	877
821	988
822	850
822	947
823	933
823	947
823	967
823	978
823	991
824	845
825	940
825	949
826	936
826	983
827	869
828	884
828	897
829	896
829	905
829	945
830	833
830	934
830	984
830	991
833	900
834	854
834	916
834	918
835	914
837	878
837	883
837	888
837	997
838	873
838	993
840	973
841	899
842	992
843	846
843	953
844	909
844	928
844	958
844	970
846	999
848	927
850	903
850	960
851	872
851	911
851	923
851	929
854	867
855	883
855	997
856	902
856	957
859	959
860	932
865	980
866	996
867	907
868	951
869	877
869	924
869	948
873	908
873	932
874	909
874	970
877	894
878	905
878	943
878	975
879	890
879	934
884	937
884	968
885	918
885	931
885	964
888	977
891	960
891	969
891	972
891	988
891	993
893	986
895	967
895	969
898	903
899	913
900	984
902	968
904	945
905	969
905	975
906	953
907	918
907	958
908	964
908	995
910	919
913	980
914	927
914	950
916	958
918	973
918	993
924	954
926	952
927	941
927	995
929	974
930	955
930	981
932	974
933	959
934	935
934	937
935	955
935	968
935	988
939	996
940	967
940	991
941	947
942	962
942	994
947	957
948	963
952	960
955	994
957	988
963	988
963	995
969	989
974	989
974	999
983	990
