0	546
0	811
1	111
1	113
1	216
1	531
1	549
1	757
1	987
2	123
2	348
2	615
2	746
2	876
2	958
3	22
3	231
3	555
3	680
3	714
3	736
4	250
4	254
5	117
5	161
5	331
5	427
5	506
5	548
5	736
5	775
5	940
6	71
6	93
6	126
6	225
6	381
6	383
6	384
6	742
6	784
6	793
6	944
7	24
7	378
7	610
7	655
7	663
7	722
8	58
8	111
8	118
8	127
8	173
8	184
8	187
8	234
8	258
8	351
8	516
8	663
8	694
8	819
8	860
8	902
9	94
9	96
9	169
9	219
9	238
9	280
9	658
9	688
9	713
9	741
9	793
9	817
9	905
9	914
9	992
10	113
10	191
10	208
10	416
10	541
10	641
10	766
10	889
10	919
11	123
11	185
11	291
11	353
11	599
11	634
11	709
11	840
11	961
11	992
12	14
12	100
12	504
12	900
13	18
13	20
13	74
13	289
13	425
13	945
14	270
14	436
14	509
14	725
14	754
15	95
15	137
15	242
15	320
16	66
16	67
16	77
16	93
16	206
16	289
16	308
16	423
16	434
16	481
16	513
16	738
16	751
16	759
16	898
16	924
16	953
17	66
17	152
17	297
17	334
17	429
17	689
17	700
17	708
17	740
17	889
17	910
17	930
18	66
18	145
18	265
18	456
18	481
18	637
18	708
18	717
18	825
18	908
19	431
19	750
19	988
20	87
20	322
20	376
20	462
20	469
20	505
20	536
20	640
20	711
20	712
20	860
21	111
21	202
21	214
21	264
21	271
21	277
21	301
21	309
21	466
21	641
21	751
21	831
21	849
22	31
22	59
22	68
22	269
22	307
22	366
22	500
22	555
22	620
22	643
22	852
23	62
23	131
23	157
23	172
23	249
23	318
23	363
23	468
23	599
23	802
23	840
23	855
23	871
23	932
24	35
24	97
24	378
24	617
24	819
24	838
25	55
25	57
25	104
25	123
25	184
25	213
25	218
25	295
25	403
25	460
25	660
25	694
25	716
25	728
25	785
25	832
25	871
25	981
26	56
26	219
26	410
26	515
27	75
27	105
27	126
27	185
27	225
27	288
27	367
27	383
27	480
27	483
27	497
27	713
27	742
27	841
27	848
27	956
28	143
28	196
28	207
28	233
28	296
28	366
28	433
28	506
28	576
28	628
28	732
28	734
28	781
28	817
28	998
29	160
29	325
29	370
29	386
29	435
29	530
29	563
29	593
29	688
29	888
29	942
30	87
30	131
30	156
30	180
30	383
30	403
30	525
30	546
30	571
30	670
30	723
30	728
30	752
30	769
30	795
30	800
31	256
31	261
31	370
31	414
31	440
31	667
31	852
31	922
31	955
31	959
32	75
32	94
32	149
32	286
32	287
32	316
32	491
32	582
32	642
32	681
32	706
32	714
32	863
32	881
32	888
32	916
32	927
33	82
33	123
33	129
33	185
33	282
33	382
33	383
33	479
33	514
33	612
33	769
33	813
33	832
33	891
33	924
33	963
34	178
34	287
34	392
34	519
34	696
34	938
34	999
35	89
35	103
35	108
35	111
35	246
35	604
35	651
35	777
35	947
35	964
36	71
36	82
36	108
36	149
36	162
36	163
36	173
36	206
36	353
36	397
36	538
36	552
36	572
36	595
36	738
36	752
36	776
36	832
36	884
36	889
36	898
36	916
36	954
36	977
36	981
38	76
38	124
38	205
38	226
38	233
38	408
38	421
38	639
38	701
38	931
39	82
39	282
39	314
39	316
39	457
39	464
39	642
39	744
39	759
39	861
40	91
40	151
40	172
40	199
40	360
40	520
40	582
40	624
40	688
40	775
40	793
40	864
40	940
40	968
41	528
41	919
42	44
42	143
42	189
42	207
42	226
42	412
42	427
42	498
42	506
42	529
42	579
42	643
42	737
42	817
42	822
42	842
42	971
43	283
43	311
43	458
43	482
43	491
43	683
43	700
43	734
43	741
43	816
43	842
43	927
43	983
44	143
44	197
44	227
44	251
44	300
44	329
44	395
44	414
44	421
44	628
44	681
44	753
44	922
44	933
44	977
44	989
45	73
45	108
45	118
45	214
45	278
45	389
45	420
45	497
45	547
45	634
45	739
45	879
45	967
45	968
46	193
46	213
46	214
46	344
46	464
46	525
46	672
46	799
46	902
46	950
46	957
46	961
46	964
47	78
47	246
47	258
47	294
47	342
47	362
47	442
47	469
47	572
47	873
47	945
47	952
47	973
48	252
48	353
48	387
48	389
48	591
48	607
48	680
48	683
48	696
48	871
48	927
48	932
49	67
49	162
49	320
49	559
49	592
49	708
50	219
50	228
50	267
50	418
50	427
50	463
50	602
50	649
50	697
50	878
50	918
50	996
51	857
51	878
52	216
52	236
52	254
52	804
53	160
53	170
53	386
53	621
53	707
53	992
54	131
54	424
54	990
55	123
55	282
55	383
55	389
55	513
55	682
55	723
55	728
55	739
55	760
55	919
55	950
55	954
55	963
56	390
57	66
57	82
57	108
57	235
57	295
57	359
57	389
57	399
57	464
57	468
57	545
57	708
57	744
57	768
57	769
57	787
57	799
57	891
58	73
58	111
58	149
58	239
58	308
58	312
58	648
58	768
58	860
58	906
58	936
58	957
59	117
59	161
59	396
59	817
60	68
60	548
60	691
61	90
61	106
61	493
61	494
61	765
61	834
61	838
61	849
61	994
62	94
62	143
62	169
62	201
62	207
62	215
62	645
62	650
62	710
62	714
62	753
62	905
63	101
63	455
63	613
64	84
64	330
64	354
64	662
64	723
64	725
65	242
65	594
65	613
66	75
66	139
66	165
66	203
66	205
66	289
66	412
66	500
66	515
66	889
66	897
66	936
67	297
67	874
68	435
68	555
68	805
69	91
69	153
69	194
69	235
69	283
69	344
69	356
69	365
69	383
69	428
69	473
69	649
69	816
70	114
71	129
71	175
71	191
71	264
71	397
71	537
71	619
71	632
71	706
71	826
71	924
71	944
71	952
71	981
71	986
72	268
72	386
72	911
73	179
73	184
73	247
73	336
73	452
73	536
73	643
73	706
73	716
73	808
73	876
73	882
73	956
74	163
74	203
74	263
74	397
74	417
74	483
74	502
74	592
74	614
74	616
74	642
74	665
74	708
74	795
74	908
75	145
75	153
75	163
75	286
75	327
75	356
75	359
75	435
75	491
75	492
75	535
75	591
75	630
75	755
75	758
75	897
76	103
76	228
76	262
76	383
76	500
76	524
76	592
76	643
76	682
76	776
76	814
76	817
76	842
76	843
76	884
76	910
76	992
77	203
77	209
77	271
77	514
77	668
77	673
77	694
77	742
77	744
77	766
77	954
78	93
78	158
78	195
78	258
78	303
78	434
78	549
78	558
80	93
80	341
80	438
80	452
80	583
80	976
81	115
81	254
81	587
81	655
82	163
82	353
82	427
82	474
82	571
82	630
82	751
82	760
82	792
82	802
82	886
82	928
82	963
83	188
83	206
83	364
83	388
83	403
83	448
83	449
83	501
83	752
83	880
83	906
83	910
83	924
83	981
84	229
85	126
85	165
85	209
85	495
85	513
85	579
85	651
85	751
85	865
85	889
85	892
85	928
85	956
86	128
86	275
86	509
86	550
87	93
87	105
87	116
87	124
87	203
87	425
87	481
87	795
87	821
87	986
88	251
88	324
88	385
88	396
88	783
89	246
89	294
89	304
89	466
89	536
89	541
89	831
90	222
90	225
90	252
90	278
90	298
90	350
90	420
90	460
90	497
90	615
90	951
91	131
91	296
91	360
91	419
91	468
91	480
91	521
91	687
91	871
91	935
91	951
92	201
92	215
92	283
92	299
92	325
92	357
92	408
92	477
92	679
92	737
93	118
93	284
93	381
93	397
93	800
93	880
93	882
93	884
93	953
94	481
94	491
94	681
94	713
94	775
94	793
94	802
95	430
95	463
95	524
95	606
95	980
95	996
96	143
96	427
96	566
96	922
97	342
97	424
97	425
97	454
97	549
97	608
97	731
98	103
98	153
98	193
98	282
98	295
98	365
98	383
98	399
98	450
98	483
98	535
98	687
98	792
98	875
98	951
99	296
99	412
99	451
99	579
99	627
99	628
99	638
99	671
99	681
99	870
99	897
99	930
99	953
99	972
100	166
100	374
100	460
100	615
100	727
101	211
101	380
101	689
101	745
102	275
102	313
102	611
102	975
103	218
103	225
103	283
103	295
103	450
103	464
103	480
103	483
103	497
103	571
103	660
103	883
104	115
104	192
104	374
104	437
104	687
104	721
104	727
104	747
104	891
104	958
105	248
105	365
105	415
105	470
105	483
105	498
105	535
105	623
105	687
105	694
105	752
105	829
105	879
105	951
106	157
106	182
106	263
106	298
106	677
106	721
106	742
106	848
106	950
106	958
107	147
107	293
107	368
107	686
108	158
108	262
108	284
108	362
108	384
108	391
108	469
108	505
108	516
108	541
108	564
108	712
108	768
108	790
108	859
109	288
109	685
109	764
109	983
110	198
110	274
110	382
110	408
110	438
110	447
110	769
110	784
110	965
111	113
111	294
111	604
111	610
111	663
111	797
111	953
111	987
113	125
113	187
113	216
113	284
113	294
113	462
113	516
113	610
113	836
115	140
115	301
115	341
115	378
115	442
115	943
116	216
116	297
116	501
116	570
116	708
116	717
116	729
116	738
116	784
116	880
117	331
117	396
117	506
117	530
117	593
117	623
117	730
117	771
118	202
118	274
118	470
118	531
118	533
118	558
118	698
118	768
119	123
119	182
119	444
119	521
119	525
119	900
120	455
120	810
121	852
122	168
122	244
122	269
122	805
123	125
123	185
123	225
123	247
123	291
123	389
123	480
123	634
123	641
123	709
123	739
123	769
123	784
123	787
123	799
123	818
123	841
123	954
123	967
124	162
124	188
124	205
124	654
124	673
124	708
124	850
124	936
125	154
125	284
125	475
125	558
125	698
125	808
125	832
125	893
125	903
126	149
126	175
126	247
126	499
126	564
126	598
126	600
126	626
126	766
126	776
126	843
126	855
126	856
127	355
127	376
127	558
128	147
128	182
128	192
128	260
128	521
128	577
128	578
128	951
129	173
129	218
129	243
129	266
129	298
129	338
129	438
129	449
129	577
129	723
129	766
129	807
129	841
129	872
129	907
129	961
129	968
131	153
131	170
131	177
131	232
131	359
131	387
131	457
131	556
131	618
131	625
131	645
131	760
131	802
131	932
131	935
131	985
132	163
132	189
132	213
132	222
132	234
132	282
132	393
132	403
132	406
132	479
132	491
132	505
132	575
132	737
132	751
132	768
132	795
132	936
132	963
133	161
133	188
133	197
133	238
133	345
133	427
133	498
133	600
133	639
133	669
133	795
133	842
133	897
133	985
134	207
134	238
134	286
134	311
134	364
134	435
134	481
134	591
134	713
134	724
135	207
135	364
135	642
135	643
135	775
135	851
135	878
135	978
136	195
136	831
136	844
137	430
137	573
138	632
138	705
139	175
139	311
139	576
139	592
139	600
139	642
139	737
139	759
139	813
139	889
139	924
139	935
139	941
139	968
139	993
140	617
141	238
141	256
141	300
141	427
141	498
141	650
141	681
141	817
141	977
142	190
142	565
143	433
143	503
143	506
143	527
143	625
143	681
143	851
143	901
143	955
144	263
144	578
144	615
144	679
144	958
145	176
145	183
145	188
145	205
145	289
145	345
145	407
145	614
145	856
145	862
145	870
145	908
145	936
146	288
146	319
146	625
146	764
146	816
146	938
147	992
148	317
148	430
148	569
148	874
149	194
149	363
149	365
149	575
149	679
149	882
149	898
149	992
150	165
150	190
150	750
151	300
151	432
151	435
151	732
151	789
151	942
151	955
152	259
152	423
153	164
153	173
153	311
153	335
153	353
153	464
153	468
153	477
153	765
153	792
153	886
153	905
153	963
153	981
153	989
153	993
154	163
154	179
154	232
154	308
154	341
154	351
154	382
154	604
154	641
154	766
154	819
154	859
155	269
155	618
155	688
155	764
155	861
156	261
156	428
156	529
156	582
156	670
156	680
156	696
156	881
156	889
157	263
157	466
157	497
157	521
157	718
157	762
157	880
158	429
158	505
158	540
158	698
158	903
159	400
160	170
160	218
160	249
160	519
160	618
160	707
161	364
161	548
161	810
161	983
162	196
162	219
162	226
162	357
162	448
162	572
162	592
162	885
163	175
163	176
163	213
163	383
163	464
163	670
163	694
163	800
163	813
163	860
163	882
163	889
163	930
164	343
164	354
164	477
164	646
164	684
164	914
164	979
165	326
165	334
165	666
165	720
165	750
165	973
165	980
166	371
166	377
166	437
166	475
166	746
166	834
167	872
168	199
168	398
168	414
168	435
168	490
168	492
168	520
168	543
168	547
168	553
168	568
168	609
168	630
168	800
168	875
169	181
169	238
169	256
169	266
169	356
169	428
169	473
169	482
169	547
169	555
169	658
169	681
169	824
169	925
169	955
170	266
170	268
170	369
170	406
170	607
170	621
170	670
170	911
171	208
171	239
171	416
171	536
171	693
171	776
171	780
172	256
172	286
172	287
172	311
172	457
172	680
172	684
172	714
172	881
173	205
173	263
173	299
173	391
173	397
173	419
173	420
173	483
173	499
173	501
173	592
173	600
173	758
173	784
173	821
173	838
173	841
173	843
173	855
173	928
173	957
174	206
174	295
174	341
174	350
174	460
174	478
174	497
174	517
174	525
174	621
174	622
174	762
174	794
174	876
174	879
174	907
175	296
175	372
175	538
175	701
175	785
175	848
175	877
175	919
176	185
176	203
176	205
176	243
176	372
176	502
176	582
176	595
176	717
176	738
176	840
176	884
176	885
176	908
176	923
176	930
176	981
177	406
177	554
177	577
177	578
177	588
177	607
177	707
177	725
177	883
177	950
177	975
178	180
178	327
178	435
178	449
178	464
178	481
178	787
178	850
178	907
178	935
178	968
178	992
179	185
179	312
179	351
179	384
179	466
179	584
179	641
179	759
179	796
179	808
179	818
179	903
179	920
180	194
180	248
180	295
180	311
180	353
180	364
180	474
180	676
180	769
180	787
180	875
180	879
180	887
180	928
180	951
181	288
181	300
181	394
181	402
181	474
181	503
181	579
181	775
181	842
181	985
182	521
182	687
182	747
182	770
182	949
183	219
183	265
183	515
183	516
183	632
183	700
183	790
183	885
184	264
184	277
184	462
184	604
184	608
184	640
184	768
184	919
185	208
185	222
185	278
185	312
185	341
185	384
185	420
185	514
185	582
185	629
185	769
185	799
185	841
185	961
185	963
186	279
186	390
186	590
187	355
187	429
187	608
187	641
187	836
187	873
188	434
188	495
188	501
188	524
188	628
188	666
188	717
188	744
188	865
188	885
188	924
189	217
189	324
189	412
189	426
189	529
189	658
189	822
189	881
189	913
189	936
190	948
191	258
191	289
191	346
191	418
191	420
191	692
192	447
192	521
192	615
192	679
192	715
192	723
192	894
193	374
193	514
193	531
193	535
193	665
193	818
193	834
193	841
193	859
193	961
194	389
194	403
194	495
194	575
194	630
194	673
194	779
194	884
194	889
194	953
194	989
195	224
195	262
195	272
195	379
195	772
195	990
196	217
196	336
196	410
196	426
196	501
196	697
196	701
196	761
196	771
196	774
197	338
197	399
197	412
197	734
197	881
197	933
198	229
198	349
198	359
198	365
198	560
198	650
198	710
198	871
198	935
199	457
199	789
199	805
199	869
201	283
201	479
201	582
201	591
201	625
201	680
201	838
201	861
201	890
202	271
202	355
202	476
202	516
202	961
203	579
203	622
203	936
203	945
204	262
204	416
204	784
205	241
205	314
205	632
205	682
205	708
205	717
205	814
205	828
205	856
205	863
205	866
205	884
205	885
205	908
205	916
205	972
206	280
206	388
206	468
206	638
206	665
206	706
206	759
206	768
206	776
206	820
206	825
206	850
206	856
206	936
207	426
207	482
207	527
207	543
207	755
207	813
207	863
207	998
208	284
208	401
208	513
208	610
208	641
208	651
208	673
208	744
208	768
208	846
208	957
208	981
208	986
209	408
209	800
209	813
209	859
209	889
209	967
210	455
210	735
210	980
211	433
211	498
212	213
212	483
212	571
212	640
212	821
212	893
212	927
212	949
213	289
213	341
213	388
213	516
213	588
213	595
213	706
213	743
213	798
213	927
213	968
214	281
214	282
214	298
214	348
214	414
214	560
214	746
214	752
214	799
215	233
215	307
215	327
215	335
215	363
215	372
215	414
215	433
215	473
215	556
215	713
215	714
215	737
215	870
215	916
215	989
216	246
216	476
216	584
216	585
216	604
216	665
216	903
216	987
217	433
217	602
217	863
218	222
218	278
218	499
218	541
218	588
218	660
218	784
218	840
218	963
219	870
219	887
220	396
220	443
220	791
221	243
221	264
221	483
221	536
221	546
221	584
221	608
221	826
221	873
221	920
222	235
222	365
222	403
222	420
222	469
222	545
222	572
222	673
222	728
222	768
222	906
223	240
223	272
223	334
223	372
223	418
223	752
223	773
223	818
223	846
224	239
224	258
224	469
224	540
224	546
224	558
224	603
224	608
224	873
224	924
224	957
224	986
225	372
225	546
225	672
225	746
225	798
225	799
225	834
225	841
226	285
226	372
226	418
226	498
226	945
227	278
227	307
227	316
227	394
227	566
227	591
227	597
227	741
227	761
227	901
227	940
227	942
227	992
228	248
228	524
228	694
228	862
228	910
228	936
228	945
229	339
229	348
229	970
229	975
229	997
230	282
230	381
230	610
230	663
230	709
230	742
230	744
230	787
230	799
230	950
231	267
231	566
231	667
231	691
231	732
231	753
232	341
232	349
232	399
232	403
232	439
232	460
232	468
232	479
232	615
232	687
232	710
232	769
232	792
232	968
233	336
233	338
233	433
233	701
233	752
233	781
233	971
234	301
234	341
234	447
234	513
234	610
234	656
234	695
234	796
234	818
234	838
234	954
235	479
235	642
235	651
235	670
235	769
235	800
235	916
236	309
236	378
236	585
236	610
236	692
236	804
236	926
237	318
237	530
237	555
237	946
238	248
238	285
238	365
238	483
238	490
238	571
238	609
238	650
238	694
238	793
238	869
239	265
239	342
239	393
239	476
239	515
239	516
239	572
239	759
239	855
239	952
240	253
240	317
240	362
240	383
240	409
240	425
240	456
240	884
240	910
240	952
241	276
241	409
241	559
241	616
241	666
241	813
242	573
242	606
242	811
242	874
243	299
243	359
243	513
243	546
243	575
243	603
243	694
243	758
243	924
243	941
244	280
244	285
244	612
244	620
244	817
244	851
244	940
244	983
245	410
246	301
246	843
246	920
246	943
247	342
247	391
247	403
247	476
247	586
247	850
247	953
248	251
248	399
248	449
248	464
248	468
248	480
248	545
248	571
248	681
248	710
248	758
248	766
248	769
248	787
248	855
248	932
248	963
248	989
249	260
249	343
249	359
249	494
249	519
249	560
249	687
249	858
249	907
249	955
251	576
251	666
251	729
251	830
251	862
251	866
251	910
251	972
252	318
252	360
252	387
252	415
252	434
252	547
252	560
252	588
252	871
252	917
252	962
252	963
252	992
253	297
253	334
253	434
253	570
253	661
254	493
254	835
256	601
256	602
256	658
256	667
256	817
257	310
258	309
258	375
258	469
258	500
258	549
258	570
258	603
258	903
258	952
259	409
259	448
259	500
259	632
259	703
259	865
259	945
259	972
260	368
260	799
260	823
260	893
261	352
261	370
261	492
261	555
261	609
261	789
261	864
261	940
262	303
262	424
262	425
262	638
262	792
262	919
262	936
262	952
263	359
263	525
263	609
263	673
263	734
263	762
263	858
263	992
264	309
264	757
264	777
265	333
265	456
265	616
265	661
265	825
265	880
265	996
266	318
266	624
266	911
267	300
267	724
267	732
267	862
267	925
267	940
267	955
268	353
268	519
269	473
269	645
270	686
270	984
271	401
271	464
271	495
271	626
271	706
271	752
271	759
271	790
271	795
271	873
271	906
271	919
271	924
271	957
272	277
272	652
272	705
272	811
272	853
272	972
272	990
273	412
273	426
273	427
273	458
273	515
273	582
273	643
273	654
273	689
273	761
273	922
274	277
274	322
274	375
274	384
274	742
274	920
275	337
275	339
275	937
276	430
276	456
276	701
276	774
276	813
276	825
276	853
276	910
276	972
276	988
277	425
278	351
278	365
278	449
278	464
278	470
278	483
278	535
278	571
278	598
278	672
278	673
278	950
278	951
278	961
279	317
279	336
279	559
280	295
280	402
280	580
280	642
280	888
281	438
281	709
281	762
281	819
281	961
281	968
282	350
282	439
282	660
282	798
282	841
283	311
283	316
283	349
283	568
283	681
283	784
283	807
283	901
283	992
284	294
284	399
284	465
284	495
284	540
284	546
284	572
284	640
284	641
284	668
284	843
284	856
284	991
285	405
285	552
285	643
285	724
286	356
286	359
286	360
286	364
286	433
286	457
286	483
286	491
286	676
286	683
286	758
286	905
286	911
287	367
287	568
287	642
287	714
287	741
287	802
287	911
288	402
288	435
288	609
288	680
288	714
288	968
288	999
289	353
289	449
289	499
289	683
289	752
289	856
289	889
289	901
290	294
290	335
290	351
290	378
290	466
290	531
290	709
290	728
290	744
290	794
290	819
290	957
291	374
291	382
291	494
291	665
291	787
291	841
293	332
294	541
294	584
294	595
294	665
294	797
294	954
295	353
295	363
295	367
295	368
295	468
295	480
295	568
295	571
295	591
295	723
295	751
295	765
295	840
295	848
295	882
295	886
295	950
295	961
296	491
296	502
296	513
296	520
296	612
296	623
296	729
296	734
296	817
296	840
297	500
297	731
297	910
298	497
298	535
298	586
298	779
298	932
298	949
298	951
298	956
299	327
299	408
299	850
299	941
300	316
300	383
300	414
300	506
300	593
300	685
300	861
300	977
301	304
301	583
301	585
301	692
301	875
301	919
302	837
303	536
303	558
303	903
303	987
304	471
304	561
305	366
305	399
305	427
305	597
305	643
305	681
305	800
305	850
305	851
305	897
305	917
305	927
306	834
307	402
307	593
307	643
307	816
308	344
308	375
308	483
308	622
308	660
308	668
308	728
308	776
308	882
308	906
308	956
309	389
309	476
309	558
309	598
309	757
309	777
309	919
311	458
311	482
311	483
311	506
311	576
311	605
311	680
311	683
311	713
311	769
311	793
311	829
311	861
311	923
311	992
312	383
312	497
312	514
312	706
312	768
312	796
312	859
312	886
313	437
313	646
313	875
314	482
314	491
314	654
314	683
314	925
314	941
315	610
315	663
315	835
316	364
316	394
316	402
316	428
316	547
316	625
316	681
316	753
316	758
316	881
316	888
316	891
316	914
316	951
316	967
316	985
317	326
317	502
317	750
317	988
318	386
318	402
318	445
318	477
318	483
318	591
318	607
318	611
318	683
318	802
318	858
318	861
318	869
318	927
318	979
319	428
319	445
319	479
319	556
319	625
319	696
319	833
319	899
319	951
319	999
320	524
320	544
320	633
320	866
320	909
320	918
322	587
322	629
322	660
322	692
322	926
323	387
323	415
323	664
323	779
323	895
324	414
324	440
324	623
324	878
324	983
325	419
325	580
325	684
325	764
325	942
325	985
326	345
326	409
326	596
326	811
326	988
327	368
327	420
327	580
327	784
327	802
327	850
327	879
327	887
327	932
327	935
327	993
328	341
328	382
328	403
328	497
328	525
328	716
328	886
328	950
329	356
329	383
329	460
329	478
329	605
329	612
329	670
329	683
329	709
329	758
329	807
329	862
329	887
329	989
330	578
330	770
331	440
331	810
332	392
332	508
332	646
332	672
332	890
333	409
333	465
333	500
333	711
333	743
333	908
333	910
334	409
334	570
334	639
334	930
335	419
335	478
335	499
335	607
335	622
335	694
335	758
335	871
335	893
335	906
336	643
336	697
336	862
336	918
336	977
336	996
336	998
337	997
338	363
338	394
338	482
338	491
338	579
338	681
338	758
338	768
338	822
338	881
339	486
339	509
339	550
339	554
339	868
339	871
341	438
341	475
341	584
341	634
341	663
341	727
341	784
341	818
342	393
342	502
342	614
342	629
342	702
342	711
342	877
342	944
343	847
343	966
344	483
344	545
344	571
344	642
344	758
344	766
344	784
344	891
345	407
345	429
345	502
345	600
345	632
345	644
345	703
345	738
345	930
346	626
346	648
346	777
347	505
347	533
347	569
347	626
347	638
347	682
347	738
347	772
347	790
348	374
348	444
348	665
348	715
348	779
348	872
349	359
349	450
349	477
349	588
349	672
349	970
350	438
350	466
350	525
350	672
350	840
350	893
351	476
351	536
351	546
351	610
351	706
351	757
351	776
351	790
351	798
351	956
352	432
352	440
352	498
352	688
352	775
353	365
353	460
353	502
353	560
353	600
353	710
353	758
353	875
353	965
353	968
354	577
354	599
354	601
354	676
354	890
354	905
354	966
355	476
355	695
355	777
355	795
355	919
355	987
356	402
356	482
356	553
356	658
356	741
356	793
356	821
356	856
357	362
357	401
357	515
357	596
357	826
357	862
357	910
357	945
358	398
358	636
358	650
358	754
358	837
358	847
358	852
359	365
359	386
359	408
359	450
359	477
359	591
359	723
359	769
359	871
359	879
359	887
359	905
360	387
360	445
360	464
360	479
360	568
360	580
360	621
360	710
360	802
360	829
360	962
361	589
361	678
362	423
362	425
362	505
362	549
362	558
362	605
362	616
362	712
363	389
363	464
363	600
363	694
363	708
363	755
363	766
363	813
363	848
363	989
364	607
364	670
364	758
364	985
364	999
365	439
365	737
365	739
365	747
365	760
365	765
365	787
365	875
365	963
365	968
366	543
366	761
366	933
367	545
367	716
367	766
367	769
367	798
367	848
367	932
367	945
368	449
368	646
368	707
368	869
368	894
369	611
370	467
370	490
370	688
370	852
371	494
371	727
372	399
372	408
372	449
372	580
372	600
372	706
372	710
372	759
372	799
372	813
373	899
374	475
374	525
374	672
374	718
374	746
374	834
374	848
374	876
375	377
375	378
375	447
375	476
375	531
375	698
375	777
375	838
375	877
375	943
376	973
377	488
377	617
377	838
377	976
378	722
378	742
378	808
378	839
378	994
379	596
379	627
379	740
379	934
380	594
381	391
381	564
381	600
381	746
381	757
381	795
381	820
381	956
382	525
382	629
382	739
382	806
382	818
382	920
382	947
382	949
383	415
383	571
383	656
383	751
383	752
383	770
383	776
383	829
383	840
383	891
383	892
383	928
383	963
384	466
384	541
384	663
384	692
384	742
384	796
384	819
384	873
385	654
385	745
386	563
386	618
386	624
386	684
386	714
386	779
386	911
386	979
387	419
387	479
387	591
387	599
387	607
387	624
387	871
387	890
387	938
388	403
388	516
388	598
388	651
388	694
388	703
388	758
389	537
389	545
389	546
389	598
389	660
389	673
389	683
389	787
389	798
389	843
389	924
389	936
390	430
390	606
391	401
391	434
391	546
391	584
391	738
391	744
391	759
391	846
391	880
391	898
391	936
393	407
393	469
393	542
393	701
393	711
393	731
393	759
393	774
393	885
393	930
394	399
394	482
394	538
394	560
394	624
394	713
394	737
394	851
394	897
394	933
394	999
395	414
395	553
395	566
395	612
395	643
395	866
395	923
395	933
395	998
396	413
397	407
397	418
397	502
397	600
397	712
397	790
397	843
397	880
397	924
398	473
398	490
398	620
398	630
398	764
399	479
399	670
399	928
399	945
400	522
401	423
401	495
401	537
401	546
401	641
401	648
401	744
401	776
401	784
401	846
401	873
401	880
402	478
402	642
402	681
402	774
402	793
402	802
402	861
402	866
402	985
403	483
403	545
403	598
403	599
403	600
403	610
403	759
403	855
403	856
403	880
403	928
405	440
406	577
406	676
406	760
406	858
406	962
406	966
407	633
407	652
407	743
407	993
408	449
408	481
408	501
408	600
408	700
408	863
408	916
408	951
408	955
409	454
409	462
409	632
409	633
409	743
409	826
409	877
410	524
410	613
410	647
410	654
410	701
410	734
410	909
410	993
411	422
411	465
411	764
411	847
412	426
412	499
412	595
412	628
412	639
412	697
412	842
412	933
412	936
413	548
413	613
413	925
414	473
414	506
414	520
414	527
414	548
414	566
414	749
414	752
414	775
414	881
415	460
415	470
415	477
415	479
415	580
415	642
415	769
415	871
415	905
416	423
416	712
416	986
417	613
417	669
418	537
418	632
418	884
418	930
419	568
419	802
419	822
419	855
419	914
420	439
420	513
420	673
420	687
420	706
420	768
420	787
420	848
420	950
420	963
420	965
421	639
421	671
421	733
421	774
421	909
422	435
422	445
422	684
422	696
422	829
422	832
422	888
422	929
422	932
423	424
423	429
423	524
423	592
423	632
423	652
423	666
423	813
423	826
423	990
424	429
424	546
424	640
424	654
424	702
424	712
424	877
424	884
424	908
424	993
425	462
425	469
425	540
425	614
425	615
425	738
425	952
425	991
426	643
426	654
426	671
426	771
426	774
426	945
426	971
426	998
427	602
427	724
427	774
427	781
427	917
427	923
427	928
427	971
427	977
428	468
428	605
428	680
428	792
428	807
428	999
429	495
429	729
429	826
429	990
430	573
430	740
430	782
430	934
431	557
431	809
432	523
432	566
432	667
432	764
432	959
432	978
433	548
433	724
433	912
433	917
433	936
434	462
434	626
434	712
434	743
434	898
435	556
435	650
435	737
435	858
436	984
437	521
437	560
437	621
437	679
438	586
438	656
438	672
439	449
439	470
439	483
439	494
439	568
439	679
439	742
439	746
439	794
439	840
439	848
439	893
439	949
440	472
440	548
440	636
440	939
441	532
441	674
442	476
442	570
442	629
442	663
442	665
442	819
442	860
443	697
443	733
444	549
444	715
444	984
445	890
445	895
445	970
447	497
447	584
447	673
447	727
447	902
448	500
448	502
448	524
448	542
448	570
448	606
448	626
448	682
448	877
449	535
449	575
449	709
449	769
449	784
449	855
449	862
449	897
449	967
450	823
450	893
450	968
451	661
451	666
452	488
452	513
452	585
452	634
452	843
452	943
452	976
454	626
456	524
456	596
456	717
456	740
456	853
456	910
457	497
457	499
457	595
457	642
457	700
457	875
458	498
458	544
458	654
458	697
458	701
458	734
458	761
458	971
458	972
460	497
460	587
460	676
460	679
460	687
460	721
460	839
460	963
461	471
461	668
462	622
462	648
462	689
462	790
462	795
462	846
462	990
464	499
464	538
464	605
464	615
464	710
464	723
464	739
464	840
464	856
464	902
464	919
465	516
465	658
465	670
465	689
465	865
465	870
465	916
466	505
466	516
466	585
466	586
466	616
466	634
466	742
466	766
468	556
468	676
468	714
468	728
468	862
468	894
468	968
469	505
469	546
469	604
469	622
469	877
469	986
470	475
470	554
470	607
470	728
470	769
470	893
470	932
470	962
471	525
471	757
472	482
472	998
473	520
473	624
473	650
473	905
474	480
474	483
474	492
474	563
474	591
474	751
475	583
476	540
476	815
477	560
477	760
477	829
477	891
477	907
477	911
477	938
477	992
478	570
478	734
478	741
478	927
478	941
478	985
479	649
479	676
479	683
479	792
479	895
479	897
479	911
479	968
480	586
480	595
480	607
480	621
480	738
480	742
480	799
480	951
480	967
481	515
481	538
481	654
481	670
481	680
481	738
481	861
482	498
482	501
482	710
482	734
482	807
482	908
482	985
483	799
483	855
483	863
483	886
483	928
483	963
483	968
485	602
485	613
485	745
485	944
485	977
486	511
486	868
488	493
488	719
488	834
488	849
490	847
491	624
491	649
491	681
491	744
491	793
491	861
491	875
491	916
492	618
492	662
492	696
492	932
492	979
494	747
494	839
494	958
495	564
495	614
495	638
495	668
495	671
495	738
495	798
495	820
495	826
495	860
497	586
497	723
497	742
497	746
497	796
497	818
497	965
497	967
498	548
498	639
498	658
498	862
498	941
499	600
499	687
499	716
499	759
499	769
499	800
499	898
500	533
500	572
500	596
500	703
500	884
501	708
501	713
501	814
501	846
501	850
501	953
502	592
502	616
504	551
504	900
505	516
505	614
505	808
505	836
505	848
505	873
506	530
506	612
506	628
506	781
506	922
506	977
507	590
507	782
508	509
509	686
509	970
509	984
512	948
513	575
513	665
513	738
513	873
514	531
514	954
514	957
514	965
515	661
515	689
515	814
515	885
515	908
515	917
515	953
515	981
515	991
516	546
516	711
516	712
516	795
516	808
516	898
517	704
519	609
519	625
519	662
519	723
519	837
519	869
519	890
519	932
520	851
520	864
521	747
521	779
521	840
521	895
521	949
521	966
522	788
523	805
523	985
524	596
524	627
524	671
524	694
524	708
524	866
525	672
525	840
526	725
526	868
527	694
527	730
527	781
527	852
527	922
529	612
529	642
529	658
529	689
529	714
529	729
529	734
529	917
530	732
531	569
531	641
531	653
531	660
531	698
531	859
531	920
531	986
532	982
533	549
533	619
533	638
533	708
533	772
533	973
534	587
534	780
535	554
535	679
535	716
535	723
535	762
535	875
535	935
535	963
536	768
536	903
537	710
537	759
537	813
537	860
538	552
538	564
538	614
538	683
538	860
538	865
538	908
539	812
541	546
541	727
541	744
541	777
541	797
542	666
543	552
543	643
543	827
543	878
543	885
543	923
543	925
544	745
544	775
544	783
545	571
545	660
545	670
545	709
545	728
545	769
545	784
545	798
545	950
545	953
546	622
546	632
546	683
546	712
546	743
546	766
546	846
546	898
546	954
546	986
547	599
547	929
547	999
549	772
549	777
549	843
549	873
549	903
550	984
551	894
551	900
552	628
552	753
552	755
552	761
552	851
552	863
552	887
552	925
552	998
553	582
553	650
553	774
553	802
554	621
554	694
555	734
555	775
555	858
555	940
556	625
556	802
556	911
556	979
557	574
557	896
558	608
558	638
559	750
560	607
560	725
560	871
560	879
560	888
560	999
561	746
562	978
563	684
563	869
563	938
564	617
564	668
564	744
564	813
564	860
564	957
567	593
567	667
567	732
567	959
567	985
568	676
568	713
568	755
568	985
570	682
570	703
570	851
570	943
571	584
571	723
571	886
571	956
572	600
572	638
572	711
572	712
572	952
572	956
572	986
573	743
575	600
575	800
575	807
575	850
575	860
575	880
576	612
576	697
576	700
576	850
577	664
577	962
578	707
579	592
579	738
579	771
579	813
579	828
579	846
580	956
580	992
581	867
581	969
581	974
581	982
582	649
582	713
582	737
582	781
582	916
582	941
582	955
582	999
583	585
583	617
583	747
583	765
584	587
584	716
584	723
584	777
584	796
584	808
585	655
585	656
585	692
585	695
585	843
585	947
586	634
586	663
586	722
586	746
586	943
587	693
587	797
587	987
588	747
588	850
588	951
589	904
591	625
591	642
591	724
591	795
591	842
591	894
591	911
592	644
592	703
592	826
592	892
592	952
592	993
593	667
593	946
595	600
595	680
595	712
595	723
595	757
595	784
595	798
595	855
595	898
595	956
596	643
596	945
597	741
597	942
597	959
598	728
598	744
598	877
598	886
599	664
599	841
599	911
599	932
599	962
600	603
600	668
600	751
600	800
600	880
600	953
602	817
603	668
603	776
603	944
604	919
604	920
604	986
605	630
605	758
605	760
605	807
605	817
605	850
605	955
606	637
606	671
607	883
607	905
607	932
607	979
608	843
609	625
609	714
609	824
609	927
609	978
610	651
610	692
610	757
610	767
610	777
610	819
611	816
612	628
612	697
612	870
612	881
612	888
612	901
612	993
613	783
614	651
614	910
614	953
615	675
615	839
616	632
616	643
616	880
616	898
618	625
618	646
618	696
618	829
618	935
618	978
619	797
619	844
619	903
620	864
620	977
621	634
621	679
621	687
621	718
621	737
621	760
622	631
622	632
622	743
622	790
623	628
623	691
623	810
623	909
624	649
624	832
624	861
625	642
625	650
625	739
625	758
625	814
625	858
625	914
625	999
626	711
626	731
626	986
627	639
627	654
627	689
627	814
627	865
627	866
627	881
628	734
628	817
628	862
629	665
629	716
629	798
629	856
629	859
629	902
629	986
630	649
630	670
630	698
630	710
630	731
630	737
630	793
630	930
631	730
632	826
632	853
633	952
633	973
634	796
634	823
634	927
637	647
638	640
638	711
638	744
639	666
639	700
639	885
639	918
640	731
641	644
641	752
641	757
641	768
641	776
641	819
641	856
641	981
642	713
642	714
642	793
642	855
642	897
642	989
643	734
643	817
643	977
644	689
644	826
644	910
644	944
645	824
646	687
646	721
647	745
647	980
648	877
648	880
649	785
649	793
649	855
649	891
649	907
649	935
650	737
651	776
651	784
651	841
651	919
651	950
651	963
651	986
653	831
654	729
654	814
654	817
655	722
656	757
656	796
656	947
658	736
658	789
658	817
658	850
659	803
660	716
660	742
660	765
660	799
660	859
661	671
661	988
662	687
662	707
663	728
663	729
663	742
663	770
663	954
665	716
665	819
665	943
665	947
666	772
666	903
667	921
668	738
668	843
668	873
668	902
668	919
668	981
668	988
669	783
669	993
669	996
670	683
670	737
670	758
670	775
670	807
670	813
670	888
670	933
670	951
670	981
671	822
671	918
672	893
673	744
673	794
673	860
673	882
673	950
675	838
676	684
676	744
676	883
676	917
676	932
677	839
678	954
679	723
679	760
679	762
679	824
679	841
679	893
679	962
680	737
680	821
680	863
680	888
680	985
681	684
681	774
681	781
681	842
681	897
681	917
682	761
682	813
682	848
682	930
682	936
682	953
683	918
683	985
684	829
684	875
684	951
684	970
684	979
685	725
685	824
685	867
685	942
685	983
687	723
687	760
687	792
687	893
687	967
688	921
689	749
689	825
689	885
689	945
691	923
692	819
692	832
693	695
694	701
694	752
694	799
694	800
694	820
694	898
695	698
695	797
695	804
696	890
696	966
697	701
697	774
697	866
698	768
698	815
698	956
698	957
700	740
700	862
700	930
701	814
701	862
701	885
702	711
702	772
702	784
702	844
703	773
703	850
703	898
704	786
705	773
705	811
706	744
706	759
706	865
706	961
706	981
707	760
707	966
708	826
709	744
709	760
709	791
709	848
709	943
709	962
710	889
711	731
711	795
711	836
711	877
712	795
712	826
712	844
713	736
713	753
713	783
713	808
713	816
713	875
713	881
713	955
714	821
714	858
714	861
714	888
714	951
714	955
714	985
715	823
715	894
715	962
716	859
716	886
716	902
717	944
718	727
718	792
718	883
718	895
719	838
719	976
721	876
721	890
721	907
721	929
723	794
723	949
724	781
724	783
724	901
724	998
725	895
725	929
725	938
727	739
727	765
728	742
728	766
728	807
728	818
728	819
728	897
729	752
729	814
729	828
729	862
729	863
729	910
729	936
729	944
732	810
732	925
733	745
734	755
734	842
734	901
734	917
734	971
734	977
734	981
735	771
735	827
735	925
736	781
736	793
736	869
736	922
737	861
737	888
737	935
737	955
737	979
737	992
738	777
738	795
738	813
738	856
738	928
738	930
738	953
738	961
738	981
739	798
739	834
739	950
740	825
741	761
741	842
741	865
741	870
741	908
741	963
741	989
742	746
742	799
742	808
742	819
742	840
742	859
742	882
742	957
742	961
743	826
743	866
743	916
744	766
744	776
744	856
744	893
744	953
744	954
744	986
744	990
745	874
746	796
746	799
746	841
746	954
747	902
751	800
751	855
751	871
752	784
752	793
752	843
752	850
752	863
752	906
752	936
753	761
753	817
753	863
753	878
753	940
753	955
753	985
755	793
755	842
755	863
755	866
755	912
755	927
755	930
755	941
755	971
757	808
759	784
759	884
759	892
759	953
759	981
760	802
760	841
760	932
760	949
760	979
760	992
761	781
761	944
761	977
762	764
762	769
762	893
762	935
762	975
763	804
764	869
764	914
764	985
766	799
766	818
766	846
766	848
766	882
766	906
766	950
766	956
766	961
767	797
768	961
768	965
769	963
769	967
770	868
771	774
771	945
773	782
774	914
774	916
775	901
776	856
776	952
776	986
777	859
777	920
777	947
778	849
779	858
779	876
780	836
781	851
781	870
781	922
781	940
781	946
782	990
783	810
783	851
784	799
784	821
784	880
785	880
785	884
785	930
787	793
787	911
789	942
790	846
790	877
790	892
792	802
792	886
792	914
792	962
793	802
793	822
793	858
793	861
793	941
793	970
795	802
795	843
795	882
795	924
796	819
796	943
797	835
797	843
798	832
799	848
799	906
799	943
800	841
800	989
802	826
802	881
802	935
804	836
807	819
807	840
807	891
807	936
807	989
807	996
808	887
810	931
810	977
811	910
811	934
811	988
813	856
813	860
813	898
813	919
814	865
814	884
814	885
814	892
814	898
814	918
814	923
815	840
815	903
815	919
816	824
816	852
816	901
816	942
816	959
817	922
817	998
818	859
818	860
818	902
818	935
818	954
820	850
820	856
820	892
820	898
820	916
820	989
820	993
821	887
821	923
822	842
822	917
823	834
823	976
826	884
826	908
827	939
828	830
828	881
829	871
829	911
829	932
829	962
829	992
831	845
836	892
836	935
837	970
837	978
838	994
839	976
840	886
841	876
841	954
843	860
846	892
846	919
846	952
846	986
848	952
850	855
850	880
852	969
852	978
855	955
856	892
859	906
860	964
861	923
861	925
861	941
862	870
862	885
862	981
863	989
864	942
865	866
865	977
865	986
866	910
869	871
870	941
870	980
871	894
871	905
871	951
872	876
872	943
872	961
872	994
874	996
875	951
875	962
877	884
877	898
878	955
878	977
879	893
879	928
881	887
881	901
881	927
881	933
881	989
882	906
884	930
885	936
885	971
888	889
888	905
891	953
891	968
893	923
893	949
897	916
898	912
898	965
902	943
902	950
902	961
903	919
905	911
906	956
907	975
908	936
909	972
909	993
910	945
912	931
916	927
916	977
918	945
918	980
922	983
922	998
923	927
923	933
923	936
923	989
924	956
925	998
927	936
927	989
929	974
933	959
933	992
935	992
938	951
942	951
942	978
944	972
946	983
950	954
952	973
954	961
955	985
955	989
956	957
956	965
962	963
962	966
963	965
970	997
975	997
979	985
984	997
988	996
