0	76
0	86
0	125
0	196
0	235
0	259
0	329
0	354
0	469
0	526
0	544
0	546
0	571
0	591
0	909
0	938
0	980
1	122
1	194
1	301
1	312
1	395
1	438
1	483
1	491
1	561
1	608
1	682
1	709
1	795
1	830
1	895
1	982
2	170
2	270
2	393
2	449
2	530
2	825
2	829
2	847
2	848
2	935
2	936
3	159
3	197
3	208
3	429
3	856
4	64
4	126
4	163
4	204
4	209
4	254
4	259
4	281
4	336
4	631
4	655
4	690
4	740
4	828
5	64
5	84
5	97
5	125
5	189
5	204
5	289
5	314
5	393
5	651
5	675
5	701
5	836
5	877
5	912
5	938
5	962
5	994
6	212
6	226
6	384
6	418
6	433
6	468
6	483
6	523
6	730
6	731
6	736
6	891
6	926
6	928
6	951
6	964
7	17
7	198
7	349
7	383
7	406
7	408
7	449
7	485
7	497
7	637
7	670
7	736
7	847
7	887
7	893
7	923
8	41
8	145
8	201
8	266
8	311
8	423
8	547
8	620
8	666
8	696
8	952
9	218
9	252
9	316
9	323
9	354
9	403
9	442
9	577
9	931
10	305
10	340
10	533
10	551
10	552
10	659
10	889
11	27
11	133
11	258
11	280
11	497
11	559
11	637
12	69
12	205
12	292
12	366
12	369
12	384
12	475
12	496
12	511
12	624
12	736
12	740
12	928
12	984
13	143
13	169
13	177
13	259
13	332
13	491
13	497
13	752
13	755
13	771
13	774
13	926
13	985
14	89
14	341
14	503
14	584
14	603
14	686
14	723
14	814
14	850
14	905
14	931
15	459
15	463
15	473
15	593
15	602
15	689
15	695
15	707
15	897
15	940
15	952
16	115
16	210
16	509
16	730
17	133
17	228
17	293
17	294
17	400
17	503
17	505
17	755
18	128
18	513
18	732
18	867
18	973
19	41
19	100
19	112
19	213
19	570
19	648
19	731
19	732
19	786
19	794
19	837
19	975
20	21
20	41
20	118
20	243
20	256
20	278
20	345
20	501
20	570
20	630
20	648
20	680
20	756
20	819
20	841
20	895
21	200
21	310
21	512
21	575
21	620
21	640
21	734
21	819
21	963
21	976
21	983
22	56
22	425
22	515
22	703
23	39
23	104
23	108
23	167
23	243
23	287
23	299
23	559
23	575
23	679
23	897
23	952
24	119
24	245
24	481
24	943
25	214
25	231
25	494
25	564
25	614
25	677
25	692
25	887
26	127
26	207
26	246
26	298
26	305
26	334
26	668
26	774
26	888
26	986
27	280
27	332
27	608
27	673
27	710
27	771
28	60
28	64
28	86
28	179
28	189
28	248
28	258
28	337
28	351
28	400
28	420
28	441
28	478
28	577
28	668
28	754
28	783
28	808
28	811
28	833
28	851
28	859
28	925
28	964
29	162
29	253
29	355
29	384
29	416
29	477
29	654
29	696
29	707
30	82
30	101
30	104
30	175
30	205
30	394
30	427
30	516
30	680
30	690
30	812
30	841
30	930
31	218
31	265
31	316
31	351
31	413
31	471
31	775
31	814
32	63
32	84
32	163
32	174
32	189
32	259
32	299
32	320
32	410
32	484
32	702
32	740
32	828
32	875
32	884
32	980
32	991
33	50
33	267
33	312
33	370
33	525
33	689
33	759
33	805
33	895
34	61
34	89
34	126
34	129
34	242
34	249
34	309
34	639
34	726
34	988
35	312
35	453
35	735
36	66
36	104
36	249
36	266
36	475
36	559
36	621
36	702
36	711
36	800
37	192
37	490
37	563
37	611
37	642
37	647
37	705
37	906
37	968
39	425
40	91
40	549
40	577
40	980
41	59
41	116
41	209
41	226
41	240
41	276
41	371
41	560
41	838
41	846
41	886
42	683
43	178
43	185
43	248
43	258
43	359
43	521
43	538
43	605
43	745
43	755
43	869
43	894
43	947
43	986
44	235
44	240
44	260
44	320
44	340
44	350
44	420
44	421
44	433
44	537
44	558
44	712
44	765
44	788
44	810
44	849
44	873
44	893
44	934
44	945
44	967
44	996
45	224
45	306
45	318
45	664
45	673
47	70
47	71
47	75
47	484
47	543
47	560
47	650
47	817
47	837
47	841
48	76
48	191
48	320
48	332
48	421
48	460
48	626
48	692
48	772
48	887
48	980
49	140
49	322
49	437
49	483
49	596
49	705
49	776
49	786
49	845
50	213
50	258
50	312
50	430
50	483
50	715
50	759
50	771
51	72
51	88
51	117
51	118
51	148
51	149
51	367
51	384
51	395
51	411
51	547
51	568
51	610
51	654
51	751
51	807
52	351
52	415
52	649
52	865
52	876
53	94
53	153
53	482
53	527
53	573
53	716
53	941
55	70
55	71
55	132
55	240
55	344
55	377
55	412
55	583
55	602
55	653
55	655
55	808
55	838
55	864
55	868
55	980
55	996
56	181
56	248
56	394
56	470
56	473
56	777
56	786
56	990
57	264
57	268
57	331
57	501
57	548
57	822
57	922
57	991
58	118
58	149
58	199
58	344
58	395
58	512
58	542
58	612
58	654
58	725
58	786
58	895
58	901
58	965
58	996
59	69
59	101
59	174
59	276
59	344
59	390
59	468
59	575
59	620
59	621
59	680
59	725
59	860
59	912
59	926
59	951
59	963
60	293
60	452
60	505
60	530
60	979
61	309
61	633
61	890
62	168
62	175
62	242
62	264
62	595
62	693
62	812
63	121
63	711
63	793
63	850
63	992
64	82
64	117
64	149
64	398
64	427
64	462
64	469
64	473
64	725
64	801
64	819
64	871
64	940
64	963
65	236
66	76
66	104
66	179
66	209
66	243
66	310
66	358
66	555
66	648
66	819
66	852
66	860
66	950
67	197
67	198
67	301
67	486
67	490
67	616
67	785
67	910
68	251
68	466
68	528
68	792
68	997
69	197
69	222
69	367
69	438
69	497
69	554
69	580
69	665
69	829
70	75
70	132
70	263
70	475
70	535
70	687
70	708
70	734
70	870
71	84
71	271
71	299
71	362
71	591
71	756
71	867
71	871
71	963
72	194
72	239
72	253
72	267
72	333
72	477
72	527
72	596
72	603
72	672
72	751
72	806
72	910
72	915
73	175
73	257
73	285
73	292
73	296
73	369
73	421
73	494
73	518
73	587
73	595
73	639
73	687
73	766
73	864
73	884
73	962
74	79
74	267
74	602
74	804
74	860
74	951
74	952
75	155
75	297
75	326
75	475
75	695
75	701
75	763
75	781
75	830
75	879
75	948
76	86
76	146
76	214
76	413
76	420
76	700
76	721
76	850
77	222
77	449
77	545
77	608
77	657
77	935
77	941
77	981
79	153
79	175
79	685
79	727
80	97
80	125
80	129
80	175
80	325
80	336
80	401
80	412
80	427
80	472
80	540
80	621
80	655
80	750
80	781
80	912
80	962
80	964
81	401
81	445
81	509
81	591
81	773
81	793
81	931
82	205
82	243
82	257
82	263
82	267
82	325
82	410
82	547
82	565
82	687
82	833
82	933
83	233
83	265
83	285
83	651
83	957
84	169
84	292
84	314
84	340
84	597
84	603
84	624
84	651
84	800
84	822
84	838
84	852
84	919
84	940
84	978
85	419
85	671
85	782
86	229
86	232
86	235
86	259
86	260
86	440
86	494
86	587
86	628
86	656
86	832
86	833
86	882
86	938
87	94
87	148
87	192
87	197
87	322
87	331
87	398
87	407
87	426
87	512
87	542
87	663
87	779
88	132
88	158
88	238
88	278
88	322
88	542
88	596
88	616
88	643
88	705
88	989
89	227
89	268
89	311
89	364
89	445
89	584
89	601
89	884
90	398
90	642
90	906
90	989
91	106
91	109
91	134
91	204
91	218
91	235
91	304
91	495
91	500
91	529
91	609
91	631
91	697
91	698
91	700
91	811
91	887
91	919
91	925
91	946
92	295
92	452
92	456
92	480
92	641
92	869
93	396
93	883
94	300
95	214
95	231
95	413
95	446
95	933
96	337
96	382
96	408
96	434
96	438
96	456
96	531
96	536
96	608
96	706
96	759
96	765
96	932
97	160
97	176
97	325
97	587
97	595
97	740
97	750
97	863
97	940
97	950
97	962
97	991
98	183
98	271
98	281
98	313
98	364
98	445
98	639
98	678
98	702
98	924
98	980
99	100
99	663
99	807
99	816
100	168
100	193
100	199
100	200
100	226
100	237
100	239
100	276
100	297
100	360
100	560
100	562
100	749
100	819
100	912
100	951
101	174
101	235
101	256
101	344
101	418
101	474
101	501
101	559
101	640
101	730
101	742
101	756
101	757
101	974
102	173
102	325
102	509
102	584
102	651
102	701
103	429
104	277
104	292
104	469
104	475
104	523
104	555
104	781
104	912
106	134
106	303
106	344
106	415
106	628
106	706
106	772
106	789
106	855
106	920
107	193
107	269
107	426
107	512
107	516
107	583
107	766
107	786
107	836
107	965
107	966
107	974
108	138
108	150
108	162
108	168
108	358
108	412
108	680
108	817
108	948
109	129
109	146
109	353
109	403
109	460
109	697
109	700
109	855
109	999
110	119
110	241
110	279
110	448
110	467
110	511
110	521
110	536
110	649
110	735
110	771
110	984
110	986
112	248
112	255
112	303
112	343
112	400
112	406
112	495
112	503
112	531
112	538
112	682
112	739
112	760
112	774
112	820
112	830
112	873
112	964
113	385
113	721
113	949
113	977
114	115
114	186
114	201
114	242
114	249
114	262
114	512
114	517
115	210
115	548
116	163
116	175
116	267
116	304
116	360
116	367
116	418
116	500
116	540
116	606
116	692
116	772
116	842
117	169
117	213
117	343
117	382
117	523
117	557
117	560
117	626
117	648
117	666
117	748
117	820
117	846
117	860
118	149
118	193
118	211
118	239
118	276
118	278
118	333
118	355
118	411
118	562
118	568
118	612
118	663
118	901
118	915
118	990
119	279
119	389
119	511
119	780
120	179
120	321
120	359
120	364
120	431
120	504
120	554
120	558
120	606
120	810
120	849
120	891
121	134
121	354
121	380
121	678
121	931
122	197
122	300
122	301
122	393
122	486
122	738
123	629
124	390
124	401
125	175
125	189
125	262
125	285
125	325
125	427
125	475
125	513
125	518
125	540
125	595
125	675
125	850
125	884
125	991
126	309
126	450
126	539
126	565
126	650
126	708
126	844
126	884
126	921
126	931
126	980
127	215
127	241
127	245
127	834
127	888
127	943
127	979
128	285
128	399
128	451
128	987
129	132
129	175
129	349
129	462
129	475
129	500
129	571
129	587
129	595
129	675
129	974
129	978
130	270
130	273
130	324
130	490
130	738
130	797
130	995
131	152
131	261
131	279
131	294
131	436
131	489
131	507
131	607
131	826
131	893
131	900
132	149
132	226
132	229
132	267
132	292
132	314
132	393
132	462
132	496
132	559
132	560
132	572
132	620
132	740
132	766
132	785
132	877
132	928
132	936
132	975
133	134
133	307
133	418
133	435
133	467
133	495
133	502
133	538
133	558
133	618
133	665
133	774
133	833
133	888
133	889
133	893
134	334
134	338
134	356
134	418
134	433
134	682
134	739
134	749
134	825
134	830
134	833
134	928
134	933
134	967
135	960
136	435
136	564
136	607
136	789
137	248
137	280
137	502
137	608
137	613
137	739
137	749
137	765
137	805
137	825
138	168
138	330
138	684
140	148
140	158
140	324
140	355
140	661
140	704
140	845
141	274
141	417
141	493
141	551
141	762
141	953
142	189
142	240
142	281
142	342
142	380
142	450
142	460
142	472
142	500
142	537
142	688
142	946
143	145
143	148
143	188
143	199
143	239
143	370
143	374
143	437
143	477
143	525
143	544
143	558
143	596
143	690
143	795
144	266
144	268
144	342
144	570
144	785
144	860
145	169
145	266
145	301
145	410
145	559
145	643
145	648
145	653
145	741
145	766
145	886
145	915
145	974
146	155
146	196
146	230
146	380
146	460
146	532
146	842
146	921
146	933
146	951
146	985
147	178
147	207
147	293
147	349
147	363
147	503
147	587
147	618
147	691
147	706
148	158
148	181
148	238
148	310
148	394
148	457
148	477
148	519
148	619
148	647
148	666
148	705
148	751
148	948
149	201
149	211
149	212
149	222
149	367
149	512
149	610
149	715
149	759
149	785
149	865
149	951
150	162
150	287
150	402
150	515
150	897
150	952
151	245
151	275
151	942
152	207
152	337
152	467
152	561
152	641
152	738
152	847
152	888
152	969
153	437
153	596
153	820
153	827
153	945
154	671
154	923
155	169
155	285
155	460
155	472
155	595
155	736
155	766
155	938
156	169
156	223
156	314
156	525
156	580
156	588
156	626
156	689
156	695
156	748
156	925
156	928
156	956
156	997
158	193
158	226
158	270
158	278
158	616
158	705
158	709
158	936
159	328
159	623
160	265
160	316
160	323
160	539
160	557
160	700
160	721
160	850
161	181
161	202
161	426
161	449
161	791
162	193
162	366
162	501
162	516
162	556
162	622
162	652
162	695
162	797
162	838
162	874
162	965
162	968
163	341
163	523
163	557
163	621
163	686
163	700
163	772
163	811
163	873
163	882
163	933
163	940
163	952
164	180
164	242
164	285
164	403
164	413
164	445
164	450
164	558
164	571
164	584
164	601
164	686
164	688
164	708
164	808
164	978
164	991
165	393
165	486
165	589
165	597
165	611
165	892
166	453
167	181
167	366
167	407
167	426
167	541
167	619
167	696
167	704
167	807
167	995
168	290
168	345
168	804
168	819
168	841
169	259
169	301
169	329
169	433
169	496
169	514
169	538
169	558
169	590
169	624
169	651
169	736
169	820
169	886
169	912
169	925
170	172
170	192
170	657
170	847
171	212
171	260
171	314
171	370
171	371
171	651
171	723
171	757
171	766
171	951
171	956
171	961
171	975
172	222
172	225
172	301
172	508
172	589
172	599
172	715
173	282
173	309
173	475
173	478
173	584
173	660
173	701
173	838
173	882
173	972
174	181
174	250
174	257
174	268
174	333
174	369
174	371
174	675
174	756
174	790
174	975
175	195
175	228
175	285
175	309
175	325
175	390
175	540
175	546
175	557
175	587
175	750
176	210
176	282
176	325
176	390
176	450
176	475
176	494
176	555
176	583
176	603
176	651
176	852
176	868
177	332
177	566
177	599
177	674
177	739
177	765
177	805
177	829
177	855
177	910
177	926
177	935
178	203
178	207
178	248
178	466
178	511
178	576
178	749
178	752
178	847
178	935
178	979
178	982
179	196
179	254
179	303
179	441
179	478
179	504
179	558
179	571
179	692
179	745
179	754
179	760
179	796
179	999
180	186
180	297
180	336
180	540
180	544
180	621
180	884
181	411
181	568
181	574
181	654
181	965
182	541
182	611
182	728
182	785
182	854
183	392
183	844
184	235
184	308
184	408
184	433
184	713
184	735
184	825
184	830
184	891
184	954
185	223
185	301
185	343
185	400
185	409
185	483
185	558
185	618
185	674
185	771
185	805
185	828
185	891
185	923
186	249
186	392
186	397
186	450
186	463
186	645
186	700
186	708
186	860
186	871
186	948
187	301
187	349
187	382
187	406
187	502
187	530
187	554
187	673
187	765
187	774
187	836
187	917
187	935
188	508
188	563
189	223
189	259
189	263
189	320
189	364
189	440
189	546
189	651
189	682
189	798
189	844
189	865
189	875
189	909
189	980
190	841
190	879
191	321
191	368
191	440
191	485
191	532
191	609
191	658
191	697
191	698
191	772
192	322
192	437
192	665
192	738
192	847
192	878
193	237
193	250
193	256
193	344
193	402
193	423
193	468
193	516
193	572
193	648
193	786
193	795
193	948
193	951
193	983
194	204
194	278
194	444
194	542
194	554
195	410
195	475
195	750
195	754
195	851
195	864
196	368
196	380
196	433
196	441
196	442
196	736
196	750
196	772
196	796
196	811
196	829
196	849
196	882
196	920
197	243
197	273
197	393
197	428
197	437
197	654
197	696
197	910
198	382
198	406
198	485
198	637
198	752
198	842
198	969
199	201
199	211
199	229
199	263
199	269
199	355
199	377
199	398
199	447
199	554
199	580
199	589
199	612
199	892
199	915
200	344
200	366
200	523
200	567
200	568
200	572
200	613
200	636
200	695
200	703
200	990
201	220
201	372
201	567
201	579
201	602
201	644
201	785
201	990
202	270
202	663
203	616
203	664
203	670
203	748
203	752
203	901
204	205
204	343
204	540
204	603
204	672
204	911
204	951
205	229
205	366
205	371
205	460
205	555
205	690
205	730
205	756
205	781
205	870
205	950
206	207
206	302
206	343
206	435
206	458
206	788
206	894
206	942
206	947
207	349
207	356
207	383
207	409
207	480
207	495
207	511
207	755
207	760
207	795
207	842
207	865
207	888
207	979
208	429
208	461
209	287
209	559
209	640
209	740
209	763
209	807
209	950
210	397
210	463
210	509
210	740
210	750
210	987
211	213
211	229
211	253
211	258
211	356
211	412
211	588
211	643
211	805
211	912
211	917
211	945
212	269
212	301
212	331
212	355
212	367
212	444
212	477
212	512
212	785
212	917
213	222
213	234
213	255
213	301
213	312
213	377
213	434
213	525
213	580
213	588
213	666
213	833
213	925
214	221
214	227
214	533
214	793
214	999
215	442
215	964
216	264
216	399
216	867
217	279
217	389
217	467
217	544
217	712
217	932
217	947
218	766
218	802
218	957
219	233
219	341
219	549
219	628
219	859
219	924
220	330
220	703
220	728
221	357
221	577
221	599
221	659
221	721
221	759
221	833
221	851
221	909
221	919
222	253
222	491
222	512
222	525
222	527
222	561
222	665
222	829
222	895
222	926
223	281
223	316
223	440
223	441
223	537
223	760
223	864
223	870
223	928
223	984
224	492
225	429
225	661
225	816
226	379
226	394
226	512
226	624
226	663
226	751
226	807
226	846
226	915
226	956
226	965
227	232
227	233
227	304
227	347
227	354
227	413
227	553
227	775
228	252
228	458
228	614
228	668
228	714
228	832
228	955
228	970
229	260
229	367
229	420
229	483
229	690
229	731
229	766
229	822
229	978
230	351
230	422
230	529
230	615
230	646
231	240
231	818
231	862
231	866
231	887
231	898
231	946
231	957
232	265
232	698
232	999
233	265
233	316
233	354
233	413
233	446
233	592
233	656
233	678
233	775
234	239
234	266
234	310
234	568
234	690
234	736
234	886
234	948
235	304
235	323
235	343
235	421
235	475
235	478
235	609
235	682
235	772
235	821
235	865
235	873
235	928
235	980
236	251
236	670
236	929
237	310
237	394
237	444
237	487
237	510
237	515
237	567
237	579
237	610
237	666
237	680
237	695
237	725
237	741
237	757
237	786
237	807
237	983
238	277
238	373
238	568
238	619
238	642
238	807
238	840
238	854
238	936
239	266
239	284
239	331
239	367
239	554
239	837
239	838
239	963
240	298
240	329
240	438
240	544
240	790
240	938
241	334
241	467
241	649
241	712
241	787
242	268
242	285
242	326
242	342
242	693
242	726
242	857
242	868
242	904
243	266
243	297
243	533
243	757
244	376
244	422
244	551
244	668
244	858
244	859
244	876
245	306
245	480
246	359
246	406
246	415
246	417
246	436
246	495
246	536
246	667
246	888
246	920
246	959
247	306
247	434
247	449
247	456
247	466
247	521
247	564
247	713
247	969
248	258
248	307
248	359
248	408
248	491
248	531
248	564
248	626
248	739
248	748
248	765
248	851
248	887
248	985
249	262
249	309
249	379
249	518
249	639
249	857
249	940
250	267
250	402
250	491
250	570
250	666
250	672
250	687
250	690
250	695
250	790
250	978
251	545
252	265
252	321
252	368
252	772
252	921
252	955
252	998
253	384
253	395
253	411
253	544
253	596
253	636
253	696
253	776
253	806
253	944
254	260
254	408
254	433
254	478
254	531
254	577
254	601
254	628
254	659
254	788
254	818
255	293
255	374
255	454
255	561
255	739
255	847
256	310
256	439
256	447
256	515
256	636
256	817
256	917
257	263
257	281
257	312
257	420
257	423
257	469
257	484
257	513
257	603
257	904
257	951
257	966
258	521
258	522
258	531
258	893
258	921
259	320
259	359
259	560
259	672
259	697
259	811
259	828
259	852
259	875
259	939
259	951
259	980
260	289
260	343
260	360
260	433
260	441
260	448
260	628
260	667
260	692
260	748
260	783
260	788
260	833
260	859
260	961
260	964
261	691
261	876
262	296
262	325
262	639
262	811
262	838
262	966
263	368
263	380
263	447
263	621
263	650
263	651
263	732
263	753
263	781
263	795
263	808
263	877
263	951
264	284
264	299
264	344
264	345
264	358
264	474
264	535
264	635
264	682
264	684
264	867
264	950
264	973
265	304
265	413
265	571
265	773
265	908
266	410
266	512
266	570
266	579
266	655
266	730
266	781
266	822
266	863
266	915
266	974
267	368
267	420
267	648
267	666
267	890
267	944
268	693
268	727
268	864
268	950
268	972
269	527
269	561
269	566
269	643
269	704
269	748
269	819
269	840
269	886
269	897
269	912
269	944
269	948
270	647
270	654
270	699
271	326
271	371
271	380
271	484
271	591
271	668
271	796
271	800
271	919
272	334
272	485
272	514
272	607
272	706
273	301
273	384
273	416
273	486
273	522
273	654
274	303
274	334
274	504
274	514
274	865
274	970
275	348
276	322
276	427
276	525
276	636
276	643
276	715
276	781
277	315
277	619
277	629
277	644
278	416
278	612
278	652
278	707
278	742
278	840
278	990
279	340
279	422
279	606
279	746
279	787
280	452
280	497
280	589
281	445
281	656
281	697
281	702
281	980
282	450
282	463
282	469
282	513
282	547
282	701
282	812
282	930
282	994
283	348
283	436
284	299
284	345
284	474
284	635
284	727
285	403
285	472
285	546
285	565
285	584
285	595
285	708
285	800
285	966
286	381
286	432
286	586
286	732
286	757
286	916
287	394
287	593
287	630
287	666
287	896
288	315
288	424
288	439
288	547
288	559
288	622
288	685
288	703
288	971
289	370
289	624
289	653
289	740
289	760
289	771
289	828
289	836
290	570
290	574
290	622
290	854
290	936
291	296
291	353
291	702
291	773
291	850
292	369
292	540
292	569
292	730
292	736
292	766
292	820
292	828
292	877
293	337
293	361
293	378
293	383
293	393
293	435
293	511
293	597
293	605
293	713
293	798
293	823
293	984
294	378
294	467
294	480
294	489
294	641
294	649
294	657
295	306
295	383
295	453
295	466
295	489
295	891
296	790
296	882
296	988
297	372
297	379
297	525
297	602
297	730
297	807
297	860
298	340
298	370
298	430
298	674
298	787
298	823
298	833
298	928
298	964
298	982
299	372
299	432
299	450
299	515
299	559
299	653
299	690
299	693
299	722
299	757
299	763
299	837
300	486
300	981
300	989
301	333
301	355
301	374
301	419
301	522
301	616
301	735
301	807
301	878
302	872
303	308
303	408
303	505
303	536
303	558
303	571
303	577
303	668
303	939
304	353
304	354
304	957
305	532
305	658
306	456
306	522
306	641
307	400
307	434
307	521
307	637
307	657
307	735
307	749
307	752
307	964
307	969
308	359
308	418
308	614
308	798
308	855
308	954
308	956
308	959
309	362
309	513
309	650
309	812
309	950
310	394
310	640
310	897
310	930
310	983
310	994
311	401
311	517
311	540
311	639
312	393
312	496
312	502
312	566
312	637
312	715
312	729
312	895
312	975
313	445
314	323
314	560
314	565
314	672
314	765
314	871
314	985
314	991
315	487
316	992
318	319
318	456
318	466
318	834
319	434
319	604
319	839
320	591
320	603
320	605
320	675
320	800
320	865
320	999
321	332
321	351
321	408
321	435
321	536
321	537
321	558
321	667
321	668
321	774
321	801
321	828
321	894
321	970
322	395
322	438
322	643
322	797
322	892
323	380
323	418
323	494
323	538
323	544
323	624
323	633
323	658
323	771
323	832
323	855
323	954
324	644
325	326
325	380
325	557
325	577
325	595
325	660
325	852
325	921
325	994
326	403
326	517
326	879
327	361
327	545
327	634
327	691
327	710
328	604
328	813
329	370
329	400
329	500
329	503
329	590
329	606
329	618
329	655
329	820
329	873
329	904
329	911
330	388
330	439
330	567
330	642
330	707
330	725
330	968
331	438
331	612
331	695
331	696
331	751
331	915
331	944
332	383
332	566
332	605
332	606
332	628
332	682
332	805
332	855
332	923
332	925
332	928
333	338
333	355
333	395
333	483
333	508
333	599
333	670
333	707
333	725
333	923
334	780
334	984
334	986
335	649
335	676
335	770
335	834
336	341
336	390
336	595
336	650
336	672
336	675
336	700
336	793
336	875
336	884
336	909
337	370
337	382
337	406
337	440
337	605
337	667
337	735
337	752
337	798
337	959
337	996
338	371
338	384
338	564
338	588
338	827
338	829
338	830
338	982
340	383
340	437
340	505
340	538
340	626
340	672
340	766
340	798
340	828
340	964
341	353
341	500
341	582
341	688
341	924
341	977
342	474
342	503
342	540
342	726
342	857
342	890
342	972
343	408
343	433
343	485
343	550
343	566
343	624
343	676
343	828
343	829
343	830
343	882
343	907
343	909
343	925
343	985
344	371
344	423
344	440
344	648
344	690
344	708
344	756
344	860
344	871
344	912
344	951
345	983
346	425
346	568
346	630
346	963
347	493
347	931
347	992
349	370
349	442
349	507
349	538
349	674
349	755
349	772
349	825
349	891
349	917
349	956
350	566
350	590
350	608
350	667
350	806
351	494
351	849
351	875
351	884
351	887
351	889
351	911
351	920
351	946
351	947
351	959
351	970
352	429
352	528
352	599
352	608
352	670
352	673
352	682
352	718
352	964
353	364
353	540
353	628
353	865
353	924
354	446
354	700
355	397
355	477
355	580
355	606
355	663
355	776
355	806
356	363
356	383
356	478
356	483
356	494
356	496
356	504
356	505
356	603
356	766
356	788
356	982
357	780
358	416
358	432
358	583
358	612
358	684
358	693
358	838
359	376
359	431
359	577
359	618
359	658
359	798
359	824
359	873
359	894
359	920
359	984
360	433
360	618
360	739
360	754
360	798
360	830
360	894
360	909
360	923
360	961
360	967
361	378
361	419
361	997
362	543
362	602
362	603
362	648
362	723
362	732
362	864
363	408
363	605
363	637
363	787
363	894
363	947
364	478
364	701
364	750
364	773
364	833
364	837
364	908
364	925
364	991
364	999
365	415
365	435
365	714
365	733
365	746
365	894
365	898
365	914
366	572
366	652
366	685
366	696
366	948
367	420
367	447
367	512
367	540
367	599
367	612
367	772
367	886
367	895
368	731
368	999
369	410
369	427
369	512
369	655
369	687
369	695
369	822
369	836
369	846
370	374
370	400
370	438
370	444
370	462
370	554
370	620
370	748
370	753
370	766
370	805
370	807
371	390
371	402
371	410
371	427
371	651
371	686
371	731
371	790
371	808
371	821
371	836
371	877
371	948
371	967
372	474
372	515
372	630
372	707
372	846
372	904
372	936
374	433
374	576
374	616
374	753
374	806
377	427
377	503
377	651
377	731
377	759
377	796
377	805
377	911
377	951
378	456
378	616
378	634
378	649
378	826
378	849
378	893
378	986
379	540
379	567
379	577
379	596
379	620
379	666
379	725
379	785
379	948
379	974
380	390
380	463
380	472
380	513
380	546
380	601
380	603
380	857
380	870
380	875
380	884
380	909
380	962
382	400
382	434
382	458
382	527
382	531
382	608
382	765
382	788
382	910
382	979
383	448
383	449
383	511
383	558
383	608
383	649
383	712
383	847
383	943
383	964
384	759
384	771
384	822
384	974
385	625
386	387
386	426
386	457
386	459
386	610
386	699
386	936
387	457
387	477
387	541
387	574
387	807
388	751
389	430
389	436
389	706
389	891
389	894
390	595
390	650
390	708
390	790
390	793
390	904
390	951
390	991
391	476
393	637
393	771
393	783
393	830
394	574
394	586
394	790
395	589
395	689
395	699
395	819
395	912
396	716
396	792
397	684
397	726
397	732
398	527
398	580
398	587
398	596
398	751
398	901
398	910
398	944
400	496
400	511
400	590
400	605
400	745
400	771
400	842
400	847
400	855
401	517
401	645
402	444
402	468
402	560
402	580
402	740
402	765
402	974
402	990
402	996
403	495
403	500
403	702
403	772
403	832
403	884
403	887
403	946
404	422
404	549
404	550
404	764
404	881
406	435
406	491
406	566
406	613
406	637
406	745
406	774
406	842
406	907
407	477
407	696
408	531
408	537
408	605
408	740
408	842
408	873
408	888
408	939
409	485
409	531
409	783
409	790
409	798
409	849
410	420
410	427
410	675
410	723
410	817
410	820
410	833
410	838
410	852
410	877
410	967
410	975
411	444
411	547
411	560
411	652
411	696
411	705
411	785
411	902
411	989
412	501
412	837
412	841
412	852
412	928
412	948
412	962
413	431
413	526
413	533
413	700
413	773
413	790
414	465
415	503
415	538
415	577
415	713
415	787
415	859
415	888
415	920
416	562
416	610
416	612
416	707
416	783
416	902
416	906
416	948
417	603
417	632
417	789
417	932
417	947
418	440
418	577
418	601
418	609
418	658
418	748
418	754
418	927
418	928
418	932
418	933
418	939
418	959
418	964
418	985
419	813
419	826
419	941
419	981
420	620
420	689
420	697
420	736
420	741
420	790
420	811
420	846
420	873
420	877
420	951
420	962
420	978
420	996
421	503
421	569
421	609
421	628
421	762
421	788
421	909
421	919
421	947
422	721
422	733
422	832
423	518
423	540
423	547
423	555
423	583
423	630
423	635
423	666
423	819
423	877
424	439
424	874
425	586
425	627
426	490
426	622
426	652
426	699
426	794
426	917
427	547
427	624
427	687
427	696
427	798
428	845
428	929
430	505
430	538
430	628
430	798
430	888
430	909
431	503
431	754
431	772
431	810
431	832
431	875
431	940
432	487
432	897
433	495
433	558
433	626
433	665
433	698
433	747
433	825
433	893
433	934
433	961
434	449
434	691
434	745
434	969
435	514
435	531
435	536
435	605
435	646
435	984
436	480
436	492
436	664
437	527
437	528
437	561
437	751
437	774
437	941
438	590
438	613
438	795
438	886
439	473
439	556
439	572
439	598
439	627
439	971
440	441
440	577
440	628
440	659
440	677
440	692
440	748
440	772
440	796
440	865
440	925
440	961
441	500
441	577
441	618
441	833
441	873
441	985
442	484
442	668
442	934
444	525
444	541
444	649
444	696
444	777
444	794
444	807
444	829
444	831
445	533
445	539
445	773
445	924
446	625
446	949
446	980
447	462
447	541
447	560
447	562
447	612
447	666
447	689
447	695
447	751
447	990
448	521
448	599
448	607
448	735
448	954
449	670
449	941
449	969
450	463
450	475
450	535
450	565
450	603
450	648
450	778
450	946
451	879
452	486
452	623
453	522
454	566
454	589
454	599
454	643
454	738
454	941
454	997
456	480
456	528
456	641
456	671
456	782
457	524
457	619
457	906
457	995
458	503
458	557
458	558
458	668
458	882
458	888
458	927
458	939
458	947
459	574
459	622
459	728
460	565
460	750
460	788
460	921
461	784
462	555
462	579
462	666
462	687
462	690
462	837
462	945
462	956
462	965
463	565
463	595
463	844
463	868
463	994
464	636
465	758
465	843
465	977
466	706
466	784
466	869
467	481
467	893
467	900
468	469
468	513
468	606
468	653
468	655
468	757
468	785
468	863
468	940
469	475
469	651
469	675
469	730
469	800
469	821
469	837
469	870
471	550
471	553
471	698
472	708
472	793
472	999
473	556
473	583
473	587
473	599
473	757
473	930
473	976
474	593
474	922
475	630
475	655
475	693
475	708
475	783
475	821
475	837
475	870
475	952
476	931
476	992
477	524
477	612
477	622
477	703
477	741
477	776
477	827
477	840
477	910
477	995
478	500
478	557
478	588
480	511
480	634
480	706
480	780
480	941
481	495
481	551
481	649
481	659
481	664
481	667
481	677
481	706
481	796
481	893
481	920
481	932
482	918
483	490
483	497
483	544
483	571
483	651
483	821
483	828
483	925
483	945
483	951
484	569
484	583
484	587
484	808
484	822
484	938
485	503
485	566
485	754
485	765
485	823
485	923
485	985
487	630
487	799
488	770
489	691
489	826
489	961
489	969
490	527
490	541
490	542
490	663
490	738
490	776
490	853
490	910
491	613
491	643
491	654
491	665
491	714
491	738
491	760
491	886
491	888
491	939
491	991
493	571
494	601
494	637
494	875
494	888
495	577
495	618
495	754
495	781
495	842
495	849
495	865
495	909
495	912
496	502
496	530
496	590
496	748
496	774
496	788
496	808
496	829
496	846
496	925
496	964
497	512
497	561
497	578
497	755
497	765
497	970
499	522
499	580
499	623
499	839
499	856
499	878
499	901
500	686
500	811
500	907
500	909
500	921
500	924
501	583
501	630
501	640
501	711
501	867
501	897
501	966
501	983
502	618
502	637
502	677
502	755
503	531
503	739
503	865
503	939
504	532
504	553
504	592
504	607
504	609
504	677
504	702
504	810
504	934
505	564
505	605
505	754
505	798
505	826
505	872
505	939
505	959
507	597
507	674
507	735
507	845
507	900
508	716
509	513
509	584
509	678
510	635
510	973
511	531
511	624
511	745
512	640
512	679
512	695
512	819
512	822
512	965
513	569
513	693
513	857
513	871
513	930
513	950
515	547
515	602
515	695
515	817
515	983
516	567
516	680
516	725
516	777
516	795
516	831
517	635
517	723
517	778
518	539
518	557
518	565
518	655
518	864
518	884
518	991
518	994
519	611
519	638
519	652
519	827
519	853
519	901
521	706
521	825
522	530
522	670
522	707
522	718
522	755
522	806
522	979
522	985
523	559
523	675
523	820
523	822
524	542
524	638
524	918
525	560
525	588
525	666
525	740
525	741
525	759
525	795
525	829
525	965
526	550
526	631
526	723
526	800
526	802
526	955
526	977
527	579
527	895
527	902
528	901
529	700
529	818
529	862
529	881
529	889
529	957
530	545
530	738
530	759
530	967
531	558
531	561
531	828
531	891
531	895
531	923
531	934
531	985
532	551
532	760
532	842
532	970
533	631
533	656
535	583
535	867
535	950
535	987
536	577
536	932
536	979
537	739
537	766
537	788
537	808
537	825
537	838
537	855
537	933
537	985
538	588
538	767
538	932
538	934
538	959
539	571
539	678
539	793
540	587
540	595
540	660
540	819
540	850
540	857
541	652
541	913
542	596
542	612
542	619
542	699
542	816
543	711
543	890
543	922
543	973
543	983
544	618
544	702
544	801
544	808
544	820
544	851
544	933
545	554
545	596
545	917
546	675
546	702
546	808
546	866
547	556
547	570
547	580
547	620
547	654
547	725
547	974
548	864
549	678
549	686
549	697
550	698
550	998
551	609
551	668
551	677
551	744
551	802
551	866
551	953
551	954
552	592
553	775
553	818
554	613
554	689
554	698
554	715
554	741
554	805
554	917
554	945
555	560
555	695
555	708
555	781
555	841
555	863
555	983
556	990
557	639
557	796
557	852
557	921
557	962
557	991
558	753
558	765
558	895
558	923
558	928
559	612
559	690
559	725
559	730
559	756
559	769
559	781
559	963
560	626
560	651
560	756
560	841
560	877
561	613
561	616
561	671
561	673
561	749
561	816
561	915
561	923
562	628
562	751
562	777
562	806
562	807
562	901
562	936
563	642
563	709
563	738
563	827
564	760
564	805
565	591
565	603
565	621
565	688
565	701
565	800
565	870
566	665
566	774
566	808
566	830
566	833
566	894
566	923
566	940
566	982
567	877
567	968
567	983
567	990
568	695
568	854
568	902
568	978
568	990
568	995
569	591
569	700
569	702
569	750
569	800
569	962
570	572
570	725
570	948
570	990
571	659
571	668
571	726
571	775
571	921
571	946
572	602
572	610
572	952
573	794
573	827
575	583
575	734
575	819
575	963
576	670
576	738
576	755
576	794
576	816
577	605
577	621
577	775
577	825
577	850
577	970
578	599
578	637
579	602
579	610
579	637
579	707
579	819
580	610
580	652
580	654
580	794
580	797
580	878
580	901
580	915
582	595
582	693
582	775
582	850
582	924
583	593
583	630
583	854
583	897
583	963
583	983
584	692
584	701
584	773
584	991
585	905
587	614
587	650
587	790
587	991
587	999
588	665
588	689
588	753
588	771
588	795
588	855
588	895
588	926
588	978
589	709
589	738
590	739
590	745
590	830
590	926
590	962
590	982
591	659
591	675
591	700
591	723
591	875
591	884
591	921
593	648
593	701
593	703
593	952
595	650
595	659
595	690
595	708
595	766
595	790
595	844
595	851
595	868
595	870
595	991
596	613
596	624
596	696
596	715
596	741
596	776
596	941
597	745
598	644
599	710
599	794
599	797
599	941
601	750
601	793
601	884
601	946
601	962
601	980
602	644
602	679
602	725
602	732
602	974
603	693
603	837
603	991
604	942
605	700
605	765
605	894
605	930
605	939
606	624
606	714
606	805
606	825
606	855
606	925
606	945
607	668
607	767
608	682
608	759
608	795
608	847
608	891
609	658
609	659
609	824
609	832
609	833
609	919
609	921
609	933
610	612
610	663
610	776
610	786
610	965
611	776
611	831
611	913
612	715
612	841
612	902
612	917
612	948
613	637
613	643
613	729
613	774
613	795
613	806
614	658
614	659
614	810
614	889
614	934
615	780
615	858
616	643
616	751
616	917
617	784
618	692
618	753
618	846
618	919
618	925
618	947
618	985
619	636
619	777
619	785
619	807
619	911
620	652
620	886
621	837
621	851
621	866
621	884
621	962
621	980
622	707
622	877
622	971
623	809
624	675
624	682
624	762
624	766
624	808
624	822
624	911
624	912
624	923
626	698
626	759
626	766
626	926
626	933
626	966
626	980
627	685
627	971
628	678
628	801
628	855
628	865
628	925
628	933
628	947
628	959
630	730
631	866
633	698
633	762
634	767
635	837
636	655
636	696
636	730
636	777
636	968
637	830
637	932
638	806
639	692
639	697
639	763
639	781
639	884
640	651
640	684
640	786
640	860
640	948
641	657
641	664
643	665
643	776
643	840
645	931
645	980
646	744
646	810
646	914
647	840
648	819
648	948
649	712
649	746
649	767
649	932
650	655
650	734
650	793
650	811
650	963
651	680
651	736
651	783
651	808
651	852
651	996
652	707
652	728
652	777
652	837
652	968
653	693
653	822
653	882
654	705
654	794
654	936
655	688
655	730
655	836
655	838
655	946
656	775
656	818
656	908
657	876
657	969
658	760
658	934
658	970
659	796
659	808
659	921
660	747
660	991
661	827
662	872
663	936
663	948
663	968
665	736
665	759
665	825
666	689
666	741
666	776
666	807
666	829
666	860
666	912
666	978
667	714
667	754
667	788
667	849
667	889
667	964
667	984
667	985
668	744
668	762
668	889
668	939
670	673
670	735
670	997
671	878
672	726
672	740
672	996
673	825
674	760
674	765
674	947
675	690
675	701
675	753
675	882
675	926
676	898
676	953
677	889
678	908
680	690
680	864
680	940
680	965
682	798
682	823
682	846
682	917
682	935
682	956
684	757
684	952
686	821
687	688
687	801
687	807
687	877
688	821
688	851
688	991
688	999
689	836
689	847
689	912
690	756
690	836
690	951
690	966
690	975
691	969
692	800
692	808
692	849
692	873
692	933
692	954
693	844
693	931
695	945
695	990
696	995
697	909
697	980
697	992
698	838
698	850
698	908
698	954
699	902
699	915
699	936
699	974
700	762
700	862
700	875
700	927
700	945
700	970
701	702
701	793
701	852
701	950
701	962
701	999
702	723
703	817
703	963
704	807
704	995
705	899
705	902
706	847
706	947
706	970
707	776
707	785
707	808
708	870
708	884
709	779
709	792
709	827
710	745
710	847
710	941
711	715
711	732
711	837
711	841
711	950
712	733
712	780
713	760
713	767
713	939
713	953
714	762
714	887
714	927
715	736
715	774
715	909
716	918
717	737
721	780
721	862
721	999
722	793
722	879
722	952
722	987
723	763
723	812
723	870
725	757
725	786
725	819
725	828
725	870
725	966
725	975
726	812
726	844
726	868
726	890
727	994
728	853
729	759
729	795
729	801
729	805
729	825
729	912
729	917
729	982
731	736
731	740
731	748
731	785
731	790
731	822
731	846
731	891
731	938
731	956
732	799
732	973
733	780
733	789
733	934
734	857
734	973
735	774
735	826
735	894
735	979
736	801
736	805
736	828
736	830
736	909
736	917
736	925
736	928
736	945
738	912
738	941
739	788
739	801
739	849
739	873
739	926
739	939
739	954
739	956
739	964
739	970
740	750
740	753
740	951
741	795
741	860
741	877
741	974
744	758
745	876
745	967
746	767
746	943
747	991
748	798
748	891
748	945
748	985
749	759
749	830
749	917
750	884
750	972
751	945
752	755
752	856
752	888
753	772
753	821
753	846
753	911
753	928
754	787
754	796
754	798
754	849
754	859
755	847
756	790
756	819
756	870
756	952
757	819
758	843
758	898
759	819
759	982
760	783
760	833
760	849
760	980
762	832
763	769
763	897
764	914
765	772
765	788
765	805
765	893
765	928
766	790
766	855
766	865
766	925
766	956
766	964
768	898
769	837
769	871
769	922
770	872
770	898
771	795
771	829
771	849
771	855
771	911
771	964
772	783
772	796
772	980
772	982
773	793
773	931
774	785
774	790
774	830
774	847
774	886
774	891
774	895
774	933
774	940
775	970
776	794
776	816
776	901
777	816
777	917
778	924
779	786
779	835
779	989
780	789
780	823
780	888
780	894
780	937
780	947
782	784
783	882
783	912
785	965
786	806
786	875
786	878
786	915
787	789
787	984
788	790
788	810
788	873
788	979
789	937
790	796
790	822
790	830
790	833
790	855
790	865
790	928
792	845
793	924
794	913
794	928
795	805
796	882
796	909
796	962
797	929
798	934
798	980
799	922
800	972
801	923
801	925
802	824
802	858
802	866
805	826
805	909
805	915
805	917
805	935
805	967
806	847
806	902
807	990
808	820
808	828
808	864
808	873
808	909
810	824
811	859
811	875
811	955
811	957
812	864
818	954
818	970
818	998
820	870
820	873
821	890
822	836
822	838
824	882
824	889
824	927
825	855
825	923
825	961
827	892
828	919
828	925
828	926
828	935
828	961
830	925
830	938
830	940
830	961
830	984
832	849
832	875
832	894
832	954
833	849
833	907
833	920
833	946
833	956
833	964
834	907
835	918
836	837
836	877
836	904
836	940
836	978
837	844
837	860
837	922
837	930
838	841
838	990
841	963
842	964
843	914
844	991
846	886
846	911
846	956
847	893
847	911
847	941
847	967
847	986
848	918
848	979
849	882
849	921
849	964
850	862
851	855
851	926
852	857
852	860
852	877
852	963
855	939
855	961
855	964
855	967
858	953
859	954
860	865
860	904
860	952
863	870
863	938
863	962
863	965
863	972
864	870
864	882
864	938
865	873
865	919
865	921
865	933
865	985
866	925
867	890
870	940
873	921
873	985
874	971
875	921
875	980
876	932
876	986
877	912
878	926
880	906
881	977
882	920
887	962
888	907
888	946
888	967
889	909
889	955
889	964
891	893
891	970
892	910
892	956
895	985
897	973
901	997
902	915
904	922
905	924
908	954
908	998
909	933
909	946
911	996
912	974
917	967
919	939
919	946
920	927
920	961
921	946
921	980
922	930
922	976
923	945
923	967
924	928
924	999
925	947
925	956
925	980
925	985
927	953
928	939
930	963
930	966
933	998
933	999
942	969
945	982
945	996
946	961
948	974
948	978
948	990
949	977
950	972
951	965
951	974
952	983
953	998
956	996
959	980
961	964
964	975
970	984
970	998
972	991
984	985
