0	35
0	54
0	200
0	223
0	248
0	268
0	292
0	299
0	308
0	325
0	353
0	521
0	548
0	620
0	633
0	730
0	783
0	822
0	827
0	843
0	930
0	943
1	58
1	105
1	147
1	247
1	408
1	426
1	476
1	498
1	499
1	650
1	670
1	684
1	711
1	722
1	726
1	794
2	236
2	262
2	551
2	982
3	27
3	537
3	949
4	286
4	288
4	432
4	451
4	488
4	522
4	532
4	564
4	599
4	613
4	632
4	711
4	794
4	869
4	914
4	930
4	965
4	973
5	434
5	663
5	879
5	987
6	70
6	88
6	184
6	234
6	291
6	358
6	359
6	399
6	453
6	467
6	532
6	588
6	589
6	643
6	916
6	938
7	108
7	454
7	465
7	612
8	384
8	401
8	446
8	635
8	638
8	780
8	837
8	919
8	950
9	20
9	39
9	95
9	109
9	147
9	309
9	341
9	374
9	403
9	523
9	524
9	544
9	562
9	629
9	813
9	855
9	870
10	107
10	529
11	33
11	39
11	43
11	44
11	132
11	197
11	475
11	494
11	554
11	562
11	655
11	677
11	798
11	926
11	961
12	609
13	71
13	373
13	830
13	833
13	920
13	972
14	166
14	247
14	276
14	279
14	283
14	326
14	332
14	348
14	419
14	467
14	471
14	549
14	638
14	758
14	899
15	286
15	582
15	584
15	617
15	891
16	145
16	179
16	248
16	324
16	398
16	504
16	514
16	581
16	591
16	697
16	738
16	918
17	82
17	180
17	248
17	378
17	394
17	586
17	782
18	174
18	682
18	889
19	67
19	198
19	303
19	445
19	476
19	481
19	567
19	694
19	789
20	30
20	54
20	112
20	249
20	285
20	326
20	332
20	422
20	453
20	631
20	656
20	659
20	669
20	670
20	711
20	753
20	788
20	794
20	950
20	967
21	460
21	509
22	70
22	457
22	946
23	91
23	130
23	257
23	386
23	592
23	851
25	35
25	94
25	187
25	208
25	480
25	535
25	559
25	573
25	631
25	687
25	807
25	854
25	864
25	901
26	51
26	57
26	172
26	235
26	316
26	429
26	487
26	497
26	498
26	522
26	584
26	588
26	699
26	970
27	143
27	297
27	708
27	856
28	104
28	114
28	535
28	609
28	790
28	981
29	301
29	802
30	46
30	288
30	325
30	328
30	435
30	471
30	523
30	585
30	639
30	643
30	683
30	739
30	789
30	794
30	826
30	883
30	930
31	234
31	359
31	368
31	488
31	522
31	555
31	584
31	675
31	707
31	811
31	846
31	860
31	906
32	81
32	121
32	134
32	196
32	227
32	242
32	276
32	288
32	297
32	309
32	465
32	487
32	532
32	543
32	566
32	567
32	607
32	639
32	773
32	846
32	865
32	948
33	145
33	214
33	365
33	398
33	420
33	430
33	470
33	581
33	630
33	643
33	646
33	652
33	670
33	818
33	844
33	867
33	871
33	924
33	967
33	976
33	988
34	35
34	75
34	98
34	136
34	139
34	176
34	292
34	306
34	407
34	549
34	660
34	695
34	715
34	725
34	801
34	862
34	967
34	983
35	54
35	148
35	214
35	371
35	474
35	480
35	535
35	769
35	818
35	822
35	844
35	967
36	182
36	239
36	292
36	306
36	370
36	378
36	407
36	591
36	618
36	642
36	704
36	736
36	795
36	827
36	933
36	952
36	967
36	983
37	74
37	125
37	141
37	311
37	423
37	636
37	987
38	55
38	122
38	180
38	224
38	353
38	506
38	519
38	533
38	657
38	735
39	70
39	122
39	137
39	215
39	217
39	287
39	323
39	326
39	344
39	367
39	470
39	575
39	591
39	593
39	597
39	613
39	652
39	843
39	867
39	897
39	922
39	966
39	980
40	489
40	601
40	683
40	740
40	768
40	912
41	153
41	156
41	283
41	292
41	294
41	332
41	462
41	556
41	683
41	872
41	891
41	950
42	256
42	397
43	105
43	554
43	575
43	584
43	607
43	690
43	726
43	762
43	764
43	834
43	856
43	857
43	970
43	976
44	74
44	151
44	160
44	229
44	257
44	311
44	470
44	544
44	554
44	648
44	650
44	677
44	764
44	791
44	794
44	924
44	927
45	59
45	96
45	106
45	237
45	424
45	481
45	490
45	503
45	547
45	561
45	677
45	678
45	717
45	857
45	911
46	243
46	419
46	446
46	464
46	471
46	549
46	564
46	669
46	699
46	765
46	793
46	863
47	52
47	92
47	289
47	475
47	547
47	551
47	659
47	662
47	769
48	110
48	286
48	292
48	464
48	967
49	60
49	110
49	112
49	182
49	525
49	605
49	706
49	718
49	771
49	892
49	934
50	109
50	151
50	175
50	299
50	309
50	441
50	454
50	465
50	478
50	536
50	554
50	690
50	811
50	979
51	116
51	151
51	164
51	175
51	317
51	368
51	543
51	575
51	592
51	734
51	794
51	829
52	132
52	242
52	490
52	507
52	544
52	570
52	650
52	895
52	906
52	943
53	91
53	169
53	213
53	241
53	330
53	358
53	368
53	518
53	543
53	588
53	727
53	799
53	903
53	965
53	994
54	55
54	88
54	217
54	223
54	293
54	313
54	336
54	344
54	347
54	371
54	430
54	583
54	732
54	789
54	804
54	966
54	988
55	229
55	325
55	354
55	511
55	652
55	687
55	843
56	283
56	413
56	484
56	672
56	673
56	683
56	908
58	62
58	130
58	184
58	251
58	328
58	352
58	377
58	391
58	485
58	532
58	589
58	622
58	721
58	785
58	851
58	888
58	938
59	76
59	193
59	259
59	304
59	448
59	479
59	752
59	834
59	840
60	119
60	250
60	251
60	318
60	379
60	480
60	545
60	597
60	656
60	713
60	715
60	762
60	822
60	854
60	860
60	865
60	889
61	406
61	421
61	433
61	444
61	460
61	495
61	709
61	816
62	95
62	184
62	326
62	429
62	452
62	492
62	495
62	522
62	538
62	558
62	711
62	729
63	122
63	141
63	218
63	284
63	329
63	372
63	426
63	547
63	659
63	682
64	74
64	163
64	248
64	264
64	507
64	580
64	640
64	677
64	678
64	730
64	787
64	879
64	898
64	936
65	83
65	122
65	181
65	195
65	212
65	271
65	287
65	324
65	337
65	659
65	692
65	702
65	879
66	143
66	195
66	346
66	424
66	567
66	662
66	761
66	953
67	76
67	193
67	345
67	355
67	423
67	448
67	534
67	567
67	655
67	791
67	834
67	877
67	931
68	75
68	112
68	145
68	176
68	601
68	637
68	804
68	901
69	71
69	351
69	414
69	767
70	153
70	295
70	314
70	382
70	539
70	773
70	797
70	965
70	970
71	155
71	231
71	267
71	890
72	77
72	98
72	157
72	443
72	614
72	637
72	718
72	719
72	740
72	793
72	861
72	864
72	992
73	552
73	649
73	713
74	89
74	242
74	374
74	420
74	476
74	490
74	692
74	787
75	211
75	266
75	347
75	407
75	672
75	847
75	933
76	189
76	273
76	297
76	623
76	834
76	941
77	80
77	112
77	161
77	227
77	314
77	435
77	501
77	608
77	789
77	807
77	814
77	864
77	881
77	918
77	966
78	109
78	284
78	293
78	456
78	490
78	523
78	581
78	613
78	621
78	641
78	648
78	776
78	823
78	829
78	867
78	922
78	933
79	139
80	157
80	278
80	285
80	350
80	421
80	512
80	556
80	585
80	669
80	671
80	699
80	723
80	793
80	861
80	862
80	988
81	151
81	168
81	257
81	352
81	368
81	370
81	457
81	524
81	607
81	722
81	776
81	888
81	906
82	83
82	214
82	248
82	278
82	279
82	337
82	365
82	371
82	474
82	507
82	545
82	581
82	583
82	705
82	707
82	782
82	843
82	853
82	917
82	924
83	95
83	165
83	249
83	270
83	299
83	370
83	479
83	492
83	613
83	630
83	642
83	670
83	723
83	736
83	737
83	818
83	832
83	857
83	956
83	997
84	110
84	144
84	219
84	464
84	549
84	559
84	801
84	932
85	327
85	329
85	336
85	365
85	641
85	687
85	704
85	705
85	753
85	823
85	844
86	135
86	233
86	384
86	493
86	521
86	679
86	699
86	700
86	754
86	815
86	915
86	992
87	146
87	314
87	449
87	686
87	797
88	89
88	171
88	186
88	221
88	249
88	310
88	317
88	344
88	364
88	388
88	402
88	403
88	426
88	447
88	536
88	607
88	694
88	714
88	762
88	798
88	813
88	875
88	897
88	909
88	919
89	124
89	317
89	388
89	470
89	512
89	613
89	621
89	630
89	742
89	769
89	804
89	826
89	832
89	919
89	930
89	935
90	98
90	385
90	405
90	412
90	571
90	573
90	769
90	795
91	116
91	130
91	183
91	234
91	274
91	291
91	298
91	368
91	734
91	965
92	158
92	210
92	212
92	228
92	253
92	337
92	459
92	578
93	123
93	132
93	253
93	468
93	547
93	580
93	825
93	898
93	936
94	315
94	354
94	440
94	656
94	810
94	864
95	187
95	287
95	289
95	359
95	371
95	403
95	442
95	495
95	759
95	813
95	826
95	943
96	253
96	287
96	293
96	329
96	367
96	439
96	475
96	578
96	689
96	696
96	764
96	898
97	149
97	245
97	354
97	363
97	442
97	480
97	732
97	926
97	960
98	443
98	654
98	666
98	790
98	999
99	179
99	192
99	212
99	396
99	534
99	557
99	603
99	621
99	750
99	923
99	926
99	993
100	103
100	210
100	580
100	809
100	958
101	216
101	279
101	332
101	361
101	398
101	469
101	471
101	582
101	719
101	756
101	789
101	839
101	887
101	915
101	932
103	663
103	825
104	117
104	145
104	215
104	347
104	378
104	440
104	511
104	625
104	738
104	853
104	917
104	924
104	926
105	168
105	198
105	309
105	331
105	345
105	372
105	411
105	429
105	445
105	465
105	481
105	487
105	524
105	555
105	639
105	694
105	856
105	897
105	906
106	107
106	163
106	173
106	198
106	381
106	689
106	726
106	744
106	845
106	936
106	941
107	210
107	534
107	712
108	418
108	437
108	717
108	944
108	969
109	132
109	147
109	331
109	445
109	465
109	504
109	599
109	607
109	650
109	690
109	736
109	769
109	870
109	890
110	332
110	349
110	671
110	770
110	894
110	915
110	967
111	273
111	437
111	606
111	850
112	117
112	208
112	284
112	525
112	580
112	687
112	704
112	753
112	874
113	223
113	506
113	507
113	609
113	702
113	738
114	174
114	223
114	347
114	395
114	412
114	569
114	713
114	760
114	894
115	127
115	571
115	681
115	911
116	193
116	439
116	465
116	603
116	694
116	907
116	941
116	944
117	154
117	208
117	217
117	353
117	559
117	590
117	795
117	966
119	217
119	232
119	239
119	251
119	294
119	336
119	430
119	591
119	597
119	618
119	671
119	687
119	753
119	780
119	818
119	855
119	865
119	907
120	434
121	359
121	447
121	515
121	571
121	639
121	722
121	897
121	984
122	145
122	180
122	186
122	240
122	353
122	376
122	394
122	519
122	545
122	562
122	607
122	725
122	993
123	228
123	304
123	383
123	454
123	534
123	696
123	708
123	744
124	126
124	200
124	263
124	326
124	512
124	523
124	548
124	585
124	966
125	248
125	737
125	856
125	909
125	956
126	168
126	181
126	305
126	318
126	323
126	599
126	633
126	695
126	725
126	795
126	807
126	847
127	155
127	194
127	291
127	328
127	364
127	368
127	414
128	136
128	283
128	464
128	585
128	614
128	718
128	842
128	847
128	947
128	990
129	290
129	552
129	751
129	778
130	172
130	230
130	989
131	139
131	290
131	749
131	768
131	795
132	197
132	329
132	477
132	490
132	622
132	648
132	652
132	704
132	809
132	925
133	157
133	248
133	263
133	325
133	379
133	610
133	769
133	804
133	875
133	906
133	943
133	966
134	273
134	341
134	368
134	592
134	668
134	991
135	553
135	647
136	219
136	300
136	552
136	719
136	795
136	804
136	882
136	967
136	983
137	145
137	183
137	186
137	211
137	215
137	225
137	248
137	329
137	476
137	479
137	567
137	621
137	759
137	840
137	866
137	907
137	909
138	876
139	563
139	617
139	921
139	983
140	267
140	277
140	382
141	186
141	240
141	318
141	371
141	590
141	664
141	674
141	764
141	974
141	993
142	311
142	340
142	346
142	470
142	512
142	528
142	562
142	580
142	609
142	648
142	702
142	750
142	856
142	958
143	396
143	662
143	696
143	716
144	238
144	316
144	326
144	403
144	462
144	488
144	595
144	724
145	149
145	240
145	289
145	324
145	656
145	843
145	844
145	966
146	241
146	493
146	767
146	816
146	890
146	902
146	955
147	175
147	187
147	221
147	248
147	299
147	317
147	329
147	355
147	364
147	467
147	515
147	524
147	584
147	630
147	916
147	970
148	211
148	229
148	299
148	305
148	336
148	363
148	394
148	535
148	843
148	901
149	335
149	342
149	664
149	682
150	658
151	304
151	328
151	331
151	346
151	415
151	526
151	684
151	748
151	846
151	851
151	906
151	936
151	972
151	984
151	989
152	968
153	257
153	270
153	384
153	637
153	749
153	900
153	932
153	947
154	208
154	217
154	252
154	287
154	327
154	344
154	372
154	378
154	480
154	573
154	583
154	656
154	687
154	725
154	807
154	822
154	823
154	827
154	926
154	966
155	220
155	466
155	518
155	709
155	729
155	965
156	161
156	211
156	214
156	233
156	288
156	298
156	300
156	310
156	388
156	398
156	442
156	471
156	472
156	512
156	521
156	610
156	661
156	667
156	669
156	769
156	777
156	835
156	855
156	997
157	238
157	239
157	279
157	316
157	370
157	390
157	446
157	549
157	565
157	582
157	610
157	620
157	633
157	641
157	669
157	814
157	832
157	930
157	950
157	951
157	973
157	997
158	236
158	302
158	537
158	621
159	245
160	229
160	242
160	476
160	636
160	640
160	659
161	318
161	323
161	462
161	559
161	579
161	618
161	633
161	820
161	842
161	861
161	865
161	966
162	167
163	198
163	307
163	346
163	448
163	575
164	341
164	668
164	846
164	970
165	249
165	355
165	420
165	422
165	631
165	648
165	759
165	907
165	937
165	998
166	187
166	243
166	285
166	286
166	314
166	401
166	435
166	469
166	644
166	686
166	759
166	818
166	861
166	891
166	919
167	880
167	962
168	232
168	233
168	317
168	422
168	447
168	449
168	452
168	509
168	548
168	566
168	595
168	684
168	688
168	758
168	770
168	791
168	835
168	892
168	906
168	907
169	234
169	267
169	298
169	518
170	786
171	183
171	235
171	291
171	295
171	571
171	584
171	832
171	903
171	991
172	183
172	330
172	944
173	356
173	708
173	830
174	219
174	266
174	300
174	660
174	795
174	889
174	980
175	198
175	234
175	291
175	355
175	437
175	497
175	499
175	524
175	603
175	688
175	785
175	857
175	998
176	208
176	294
176	605
176	656
176	698
177	858
178	333
178	357
178	986
179	227
179	248
179	511
179	630
179	659
179	829
179	918
179	952
179	961
179	982
180	259
180	410
180	562
180	810
181	208
181	324
181	336
181	337
181	372
181	387
181	507
181	525
181	545
181	630
181	857
181	906
181	977
182	266
182	306
182	556
182	605
182	702
182	713
182	771
182	772
182	795
183	194
183	291
183	368
183	487
183	575
183	634
183	722
184	207
184	235
184	503
184	518
184	589
184	627
184	707
184	890
184	938
185	360
186	214
186	218
186	284
186	367
186	494
186	545
186	677
186	730
187	214
187	287
187	344
187	690
187	742
187	789
187	814
187	950
188	473
189	476
189	481
189	487
189	499
189	575
189	784
189	936
189	937
191	602
192	259
192	313
192	475
193	289
193	317
193	331
193	457
193	465
193	498
193	576
193	623
193	737
193	829
193	927
193	956
193	972
193	996
193	998
194	373
194	869
194	946
195	389
195	574
195	731
195	825
195	984
196	199
196	295
196	296
196	359
196	391
196	499
196	566
196	668
196	669
196	829
196	903
197	246
197	268
197	478
197	515
197	554
197	621
197	641
197	705
197	762
197	764
197	871
197	982
197	996
198	237
198	264
198	265
198	297
198	345
198	418
198	437
198	576
198	578
198	650
198	696
198	936
198	953
199	222
199	269
199	520
199	721
200	232
200	371
200	521
200	641
200	667
200	678
200	757
200	777
200	813
200	879
200	924
200	943
200	988
202	254
202	418
202	830
202	850
202	911
202	959
203	757
203	908
205	321
205	334
205	645
205	649
205	706
206	210
206	293
206	547
206	664
206	864
206	910
207	235
207	257
207	330
207	498
208	299
208	379
208	664
208	718
208	753
208	823
208	853
208	864
208	901
208	934
208	974
208	981
209	323
209	645
209	889
210	307
210	383
210	410
210	576
210	659
210	750
211	223
211	370
211	411
211	442
211	633
211	683
211	774
211	835
211	851
211	875
211	988
211	997
212	229
212	248
212	337
212	396
212	410
212	492
212	640
212	641
212	655
212	659
212	879
212	996
213	249
213	503
214	395
214	419
214	583
214	619
214	633
214	678
214	747
214	771
214	818
214	966
214	976
214	986
215	374
215	388
215	495
215	621
215	648
215	690
215	694
215	697
215	725
215	922
215	935
215	958
216	433
216	463
216	579
216	841
217	310
217	581
217	670
217	690
217	705
217	737
217	780
217	818
217	844
217	922
217	943
218	640
218	677
219	239
219	385
219	495
219	559
219	614
219	930
219	932
219	990
220	277
220	351
221	230
221	241
221	278
221	309
221	316
221	555
221	566
221	588
221	603
221	869
221	902
221	907
222	377
222	419
222	428
222	532
222	644
222	686
222	802
222	890
222	965
223	247
223	374
223	467
223	559
223	622
223	732
223	774
223	818
223	988
224	240
224	284
224	506
224	741
224	910
224	942
224	993
225	442
225	547
225	561
225	575
225	597
225	621
225	650
225	688
225	866
225	867
225	970
225	993
227	279
227	344
227	421
227	446
227	471
227	488
227	495
227	521
227	549
227	638
227	644
227	770
228	529
228	561
228	562
228	572
228	578
228	689
228	761
229	236
229	387
229	535
229	630
229	704
229	874
229	879
229	942
229	974
230	234
230	291
230	447
230	466
230	727
230	788
230	846
230	985
231	541
232	290
232	323
232	327
232	350
232	421
232	435
232	464
232	556
232	569
232	751
232	835
232	838
232	842
232	862
232	908
232	932
232	967
232	997
233	263
233	390
233	435
233	471
233	489
233	523
233	532
233	582
233	638
233	642
233	832
233	986
234	241
234	273
234	320
234	328
234	359
234	368
234	479
234	575
234	606
234	668
234	684
234	693
234	776
234	941
235	314
235	684
235	799
235	991
236	540
236	878
237	457
237	570
237	576
237	784
237	877
237	979
237	993
238	251
238	390
238	421
238	446
238	635
238	638
238	686
238	793
238	906
239	371
239	409
239	430
239	495
239	581
239	610
239	753
239	892
239	966
239	973
239	988
240	315
240	440
240	507
240	546
240	559
240	562
240	630
240	732
240	766
240	926
241	564
241	588
241	596
241	846
241	890
242	248
242	284
242	293
242	388
242	426
242	607
242	630
242	636
242	725
242	750
242	895
242	936
242	956
243	393
243	463
243	553
243	584
243	608
243	686
243	765
243	770
243	802
243	820
243	837
244	416
244	493
244	496
244	508
244	539
244	582
244	587
244	756
244	872
244	905
245	533
245	578
246	249
246	284
246	478
246	677
246	678
246	697
246	829
246	996
247	251
247	286
247	296
247	375
247	377
247	399
247	402
247	471
247	495
247	589
247	620
247	638
247	762
247	770
247	798
247	835
247	951
248	276
248	307
248	426
248	478
248	490
248	514
248	557
248	650
248	670
248	677
248	710
248	783
248	993
249	285
249	287
249	555
249	597
249	643
249	764
249	776
249	812
249	827
249	988
250	270
250	293
250	298
250	318
250	501
250	512
250	565
250	615
250	793
250	805
250	818
250	892
251	263
251	278
251	324
251	336
251	435
251	512
251	610
251	646
251	789
251	842
251	865
251	899
251	933
251	948
251	951
252	271
252	308
252	325
252	403
252	474
252	504
252	523
252	610
252	643
252	669
252	808
252	818
252	844
252	853
252	907
252	995
252	997
253	374
253	547
253	561
253	696
253	956
254	273
254	612
255	550
256	706
257	341
257	359
257	368
257	441
257	488
257	532
257	538
257	897
257	989
259	304
259	562
259	570
259	712
259	958
260	340
260	572
262	586
262	925
263	288
263	501
263	631
263	683
263	733
263	789
263	812
263	818
263	829
263	847
263	948
263	986
263	997
264	303
264	468
264	490
264	514
264	677
264	871
265	381
265	454
265	576
265	612
265	920
266	334
266	385
266	525
266	573
266	760
266	997
267	550
267	863
268	293
268	336
268	388
268	504
268	548
268	646
268	664
268	697
268	704
268	725
268	747
268	771
268	776
268	814
268	922
269	377
269	522
269	543
269	688
269	699
269	748
269	773
269	883
269	950
269	989
270	327
270	349
270	361
270	390
270	521
270	552
270	618
270	699
270	757
270	793
270	933
270	934
270	947
271	310
271	337
271	378
271	656
271	695
271	738
271	910
272	421
272	462
272	539
272	644
272	803
273	447
273	517
273	599
273	603
273	606
273	622
273	883
274	530
274	968
275	577
275	628
275	679
275	992
276	336
276	364
276	408
276	515
276	554
276	584
276	667
276	677
276	680
276	684
276	688
276	690
276	752
276	777
276	794
276	855
276	897
276	909
276	944
276	986
277	409
277	428
277	816
278	296
278	374
278	403
278	446
278	487
278	536
278	721
278	739
278	777
278	794
278	827
278	934
279	463
279	464
279	469
279	582
279	715
279	723
279	900
279	929
279	992
280	354
280	480
280	910
280	917
280	981
282	404
282	519
282	738
282	878
283	294
283	472
283	633
283	719
283	757
283	793
283	861
283	900
284	372
284	387
284	459
284	562
284	620
284	636
284	639
284	773
284	823
284	895
284	901
284	909
284	976
284	977
284	996
285	292
285	293
285	294
285	347
285	430
285	804
285	807
285	847
285	865
285	922
286	316
286	435
286	453
286	582
286	610
286	699
286	815
286	888
286	919
286	951
287	309
287	355
287	456
287	639
287	648
287	692
287	762
287	857
287	922
287	956
287	993
288	415
288	422
288	442
288	467
288	470
288	521
288	524
288	555
288	620
288	641
288	643
288	690
288	736
288	777
288	907
289	402
289	418
289	499
289	515
289	575
289	576
289	689
289	694
289	870
289	920
290	306
290	430
290	774
290	807
290	990
291	495
291	509
291	584
291	883
291	965
291	995
292	327
292	407
292	656
292	697
292	749
292	757
292	804
293	374
293	507
293	641
294	322
294	327
294	398
294	407
294	535
294	569
294	633
294	659
294	715
294	804
294	808
295	377
295	442
295	629
295	693
295	721
295	995
296	482
296	493
296	509
296	686
296	803
296	890
296	904
296	995
297	303
297	345
297	457
297	515
297	567
297	576
297	650
297	655
297	866
297	998
298	332
298	401
298	414
298	446
298	467
298	501
298	565
298	723
298	754
298	822
299	329
299	408
299	476
299	504
299	548
299	593
299	648
299	692
299	739
299	810
299	827
299	829
299	856
299	866
299	871
299	939
299	956
299	979
299	998
300	733
300	864
300	933
300	948
302	307
302	340
302	426
302	703
302	987
303	346
303	578
303	662
303	708
303	953
304	307
304	346
304	371
304	439
304	529
304	630
304	636
304	662
304	898
305	353
305	590
305	654
305	678
305	698
305	702
305	710
305	732
305	795
305	812
305	818
305	918
305	986
306	637
306	749
306	768
306	921
307	346
307	367
307	383
307	459
307	494
308	310
308	467
308	521
308	529
308	548
308	583
308	631
308	668
308	680
308	832
308	853
308	951
309	331
309	408
309	445
309	465
309	524
309	588
309	613
309	677
309	694
309	705
309	829
309	832
309	897
310	583
310	597
310	619
310	631
310	697
310	774
310	826
310	847
310	917
310	943
311	666
311	677
311	834
311	956
312	546
312	874
312	917
313	572
313	636
313	640
313	928
313	996
314	488
314	497
314	643
314	727
314	805
314	814
314	875
314	919
315	337
315	376
315	426
315	474
315	710
315	795
315	838
315	917
315	918
316	488
316	644
316	686
316	763
316	797
316	806
316	913
317	384
317	403
317	422
317	465
317	492
317	523
317	544
317	620
317	667
317	683
317	707
317	762
317	785
317	808
317	950
318	385
318	507
318	594
318	617
318	641
318	667
318	807
318	813
318	865
318	891
318	933
318	972
320	368
320	476
320	722
322	563
322	768
323	332
323	407
323	581
323	749
323	774
323	783
324	370
324	474
324	613
324	667
324	670
324	738
324	753
324	759
324	798
324	853
324	988
325	365
325	398
325	402
325	467
325	631
325	633
325	683
325	705
325	714
325	739
325	847
325	892
325	907
326	355
326	420
326	451
326	462
326	471
326	488
326	499
326	502
326	589
326	678
326	683
326	688
326	739
326	758
326	813
326	860
326	937
327	472
327	695
327	807
327	837
327	983
328	341
328	447
328	449
328	451
328	471
328	488
328	492
328	522
328	588
328	615
328	693
328	773
328	788
328	832
328	869
328	970
329	390
329	468
329	583
329	678
329	702
329	736
329	769
329	813
329	870
329	927
330	883
331	441
331	457
331	615
331	714
331	716
331	742
331	776
331	785
331	812
331	813
331	829
331	875
331	993
332	350
332	375
332	482
332	549
332	699
332	805
332	835
332	868
332	872
332	915
332	929
332	973
332	992
333	393
333	628
333	653
333	815
333	839
334	376
334	619
334	786
335	394
335	562
335	961
336	408
336	504
336	544
336	732
336	747
336	823
336	867
336	916
336	934
336	943
337	507
337	545
337	548
337	561
337	630
337	659
337	670
337	702
337	822
337	977
337	993
340	365
340	424
340	498
340	783
340	920
340	931
341	358
341	375
341	402
341	520
341	582
341	663
341	680
341	707
341	722
341	748
341	777
341	813
341	851
341	860
342	580
343	461
343	917
344	359
344	429
344	613
344	621
344	628
344	643
344	686
344	704
344	714
344	742
344	748
344	818
344	826
344	842
345	408
345	476
345	571
345	655
345	840
345	877
345	941
345	956
346	529
346	572
347	379
347	430
347	581
347	633
347	687
347	697
347	753
347	795
347	824
347	849
347	926
348	531
348	653
348	805
348	821
349	350
349	435
349	585
349	803
349	967
350	419
350	433
350	582
350	751
350	793
350	820
350	835
350	865
350	900
351	518
351	632
351	727
351	729
351	767
351	863
352	485
352	681
352	688
352	707
352	724
352	767
352	803
352	863
352	869
352	904
352	913
353	363
353	384
353	387
353	511
353	609
353	682
353	749
354	511
354	590
354	682
354	735
354	974
355	359
355	429
355	445
355	567
355	758
355	875
355	906
355	937
356	530
356	744
356	850
356	985
357	369
357	805
357	899
358	487
358	607
358	668
358	693
358	773
358	785
358	813
358	860
358	897
358	914
358	950
358	991
359	388
359	415
359	524
359	571
359	584
359	639
359	668
359	774
359	776
359	794
359	813
359	832
359	916
359	959
361	379
361	419
361	671
361	780
361	815
361	824
361	861
363	411
363	672
363	740
363	760
363	766
363	894
364	402
364	456
364	499
364	584
364	684
364	776
364	791
364	829
364	857
364	870
364	906
364	989
365	398
365	512
365	540
365	736
365	818
365	822
365	844
365	879
365	918
365	924
366	587
366	921
366	940
367	466
367	547
367	742
367	898
368	415
368	441
368	456
368	527
368	536
368	543
368	606
368	623
368	684
368	693
368	906
368	911
368	998
369	486
369	595
370	371
370	476
370	477
370	630
370	667
370	687
370	694
370	704
370	736
370	759
370	762
370	785
370	813
370	924
371	470
371	504
371	639
371	641
371	646
371	659
371	667
371	682
371	736
371	822
371	926
371	966
372	378
372	823
372	993
373	517
374	388
374	476
374	730
374	866
374	895
374	927
374	977
374	993
375	452
375	453
375	497
375	520
375	558
375	632
375	642
375	700
375	724
375	789
375	851
375	919
375	989
375	995
376	682
376	741
376	812
376	838
377	447
377	538
377	693
377	748
377	759
377	835
377	914
378	387
378	474
378	504
378	559
378	783
378	823
378	843
378	844
378	910
378	926
379	412
379	480
379	882
380	645
380	774
381	424
381	437
381	468
381	578
381	848
381	959
382	399
382	488
382	588
382	617
382	767
382	779
382	938
382	965
383	662
383	731
384	549
384	585
384	638
384	773
384	932
384	950
385	594
385	760
385	849
385	864
385	999
386	510
387	702
387	747
387	853
387	936
387	961
388	442
388	476
388	479
388	652
388	730
388	736
388	762
388	916
388	922
388	976
389	537
390	429
390	432
390	488
390	523
390	593
390	599
390	628
390	661
390	773
390	907
390	919
390	950
391	416
391	485
391	495
391	543
391	564
391	724
391	835
391	919
391	938
391	965
392	486
392	815
392	957
393	409
393	861
394	434
394	639
394	702
394	715
394	879
394	993
395	645
395	849
396	580
396	956
396	958
398	652
398	738
398	753
398	804
398	848
398	864
398	901
399	414
399	420
399	452
399	484
399	538
399	544
399	558
399	588
399	693
399	913
400	413
400	821
401	582
401	631
401	837
401	986
402	502
402	515
402	536
402	589
402	631
402	690
402	694
402	722
402	748
402	919
403	502
403	557
403	597
403	633
403	652
403	680
403	690
403	711
403	752
403	758
403	762
403	939
405	660
407	583
407	715
407	808
407	843
407	889
408	454
408	465
408	481
408	554
408	593
408	606
408	613
408	639
408	688
408	776
408	813
408	927
408	936
409	632
409	765
409	890
410	659
410	975
411	583
411	617
411	656
411	697
411	798
411	822
411	867
411	871
411	926
412	436
412	573
412	609
413	973
415	452
415	615
415	668
415	714
415	829
415	860
415	869
415	919
415	992
415	995
416	432
416	487
416	620
416	671
416	721
416	748
416	811
418	636
418	696
418	708
418	968
419	489
419	587
419	594
419	611
419	756
419	774
419	861
419	932
419	983
420	433
420	442
420	492
420	669
420	680
420	683
420	785
420	881
420	907
420	948
420	951
421	462
421	463
421	513
421	595
421	644
421	707
421	724
422	447
422	524
422	566
422	589
422	688
422	758
422	788
422	794
422	844
422	888
422	907
423	530
423	612
423	744
423	845
423	953
424	468
424	529
424	534
424	537
424	787
424	996
425	489
425	611
425	824
425	915
426	677
426	737
426	795
426	838
426	879
426	895
426	920
426	992
427	530
427	944
427	968
428	446
428	509
428	513
428	802
428	831
428	904
429	445
429	492
429	502
429	515
429	622
429	694
429	770
429	789
429	856
429	857
429	870
429	875
430	597
430	668
430	718
430	795
430	798
430	934
430	943
430	966
430	986
430	988
432	456
432	615
432	622
432	668
432	773
432	866
433	553
433	608
433	693
433	711
433	804
433	812
433	905
433	947
434	810
434	813
434	922
435	464
435	478
435	501
435	521
435	556
435	565
435	585
435	594
435	685
435	715
435	780
435	835
436	619
437	455
437	761
439	465
439	621
439	712
439	895
439	984
439	996
440	478
440	505
440	525
440	545
440	573
440	591
440	738
440	843
440	889
440	981
441	555
441	564
441	888
441	998
442	452
442	495
442	502
442	566
442	581
442	643
442	690
442	714
442	733
442	758
442	762
442	826
442	906
442	926
442	948
443	821
444	616
444	675
444	957
445	515
445	536
445	607
445	764
445	794
445	813
445	826
445	911
445	936
445	956
446	463
446	472
446	566
446	605
446	770
446	774
446	820
446	837
446	992
447	488
447	571
447	607
447	639
447	941
447	998
448	529
448	575
448	717
448	726
448	744
448	791
448	920
449	471
449	887
449	902
451	471
451	495
451	499
451	543
451	584
451	593
451	599
451	615
451	661
451	683
451	722
451	814
451	832
451	888
451	936
451	997
452	485
452	558
452	588
452	603
452	862
452	919
453	558
453	588
453	642
453	685
453	722
453	773
453	793
453	816
453	965
454	557
454	848
454	979
455	848
455	944
456	479
456	566
456	678
456	716
456	752
456	826
456	834
456	856
457	503
457	515
457	575
457	655
457	684
457	866
457	897
457	931
457	937
458	598
458	775
459	570
459	678
459	982
459	987
460	513
460	526
460	955
462	464
462	549
462	716
462	721
462	793
462	861
462	899
462	904
463	484
463	539
463	700
463	754
463	797
464	472
464	489
464	585
464	680
464	772
465	471
465	536
465	567
465	622
465	707
465	811
465	829
465	916
466	518
466	779
466	788
466	914
467	502
467	584
467	721
467	814
467	855
467	875
467	907
468	694
468	809
468	871
469	579
469	585
469	948
470	607
470	630
470	750
470	759
470	857
470	993
471	615
471	806
471	851
471	888
471	907
471	976
472	715
472	805
472	814
472	842
472	862
472	952
472	966
472	986
474	480
474	670
474	687
474	725
474	774
474	777
474	822
474	843
474	867
474	918
474	943
474	997
475	476
475	478
475	561
475	952
476	490
476	547
476	561
476	575
476	650
476	670
476	730
476	733
476	762
476	812
476	813
476	843
476	845
476	857
477	548
477	656
478	599
478	677
478	764
478	909
478	993
478	996
479	931
479	959
480	524
480	738
480	749
480	822
480	976
481	522
481	536
481	557
481	606
481	662
481	688
481	776
482	700
482	780
482	803
482	837
483	612
484	608
484	837
484	905
484	915
485	499
485	518
485	628
485	671
485	685
485	888
486	802
486	841
487	488
487	554
487	622
487	688
487	716
487	752
487	813
487	832
487	972
488	643
488	647
488	721
488	758
488	913
488	937
489	501
489	531
489	553
489	579
489	585
490	576
490	597
490	631
490	648
490	655
490	684
490	716
490	752
490	753
490	794
490	924
490	927
490	939
490	943
490	979
492	547
492	561
492	677
492	680
492	811
492	922
493	496
493	513
493	627
493	679
493	802
493	820
494	507
494	545
494	591
494	725
494	753
494	864
494	901
494	926
494	952
495	585
495	620
495	682
495	919
496	513
496	577
497	558
497	577
497	593
497	615
497	812
498	555
498	566
498	791
499	543
499	599
499	622
499	680
499	688
499	742
499	794
499	811
499	855
499	870
499	875
499	906
499	916
501	521
501	565
501	583
501	633
501	808
501	915
501	934
502	607
502	690
502	705
502	714
502	777
502	811
503	927
503	944
504	547
504	652
504	671
504	693
504	704
504	725
504	733
504	798
504	811
504	818
504	822
504	826
505	609
506	649
506	657
506	960
507	747
507	878
507	924
508	553
508	635
508	821
508	905
509	589
509	595
509	632
509	802
509	890
509	902
510	550
511	652
511	674
511	738
511	822
511	865
512	555
512	566
512	594
512	618
512	769
512	789
512	804
512	950
512	951
512	966
513	628
513	957
514	633
514	733
514	843
514	924
514	996
515	643
515	711
515	727
515	737
515	776
515	811
515	840
515	866
515	927
515	936
516	658
516	728
518	526
518	994
519	551
520	566
520	835
520	863
520	904
520	906
520	989
521	585
521	930
521	998
522	588
522	589
522	599
522	846
522	851
522	860
522	903
522	950
523	566
523	582
523	591
523	677
523	863
523	902
523	914
523	943
524	613
524	622
524	630
524	647
524	678
524	711
524	714
524	715
524	730
524	791
524	813
524	916
524	927
524	976
524	984
525	725
525	771
525	808
525	929
525	976
525	978
525	981
528	739
528	747
528	750
528	987
529	640
529	662
529	670
529	712
529	777
530	850
531	577
531	757
531	824
531	905
532	595
532	684
532	727
532	770
532	869
532	973
533	918
533	978
534	578
534	977
535	657
535	741
535	879
536	547
536	607
536	622
536	714
536	729
536	888
536	970
537	825
537	886
538	681
538	846
538	869
538	989
539	632
539	671
539	859
539	913
543	595
543	633
543	680
543	729
543	788
543	869
544	546
544	650
544	692
544	776
544	956
545	692
545	795
545	838
545	867
546	570
546	640
546	659
546	697
546	747
546	961
547	692
547	856
547	996
548	648
548	669
548	670
548	769
548	810
548	813
548	843
548	924
548	980
549	647
549	697
549	793
549	794
549	835
549	915
549	930
549	986
550	596
551	710
552	614
552	778
552	912
553	587
553	601
553	841
554	571
554	633
554	680
554	687
554	780
554	937
555	571
555	584
555	622
555	834
555	866
555	909
555	930
556	597
556	769
556	793
556	827
556	847
556	865
556	892
556	951
556	973
556	976
557	716
557	845
557	911
557	956
557	984
558	564
558	629
558	644
558	904
558	914
559	591
559	695
559	740
559	795
559	930
559	933
561	621
561	650
561	764
561	840
561	909
561	931
562	580
562	662
562	956
562	975
563	649
564	599
564	724
564	899
564	904
565	585
565	687
565	721
565	805
565	842
565	976
566	610
566	759
566	769
566	773
566	951
567	694
567	726
567	813
567	927
567	943
569	637
569	660
569	795
569	801
569	882
569	900
569	966
570	958
571	603
571	668
571	688
571	711
571	742
572	689
572	703
572	848
572	928
573	660
573	790
575	655
575	726
575	834
575	897
576	606
576	717
576	845
576	920
577	679
577	700
577	815
577	820
578	845
578	959
579	673
580	810
580	909
580	939
580	982
581	656
581	742
581	753
581	812
581	844
581	857
581	864
581	901
581	926
581	948
581	961
581	988
582	686
582	756
582	831
582	907
582	919
583	591
583	633
583	666
583	677
583	695
583	697
583	715
583	730
583	776
583	788
583	818
583	862
583	864
583	865
583	934
583	952
584	589
584	639
584	742
584	832
584	875
585	605
585	618
585	669
585	671
585	772
585	843
585	932
585	951
587	700
587	802
587	815
588	788
588	902
588	938
588	966
589	693
589	914
589	951
590	725
590	741
590	981
591	633
591	771
591	807
591	861
591	892
591	934
592	707
592	722
592	887
593	680
593	726
593	834
593	840
593	948
594	740
594	780
594	861
595	606
595	615
595	641
595	642
595	665
597	599
597	652
597	702
597	714
597	759
597	783
597	789
597	794
597	827
597	855
597	927
597	948
597	986
599	610
599	668
599	742
599	776
600	625
600	760
600	894
601	638
601	679
601	757
601	831
601	915
602	665
603	681
603	714
603	785
603	811
604	731
605	608
605	749
605	774
605	854
605	882
606	846
606	909
607	689
607	693
607	776
607	777
607	799
607	804
607	812
607	823
607	845
607	856
607	864
607	870
607	972
608	824
608	973
609	771
609	827
609	910
610	617
610	631
610	704
610	780
610	813
610	831
610	952
610	976
610	986
611	772
611	881
611	940
612	717
612	744
612	920
613	629
613	714
613	752
613	758
613	812
613	823
614	757
614	862
614	900
615	773
616	767
617	633
617	697
617	842
617	891
617	943
617	948
618	680
618	704
618	804
618	996
619	654
620	669
620	777
620	788
620	818
620	860
620	906
620	907
620	941
621	648
621	875
622	661
622	668
622	726
622	820
622	888
625	698
625	741
625	782
625	854
628	632
628	815
628	899
629	670
629	718
629	748
629	759
629	773
629	785
629	811
629	813
629	875
629	904
629	919
630	641
630	642
630	864
630	922
630	976
630	979
630	993
631	643
631	697
631	759
631	851
631	875
631	924
631	926
631	948
631	977
632	642
632	742
632	797
632	815
632	828
632	868
632	907
632	965
633	669
633	780
633	929
633	986
633	997
634	830
635	699
635	724
635	769
635	773
635	793
635	966
636	730
636	809
636	987
637	817
638	679
638	724
638	976
639	668
639	711
639	755
639	866
639	870
639	916
639	998
640	750
640	794
640	996
641	652
641	762
641	980
642	671
642	793
642	831
642	835
642	837
642	899
642	973
643	996
644	721
644	832
644	835
644	842
644	888
645	660
645	741
645	766
645	772
645	921
646	738
646	753
646	843
646	854
648	667
648	692
648	716
648	924
648	977
649	741
650	798
650	809
650	870
650	895
650	909
650	916
650	934
650	975
650	976
650	978
652	687
652	715
652	803
652	948
652	966
653	992
654	660
654	760
654	795
654	849
655	670
655	776
655	866
655	909
655	998
656	705
656	725
656	766
656	805
656	827
656	844
656	918
656	939
657	732
657	838
659	714
659	804
659	844
659	857
659	982
660	847
661	764
661	777
661	785
661	798
661	955
662	920
664	826
665	701
666	715
666	721
666	804
666	818
666	892
667	680
667	694
667	733
667	736
667	773
667	798
667	812
667	826
667	832
667	927
668	832
668	860
668	869
668	888
668	970
668	995
669	678
669	726
669	769
669	783
669	789
669	811
669	826
669	875
669	909
669	988
670	711
670	759
670	794
670	846
670	936
671	725
671	915
671	933
671	947
671	951
671	992
672	837
675	954
677	787
677	822
677	838
677	871
677	939
677	993
678	692
678	736
678	769
678	856
678	956
678	977
679	700
680	714
680	832
680	870
681	744
682	699
682	782
682	918
683	724
683	773
683	777
683	807
683	818
683	870
683	871
683	908
683	943
684	711
684	791
684	832
684	906
684	927
685	765
685	914
685	955
685	973
686	770
686	793
686	820
686	950
686	973
687	725
687	759
687	926
687	997
688	711
688	739
688	748
688	789
688	860
688	867
688	875
688	906
688	965
688	997
690	864
690	875
690	998
691	751
692	783
692	789
692	895
692	937
693	811
693	829
693	950
694	726
694	759
694	785
694	875
695	718
695	843
695	865
696	848
697	753
697	798
697	827
697	843
697	854
697	952
698	706
698	889
698	952
699	714
699	820
699	868
702	813
702	844
702	874
702	930
704	725
704	864
704	926
704	934
705	725
705	764
705	976
705	986
707	770
707	965
708	845
708	853
708	871
708	874
709	767
709	769
709	885
709	965
710	917
710	974
711	736
711	785
711	811
711	875
711	906
712	717
712	830
713	807
713	894
713	999
714	716
714	739
714	794
714	897
715	752
715	814
715	823
716	742
716	785
716	787
716	811
716	832
716	866
716	877
716	909
716	979
717	726
718	771
718	862
718	973
719	723
719	892
719	908
719	990
721	724
721	769
721	773
721	817
721	832
721	950
722	814
722	941
722	965
722	972
723	793
723	973
724	748
724	773
724	805
724	863
724	887
724	891
724	907
724	948
725	842
725	844
725	864
725	926
726	776
727	888
727	938
727	995
727	998
728	876
729	888
729	903
729	965
730	777
730	791
730	794
730	937
730	956
730	977
731	761
731	878
732	795
732	822
732	864
732	948
732	952
732	982
733	807
733	818
733	843
734	799
734	965
735	766
736	747
736	753
736	773
736	777
736	924
737	747
737	762
737	794
737	895
737	924
738	771
738	827
738	853
739	777
739	789
739	924
740	912
740	940
741	771
741	804
741	933
741	980
742	857
742	907
742	911
742	916
744	784
747	762
747	838
747	844
747	928
747	980
747	986
749	882
751	801
751	932
752	776
752	829
752	871
752	935
752	977
753	758
753	783
753	807
753	808
753	827
753	843
753	926
753	943
753	986
754	841
755	906
756	757
757	837
757	872
757	947
758	784
758	812
758	857
758	875
758	887
758	888
758	906
758	907
758	937
759	798
759	812
759	907
759	936
760	790
760	854
760	894
760	951
762	798
762	909
764	776
764	909
764	970
766	817
766	822
767	904
767	957
769	811
769	826
769	875
769	930
769	943
769	995
770	863
770	899
770	901
770	973
771	774
771	844
771	956
772	908
772	912
772	990
773	814
774	862
774	973
776	791
776	794
776	897
777	783
777	798
777	812
777	826
777	988
778	940
780	842
780	933
780	973
783	812
783	980
785	791
785	812
785	875
785	906
785	916
785	970
787	812
788	851
789	897
789	951
789	988
790	894
791	866
791	911
793	803
793	951
794	870
794	907
794	909
794	958
794	970
794	998
795	997
798	812
798	866
798	948
799	869
799	903
800	921
801	805
801	891
803	828
803	887
803	890
803	955
804	922
804	934
804	980
805	902
805	929
805	986
807	814
807	818
807	839
807	844
807	847
807	865
807	934
807	967
807	976
808	818
808	853
808	984
808	986
809	928
810	838
810	978
811	869
812	826
812	834
812	909
813	829
813	857
813	870
813	914
813	939
814	842
814	865
814	933
815	821
815	899
815	915
815	973
818	934
820	913
821	859
822	934
823	926
824	881
824	929
824	992
825	958
826	835
827	864
827	933
829	922
829	937
829	939
829	989
830	959
831	891
832	860
832	989
833	991
834	857
834	927
834	958
835	847
835	857
837	861
837	892
838	918
838	943
839	872
839	905
840	941
841	929
841	947
841	955
842	861
842	932
844	854
844	856
844	976
845	911
846	903
846	914
846	989
846	998
847	861
847	865
847	882
847	947
847	950
847	992
849	894
849	999
850	991
853	865
853	901
853	926
853	993
854	961
854	999
855	860
855	862
855	986
856	866
856	956
857	939
860	870
861	900
863	955
863	957
864	980
865	892
865	933
866	877
867	926
868	908
868	955
870	950
870	986
871	961
871	976
871	979
872	900
874	878
874	974
875	906
875	907
875	937
877	911
878	975
882	967
882	990
887	902
887	915
891	930
891	950
891	973
895	936
895	956
895	993
901	934
901	952
901	961
902	904
903	919
903	965
904	907
904	938
906	936
908	912
908	940
908	990
909	936
909	943
914	989
916	935
916	970
916	998
917	960
917	974
918	926
920	953
921	990
922	970
922	988
922	993
929	947
930	966
931	979
932	967
937	939
937	956
938	965
942	964
942	974
942	980
947	986
956	993
958	979
961	966
961	977
966	981
976	980
977	993
977	996
985	991
988	997
989	995
