0	300
0	728
1	55
1	252
1	289
1	350
1	486
1	579
1	593
1	777
1	791
1	860
2	144
2	169
2	233
2	310
2	359
2	491
2	615
2	680
2	752
3	42
3	47
3	394
3	516
3	540
3	559
5	72
5	201
5	460
5	515
5	557
5	559
5	579
5	602
5	663
5	721
5	910
5	938
6	150
6	359
6	535
6	570
6	638
6	719
6	791
7	166
7	195
7	210
7	616
7	802
8	26
8	51
8	108
8	187
8	226
8	235
8	408
8	429
8	668
8	878
8	926
9	36
9	84
9	659
9	794
10	22
10	273
10	308
10	368
10	517
10	688
11	16
11	31
11	33
11	46
11	47
11	69
11	76
11	127
11	342
11	392
11	447
11	495
11	682
11	839
12	57
12	79
12	247
12	434
12	596
12	675
12	749
12	751
12	995
13	114
13	138
13	295
13	486
13	576
13	605
13	692
13	709
13	845
14	292
14	331
14	749
15	33
15	184
15	262
15	280
15	297
15	361
15	381
15	444
15	446
15	479
15	506
15	533
15	584
15	600
15	700
15	713
15	734
15	777
15	778
15	895
15	908
15	923
15	928
16	102
16	184
16	243
16	282
16	406
16	447
16	568
16	635
16	687
16	732
16	740
16	930
16	934
16	951
16	958
17	63
17	90
17	94
17	160
17	272
17	294
17	329
17	392
17	443
17	703
17	940
17	941
17	951
17	957
19	103
19	175
19	560
20	572
20	941
21	82
21	292
21	384
21	398
21	811
21	863
21	911
22	215
22	264
22	770
22	938
22	984
22	992
23	130
23	353
23	364
23	514
24	765
25	78
25	276
25	508
25	758
25	881
25	984
26	67
26	220
26	274
26	291
26	378
26	447
26	513
26	542
26	879
26	940
27	74
27	89
27	494
27	521
27	719
27	722
27	728
27	744
27	749
27	751
28	74
28	89
28	120
28	124
28	285
28	357
28	371
28	396
28	434
28	545
28	595
28	841
28	937
28	966
28	980
28	987
28	996
29	88
29	215
29	223
29	394
29	557
29	736
29	792
30	175
30	267
30	298
30	397
30	410
30	504
30	687
30	801
30	846
30	895
31	53
31	128
31	404
31	645
31	733
31	834
31	960
31	992
32	120
32	131
32	196
32	213
32	247
32	282
32	376
32	456
32	550
32	571
32	577
32	596
32	647
32	662
32	708
32	814
32	846
32	962
33	46
33	60
33	189
33	237
33	262
33	315
33	371
33	444
33	468
33	490
33	511
33	558
33	568
33	708
33	730
33	769
33	787
33	834
33	838
33	839
33	900
33	904
34	55
34	75
34	86
34	237
34	418
34	564
34	682
34	732
34	785
34	860
34	919
34	995
35	177
35	358
35	391
36	469
36	617
36	661
36	935
37	196
37	240
37	286
37	338
37	400
37	411
37	425
37	487
37	551
37	798
37	885
38	126
38	145
38	153
38	178
38	297
38	354
38	382
38	433
38	571
38	641
38	662
38	732
38	878
38	892
39	77
39	193
39	666
40	227
40	464
40	501
40	542
40	795
42	95
42	296
42	462
42	482
42	515
42	605
42	831
42	837
42	978
42	989
43	211
44	155
44	328
44	358
44	549
44	884
44	893
44	940
45	100
45	112
45	181
45	228
45	375
45	409
45	454
45	498
45	519
45	550
45	763
45	882
46	102
46	137
46	369
46	529
46	564
46	695
46	702
46	770
46	822
46	978
47	227
47	369
47	657
47	702
47	713
47	772
47	786
47	816
48	94
48	102
48	115
48	132
48	369
48	460
48	527
48	598
48	688
48	770
48	783
48	898
48	938
49	80
49	673
49	845
49	971
50	612
50	633
50	724
50	812
50	851
51	108
51	232
51	235
51	358
51	378
51	416
51	447
51	739
51	743
51	993
52	57
52	195
52	439
52	440
52	650
53	81
53	94
53	124
53	127
53	262
53	424
53	433
53	478
53	533
53	554
53	584
53	621
53	713
53	774
53	787
53	816
53	840
53	871
53	898
54	303
54	540
54	671
54	866
55	75
55	295
55	361
55	372
55	381
55	474
55	583
55	721
55	726
55	780
55	960
56	168
56	317
56	321
56	330
56	331
56	723
56	749
56	906
56	964
57	196
57	247
57	350
57	416
57	622
57	648
57	814
57	976
58	638
58	891
59	124
59	274
59	275
59	425
59	532
59	541
59	568
59	742
59	825
59	876
59	954
59	993
59	994
60	95
60	419
60	431
60	517
60	557
60	587
60	688
60	748
60	758
60	779
60	989
61	77
61	230
61	267
61	637
61	666
61	690
61	776
62	259
62	330
62	395
62	482
62	497
62	535
62	634
62	744
62	758
62	836
63	69
63	256
63	279
63	364
63	421
63	479
63	533
63	537
63	546
63	558
63	571
63	695
63	715
63	812
63	926
63	961
64	230
64	737
64	789
64	911
65	170
66	67
66	143
66	212
66	274
66	405
66	464
66	635
66	730
66	757
66	919
66	993
67	90
67	158
67	234
67	412
67	415
67	429
67	468
67	586
67	740
67	750
67	940
68	92
68	164
68	297
68	302
68	309
68	315
68	350
68	423
68	484
68	594
68	634
68	656
68	697
68	707
68	727
68	968
69	81
69	285
69	326
69	373
69	492
69	786
69	839
69	840
69	856
69	893
69	922
69	937
69	961
70	184
70	205
70	282
70	381
70	429
70	482
70	495
70	544
70	560
70	636
70	656
70	749
70	757
70	779
70	894
70	900
70	904
70	937
70	986
71	89
71	126
71	209
71	288
71	298
71	400
71	500
71	514
71	601
71	639
71	648
71	685
71	798
71	996
72	204
72	221
72	253
72	293
72	396
72	498
72	621
72	627
72	686
72	692
72	708
72	712
72	745
72	772
73	118
73	131
73	139
73	202
73	243
73	281
73	421
73	506
73	536
73	700
73	729
73	787
73	908
73	930
74	472
74	494
74	521
74	679
74	686
74	708
74	738
74	744
74	791
74	810
74	981
75	229
75	246
75	384
75	536
75	560
75	579
75	623
75	698
75	700
75	746
75	758
75	762
75	838
75	890
75	900
75	910
75	946
76	131
76	338
76	372
76	419
76	467
76	585
76	623
76	649
76	663
76	717
76	785
76	840
76	860
76	928
77	123
77	662
77	911
78	148
78	303
78	660
79	100
79	122
79	243
79	280
79	365
79	386
79	398
79	469
79	614
79	679
79	699
79	701
79	706
79	732
79	797
79	808
79	814
79	838
79	986
80	207
80	659
80	809
81	184
81	262
81	314
81	329
81	433
81	473
81	547
81	552
81	564
81	657
81	718
81	770
81	786
81	838
81	840
81	894
81	915
82	153
82	165
82	555
82	685
82	699
82	775
82	779
83	106
83	955
84	149
84	207
84	317
84	658
84	719
84	738
84	755
84	791
84	929
84	985
85	140
85	157
85	189
85	324
85	349
85	431
85	464
85	557
85	834
85	905
85	989
86	128
86	293
86	324
86	335
86	369
86	377
86	381
86	392
86	419
86	525
86	527
86	545
86	682
86	713
86	990
86	999
88	164
88	222
88	229
88	233
88	253
88	337
88	658
88	964
89	171
89	172
89	254
89	280
89	281
89	309
89	423
89	469
89	508
89	519
89	769
90	177
90	250
90	256
90	635
90	858
90	876
91	200
91	572
92	164
92	221
92	309
92	317
92	482
92	494
92	523
92	676
92	791
92	929
93	140
93	227
93	250
93	277
93	377
93	404
93	517
93	525
93	553
93	730
93	770
93	833
93	889
93	905
93	959
94	127
94	189
94	193
94	306
94	495
94	501
94	657
94	713
94	758
94	783
94	787
94	822
94	919
95	182
95	391
95	431
95	551
95	733
95	770
95	857
95	995
96	301
96	570
97	226
97	274
97	438
97	880
97	921
98	167
98	254
98	255
98	258
98	403
98	504
98	609
98	739
98	764
98	782
98	841
98	893
98	949
99	328
99	408
99	880
99	958
99	996
100	122
100	330
100	336
100	396
100	423
100	458
100	576
100	707
100	708
100	738
100	749
100	946
102	220
102	294
102	424
102	429
102	437
102	464
102	564
102	589
102	718
102	787
102	834
103	166
103	216
103	242
103	316
103	353
103	356
103	428
104	146
104	608
104	782
104	880
104	919
106	133
106	489
106	646
106	666
106	911
108	139
108	143
108	212
108	217
108	226
108	274
108	624
108	926
108	997
109	292
109	574
109	755
109	939
110	115
110	121
110	259
110	395
110	523
110	659
110	673
110	676
110	686
110	875
111	127
111	145
111	160
111	294
111	326
111	349
111	354
111	433
111	477
111	490
111	568
111	618
111	691
111	700
111	787
111	901
112	202
112	221
112	243
112	285
112	350
112	444
112	529
112	584
112	609
112	642
112	663
112	701
112	708
112	780
112	836
112	854
112	906
112	952
113	967
114	225
114	233
114	441
114	781
114	817
114	989
115	131
115	145
115	212
115	278
115	373
115	377
115	399
115	490
115	718
115	756
115	777
115	840
115	859
116	166
116	240
116	243
116	298
116	312
116	354
116	383
116	396
116	444
116	479
116	580
116	641
116	699
116	757
116	838
116	895
116	901
116	962
118	184
118	205
118	320
118	451
118	567
118	654
118	699
118	803
118	854
118	868
118	892
118	893
118	934
118	949
118	961
120	302
120	386
120	489
120	550
120	571
120	622
120	683
120	687
120	751
120	883
120	980
121	136
121	239
121	338
121	340
121	375
121	384
121	395
121	627
121	763
121	792
121	874
122	149
122	178
122	269
122	270
122	305
122	398
122	614
122	653
122	683
122	693
122	714
122	751
122	791
122	983
122	987
123	165
123	230
123	771
123	841
124	205
124	316
124	371
124	383
124	408
124	422
124	431
124	469
124	506
124	587
124	653
124	665
124	682
124	772
124	835
124	937
124	963
125	484
125	574
125	790
125	808
125	913
125	971
126	354
126	440
126	458
126	556
126	648
126	685
126	798
126	955
127	252
127	349
127	371
127	380
127	424
127	587
127	654
127	703
127	729
127	741
127	787
127	815
127	904
127	934
127	963
128	182
128	237
128	338
128	342
128	369
128	373
128	415
128	424
128	451
128	495
128	525
128	558
128	619
128	644
128	668
128	745
128	777
128	900
129	173
129	239
129	254
129	365
129	384
129	434
129	544
129	567
129	596
129	653
129	913
129	986
130	195
131	288
131	371
131	373
131	479
131	508
131	584
131	619
131	631
131	668
131	701
131	762
131	893
131	908
131	961
131	970
132	190
132	211
132	256
132	495
132	651
132	933
133	166
133	196
133	240
133	251
133	376
133	410
133	439
133	479
133	546
133	647
133	687
133	771
133	885
134	242
134	297
134	382
134	408
134	481
134	495
134	641
134	691
134	838
134	921
134	926
135	166
135	364
135	487
135	492
135	759
136	149
136	225
136	627
136	671
136	676
136	898
136	952
137	205
137	293
137	394
137	419
137	525
137	623
137	706
137	746
137	896
137	900
137	926
138	372
138	486
138	502
138	520
138	592
138	615
138	821
138	831
139	184
139	384
139	421
139	451
139	504
139	522
139	533
139	553
139	604
139	624
139	656
139	665
139	721
139	764
139	854
139	901
139	959
140	231
140	244
140	342
140	394
140	459
140	694
140	905
140	978
142	168
142	269
142	305
142	309
142	336
142	344
142	350
142	480
142	725
142	869
142	870
142	883
142	923
142	936
142	983
143	217
143	411
143	437
143	547
143	804
143	901
144	706
144	805
144	964
145	184
145	238
145	274
145	314
145	424
145	505
145	642
145	668
145	884
145	945
146	260
146	665
146	877
147	207
147	494
147	595
147	622
147	650
147	675
147	683
147	882
147	886
147	913
148	753
149	259
149	289
149	302
149	309
149	362
149	383
149	384
149	389
149	446
149	467
149	508
149	596
149	686
149	699
149	719
149	784
149	857
149	928
150	485
150	722
150	823
150	874
150	890
150	916
151	215
151	528
151	597
152	241
152	250
152	750
152	816
153	441
153	494
153	509
153	683
153	704
153	754
153	973
155	226
155	287
155	366
155	376
155	400
155	425
155	484
155	552
155	739
156	247
156	266
156	362
156	580
156	595
156	714
156	882
156	887
156	895
157	248
157	250
157	407
157	442
157	460
157	478
157	822
157	833
158	190
158	208
158	223
158	241
158	294
158	348
158	443
158	542
158	547
158	956
160	392
160	568
160	586
161	284
161	390
161	872
162	304
162	420
162	924
162	960
163	297
163	328
163	416
163	492
163	678
163	759
163	798
163	903
163	997
164	317
164	521
164	676
165	637
165	704
165	808
165	973
166	356
166	364
166	389
166	410
166	514
166	571
166	640
166	685
166	782
166	789
167	195
167	266
167	285
167	309
167	315
167	350
167	498
167	506
167	580
167	622
167	803
167	830
167	906
167	907
168	315
168	457
168	708
168	755
168	985
169	239
169	486
169	576
169	686
169	722
169	728
169	749
169	845
169	929
170	919
171	254
171	336
171	360
171	374
171	389
171	441
171	467
171	622
171	701
171	904
171	987
172	439
172	630
172	771
172	973
173	254
173	350
173	435
173	467
173	621
173	656
173	663
173	725
173	810
173	906
173	923
174	219
174	359
174	449
175	178
175	267
175	270
175	286
175	305
175	323
175	376
175	509
175	530
175	653
175	654
175	727
175	840
175	844
175	867
176	229
176	536
176	579
176	698
176	702
176	745
176	769
176	781
176	818
176	826
176	860
176	989
177	291
177	629
177	822
177	825
177	988
178	181
178	216
178	323
178	371
178	389
178	504
178	550
178	552
178	663
178	701
178	734
178	867
179	829
181	189
181	229
181	254
181	409
181	452
181	465
181	529
181	600
181	663
181	717
181	780
181	826
181	896
182	238
182	262
182	372
182	392
182	429
182	443
182	464
182	470
182	477
182	515
182	619
182	644
182	702
182	703
182	816
183	258
183	637
183	691
183	701
183	854
183	885
183	961
183	976
184	238
184	254
184	285
184	369
184	373
184	392
184	403
184	415
184	454
184	490
184	527
184	674
184	729
184	734
184	904
184	930
184	980
185	430
185	852
186	198
186	288
186	298
186	458
186	479
186	534
186	609
186	641
186	701
186	841
186	894
186	926
186	930
186	932
187	283
187	842
188	220
188	274
188	432
188	532
188	546
188	743
188	878
189	302
189	338
189	399
189	458
189	468
189	479
189	522
189	732
189	734
189	757
189	835
189	893
189	894
189	918
189	980
190	212
190	357
190	413
190	429
190	533
190	635
190	893
190	994
191	230
191	240
191	316
191	356
191	479
191	690
191	714
192	225
192	482
192	603
192	874
192	920
192	952
193	270
193	282
193	286
193	312
193	484
193	534
193	841
193	882
193	926
195	242
195	440
195	509
195	550
195	962
196	320
196	451
196	534
196	577
196	785
196	827
196	976
197	201
197	225
197	295
197	372
197	471
197	569
197	573
197	664
197	781
198	226
198	251
198	487
198	522
198	555
198	616
198	654
198	704
198	743
198	864
198	949
200	877
200	977
201	233
201	388
201	515
201	578
201	600
201	636
201	706
201	817
201	855
202	207
202	254
202	406
202	519
202	524
202	529
202	551
202	554
202	556
202	560
202	658
202	675
202	713
202	908
203	323
203	487
203	828
203	953
204	239
204	259
204	494
204	516
204	693
204	794
204	966
205	254
205	386
205	406
205	441
205	451
205	452
205	467
205	536
205	577
205	587
205	729
205	835
205	904
205	906
205	934
205	970
206	457
207	290
207	315
207	671
207	676
207	738
207	974
208	220
208	248
208	314
208	566
208	568
208	575
208	613
208	668
208	700
208	787
208	915
208	940
208	945
208	997
209	287
209	323
209	410
209	538
210	353
210	606
211	347
211	436
211	528
211	585
211	612
212	220
212	256
212	279
212	338
212	545
212	740
212	862
212	878
212	945
213	251
213	389
213	479
213	556
213	653
213	685
213	691
213	719
213	729
213	737
213	751
213	883
213	928
213	932
214	400
214	969
215	368
215	610
215	833
216	286
216	798
216	864
217	279
217	382
217	473
217	522
217	668
217	740
217	868
217	994
218	523
218	622
218	882
218	955
219	284
219	359
219	720
219	805
220	413
220	415
220	432
220	433
220	533
220	545
220	554
220	635
220	840
221	228
221	384
221	396
221	434
221	454
221	600
221	602
221	621
221	627
221	706
221	729
221	778
221	928
222	233
222	367
222	591
222	744
222	964
223	239
223	343
223	517
223	729
223	758
223	784
223	837
223	957
223	978
223	992
224	273
224	278
224	373
224	518
224	553
224	636
224	694
224	741
224	770
224	839
224	896
224	989
225	317
225	515
225	535
225	584
225	603
225	731
225	745
226	328
226	438
227	464
227	525
227	583
227	644
227	688
227	800
227	815
227	910
228	254
228	280
228	320
228	374
228	396
228	419
228	444
228	631
228	682
228	706
228	772
228	780
228	865
228	906
228	995
229	280
229	289
229	336
229	361
229	371
229	419
229	506
229	539
229	794
229	831
229	894
229	896
229	908
229	928
229	946
229	961
230	232
230	243
230	487
230	522
230	548
230	556
230	678
230	771
230	980
231	368
231	501
231	733
232	283
232	537
232	858
232	967
233	253
233	388
233	409
233	709
233	726
233	781
234	391
234	503
234	644
234	750
234	820
234	879
234	915
234	924
235	320
235	358
235	438
235	977
237	262
237	293
237	342
237	349
237	380
237	444
237	478
237	508
237	524
237	564
237	657
237	703
237	769
237	978
237	995
238	248
238	369
238	432
238	433
238	451
238	544
238	568
238	636
238	748
238	781
238	815
238	822
238	834
238	898
238	941
239	281
239	444
239	446
239	551
239	627
239	793
239	870
239	898
239	942
239	995
240	251
240	279
240	330
240	398
240	410
240	534
240	662
240	987
241	503
241	834
241	915
242	509
242	548
242	555
242	683
242	875
242	980
243	332
243	444
243	467
243	587
243	656
243	707
243	883
243	928
243	942
243	963
243	981
243	994
244	306
244	404
244	516
244	527
244	598
244	694
244	889
244	957
244	989
245	996
246	373
246	424
246	446
246	468
246	527
246	554
246	587
246	681
246	745
246	822
246	862
246	888
246	898
246	944
246	957
247	362
247	500
247	550
247	595
247	622
247	687
247	846
247	883
248	554
248	879
248	941
250	405
250	442
250	542
250	547
250	695
250	820
250	924
250	990
251	356
251	668
251	798
251	867
251	942
251	983
252	380
252	813
252	826
252	968
252	995
253	296
253	508
253	602
253	658
253	702
253	769
253	897
254	336
254	382
254	384
254	454
254	489
254	539
254	584
254	600
254	656
254	679
254	830
254	893
254	895
254	908
254	919
254	937
255	364
255	514
255	530
255	641
256	391
256	443
256	545
256	820
258	281
258	338
258	362
258	423
258	439
258	556
258	630
258	697
258	778
258	811
258	827
258	830
259	293
259	325
259	409
259	480
259	508
259	521
259	570
259	617
259	636
259	686
259	693
259	906
261	404
261	510
262	371
262	419
262	444
262	527
262	657
262	822
262	856
262	919
263	308
263	311
263	912
264	406
264	482
264	602
264	603
264	753
264	837
264	960
265	308
265	984
266	398
266	596
266	704
266	782
267	356
267	552
267	640
267	689
268	535
268	680
268	712
268	813
268	818
268	865
268	886
269	305
269	309
269	315
269	332
269	350
269	456
269	551
269	719
269	763
269	830
270	365
270	548
270	662
270	714
270	751
270	948
271	362
271	430
271	778
271	809
272	346
272	378
272	695
273	557
273	619
273	694
273	711
274	294
274	407
274	566
274	618
274	876
274	925
274	963
275	453
275	533
275	632
275	651
275	718
275	820
275	868
276	420
276	516
276	753
276	783
277	350
277	460
277	478
277	695
277	750
278	382
278	412
278	431
278	733
278	871
279	495
279	533
279	558
279	567
279	604
279	734
280	307
280	337
280	349
280	360
280	385
280	415
280	446
280	452
280	489
280	519
280	587
280	676
280	707
280	734
280	762
280	769
280	836
280	871
281	326
281	329
281	342
281	409
281	422
281	423
281	524
281	539
281	663
281	729
281	777
281	780
281	860
281	886
281	893
281	922
281	923
281	930
282	316
282	329
282	386
282	636
282	687
282	780
282	786
282	932
282	934
283	323
283	382
283	715
283	972
283	996
284	390
284	523
284	570
284	581
284	661
284	845
284	974
285	384
285	423
285	469
285	495
285	504
285	622
285	716
285	779
285	780
285	859
285	886
285	918
285	934
285	980
286	314
286	316
286	534
286	607
286	704
286	885
287	538
287	864
288	364
288	425
288	524
288	601
288	641
288	642
288	654
288	715
288	937
288	945
289	498
289	670
289	745
289	746
289	778
289	860
290	355
290	574
290	751
290	913
290	979
291	541
292	398
292	875
293	338
293	380
293	381
293	446
293	473
293	529
293	536
293	746
293	794
293	803
293	839
293	857
294	451
294	513
294	547
294	554
294	568
294	586
294	674
294	718
294	777
294	803
294	822
294	887
294	915
294	959
295	345
295	603
295	853
296	468
296	559
296	560
296	664
296	705
296	731
296	753
296	831
296	910
297	329
297	421
297	492
297	532
297	608
297	665
297	940
297	993
298	312
298	336
298	458
298	467
298	504
298	524
298	533
298	544
298	626
298	734
298	786
298	830
298	841
298	878
298	887
298	934
298	961
299	324
299	404
299	557
299	664
299	688
299	698
299	834
299	905
300	401
300	939
301	582
301	881
302	362
302	403
302	423
302	498
302	580
302	836
302	970
303	984
304	927
305	352
305	374
305	383
305	389
305	398
305	467
305	480
305	622
305	675
305	680
305	683
305	699
305	708
305	725
305	747
305	751
305	775
305	810
305	835
305	836
305	906
305	928
306	380
306	525
306	557
306	657
306	721
306	833
306	834
307	374
307	396
307	497
307	504
307	577
307	594
307	631
307	698
307	699
307	708
308	459
308	587
308	664
308	855
308	857
309	520
309	535
309	671
309	676
309	686
309	747
309	774
309	836
310	449
310	491
310	720
310	874
311	351
311	597
311	881
311	984
312	364
312	504
312	556
312	577
312	601
312	648
312	691
312	749
312	871
312	883
312	908
312	930
312	949
312	961
313	348
313	453
313	546
313	580
313	662
313	703
313	766
313	787
314	433
314	489
314	537
314	554
314	558
314	580
314	584
314	631
314	653
314	840
314	892
314	904
315	332
315	341
315	596
315	722
315	882
316	415
316	714
316	789
316	798
316	986
317	337
317	362
317	396
317	423
317	463
317	539
317	614
317	672
317	686
317	779
317	827
317	865
317	906
317	922
317	923
318	765
319	489
319	590
319	661
319	669
320	411
320	739
320	893
320	894
321	456
321	539
321	596
321	676
321	680
321	683
321	803
321	949
322	771
322	903
322	976
323	538
323	601
323	641
323	878
324	436
324	585
324	598
324	688
324	851
324	978
325	344
325	497
325	535
325	826
325	870
326	382
326	383
326	403
326	411
326	452
326	469
326	558
326	609
326	668
326	682
326	750
326	851
326	918
326	930
326	937
326	987
328	505
328	641
328	842
328	884
328	961
329	399
329	451
329	558
329	779
329	871
329	880
330	439
330	467
330	484
330	548
330	594
330	596
330	640
330	699
330	987
331	669
331	749
332	441
332	985
333	514
334	495
334	662
334	691
334	732
334	980
334	993
334	994
335	589
335	667
335	735
336	349
336	360
336	361
336	384
336	580
336	600
336	656
336	658
336	701
336	707
336	751
336	761
336	778
336	883
337	350
337	396
337	494
337	497
337	551
337	560
337	591
337	761
337	778
337	797
337	839
337	870
337	983
338	340
338	342
338	354
338	360
338	375
338	387
338	392
338	394
338	464
338	473
338	490
338	619
338	636
338	815
339	666
340	388
340	486
340	593
340	631
340	686
341	361
341	374
341	381
341	441
341	560
341	727
341	983
341	985
342	380
342	404
342	446
342	515
342	587
342	679
342	688
342	701
342	832
342	934
343	360
343	459
343	478
343	736
343	837
343	960
343	999
344	576
344	709
344	746
344	781
344	805
344	813
344	832
344	849
344	952
344	964
345	491
345	540
345	591
345	684
345	912
347	474
347	482
347	516
347	822
347	837
347	910
347	978
348	532
348	604
348	740
348	764
348	921
348	940
348	993
349	369
349	432
349	458
349	518
349	550
349	682
349	822
349	934
349	963
350	423
350	523
350	550
350	596
350	687
350	707
350	725
350	803
352	476
352	574
352	751
352	835
352	843
352	844
352	907
353	606
353	727
353	948
353	973
354	397
354	534
354	595
354	641
354	652
354	653
354	691
354	701
354	739
354	969
355	590
355	882
356	440
356	500
356	662
356	771
356	775
356	811
356	867
357	371
357	392
357	429
357	541
357	546
357	618
357	644
357	668
357	700
357	756
357	777
357	856
357	887
357	892
357	926
358	613
358	750
358	756
359	374
359	845
359	952
360	569
360	671
360	712
360	778
360	813
360	832
361	446
361	623
361	794
361	803
361	826
361	886
361	949
362	398
362	423
362	535
362	550
362	656
362	983
363	855
364	410
364	601
364	759
364	972
365	386
365	454
365	504
365	595
365	675
365	683
365	716
365	731
365	780
365	895
365	987
367	705
367	773
368	517
369	412
369	477
369	478
369	518
369	635
369	816
369	818
369	837
369	937
371	392
371	490
371	558
371	564
371	682
371	793
371	839
371	883
371	922
371	961
372	404
372	434
372	459
372	658
372	774
372	855
372	862
372	928
372	989
373	415
373	421
373	422
373	433
373	453
373	495
373	545
373	552
373	642
373	762
373	780
373	787
373	816
373	919
373	926
373	949
373	978
374	441
374	535
374	550
374	708
374	714
374	731
374	755
374	782
375	498
375	582
375	686
375	769
375	923
376	500
376	509
376	616
376	727
376	782
376	918
377	394
377	404
377	501
377	619
377	644
377	688
377	898
377	957
378	400
378	453
378	533
378	558
378	730
378	764
378	880
380	406
380	446
380	459
380	478
380	506
380	593
380	627
380	636
380	658
380	729
380	746
380	777
380	785
380	787
380	830
380	832
380	900
380	928
381	415
381	422
381	423
381	452
381	454
381	515
381	525
381	717
381	758
381	780
381	835
381	871
381	875
381	970
382	522
382	604
382	757
382	764
382	820
382	842
382	893
382	921
382	926
383	642
383	885
383	895
383	980
384	454
384	548
384	623
384	860
384	970
385	577
385	617
385	686
385	809
386	423
386	544
386	675
386	830
386	886
386	919
387	490
387	515
387	536
387	708
387	717
387	745
387	764
387	774
387	791
388	602
388	605
388	712
388	792
388	910
389	403
389	469
389	489
389	653
389	654
389	701
389	723
389	803
389	942
389	949
389	987
390	643
390	843
391	447
391	533
391	629
391	954
392	642
392	729
392	783
392	797
392	960
393	428
393	500
393	982
394	420
394	598
394	619
394	660
394	702
394	812
394	851
395	523
395	722
395	763
395	788
395	849
395	865
395	869
396	480
396	519
396	524
396	560
396	683
396	686
396	754
396	928
397	484
397	530
397	571
397	647
397	691
397	734
397	834
397	882
397	885
398	504
398	550
398	622
398	682
398	699
398	701
398	928
398	987
399	473
399	490
399	648
399	701
399	859
399	892
399	900
399	963
400	492
400	567
400	607
400	640
400	641
400	678
402	493
402	501
402	924
403	444
403	495
403	532
403	546
403	604
403	651
403	732
403	777
403	868
403	901
403	918
403	993
404	468
404	649
404	681
404	924
405	448
405	848
406	441
406	473
406	717
406	822
406	871
407	429
407	432
407	545
407	568
407	575
407	915
407	919
407	993
407	994
408	429
408	546
408	608
408	609
408	668
408	756
408	878
408	880
408	926
409	454
409	494
409	551
409	560
409	621
409	698
409	734
409	923
409	928
409	966
410	577
410	595
410	641
410	662
411	544
411	547
411	641
411	715
411	739
411	789
412	527
412	546
412	554
412	578
412	635
412	729
412	764
412	783
412	915
413	443
413	513
413	681
413	820
415	452
415	490
415	527
415	537
415	682
415	745
415	839
415	871
415	919
415	956
415	990
416	696
416	969
417	499
418	443
418	447
418	585
418	681
419	467
419	506
419	518
419	584
419	623
419	631
419	657
419	787
419	803
419	826
419	834
419	963
419	990
420	573
421	432
421	668
422	446
422	454
422	489
422	529
422	600
422	631
422	826
422	830
422	839
422	860
422	908
423	454
423	467
423	498
423	560
423	580
423	675
423	701
423	708
423	797
423	859
423	895
423	906
424	433
424	478
424	495
424	558
424	649
424	741
424	835
425	522
425	577
425	618
425	648
425	779
425	880
425	903
425	951
425	972
426	455
426	773
427	847
428	572
429	438
429	542
429	715
429	730
429	739
429	750
429	854
429	918
429	951
430	852
431	464
431	478
431	490
431	564
431	681
431	832
432	518
432	568
432	834
432	854
432	901
432	914
432	915
433	460
433	518
433	522
433	700
433	835
433	941
434	435
434	654
434	676
434	778
434	895
434	946
434	987
435	439
435	456
435	719
435	797
435	986
436	583
437	575
437	618
437	858
437	955
438	624
438	884
438	887
438	972
439	509
439	596
439	683
439	744
439	775
439	811
439	979
439	986
440	507
440	683
440	981
441	457
441	524
441	544
441	550
441	560
441	636
441	654
441	680
441	687
441	731
441	744
442	501
442	718
442	837
442	924
443	453
443	518
443	545
443	750
443	933
444	446
444	506
444	524
444	584
444	596
444	631
444	642
444	657
444	699
444	713
444	745
444	893
444	922
444	966
445	466
446	454
446	470
446	587
446	657
446	713
446	734
446	762
446	770
446	792
446	860
446	871
446	995
447	453
447	481
447	586
447	651
447	750
448	724
448	795
448	851
448	965
449	659
449	849
450	471
450	474
450	515
450	559
450	621
450	664
450	692
450	753
450	821
450	855
450	900
450	989
451	467
451	504
451	558
451	568
451	783
451	956
452	657
452	663
452	682
452	708
452	719
452	729
452	780
452	793
452	816
452	846
452	908
452	966
452	995
453	541
453	668
453	742
454	515
454	621
454	627
454	701
454	708
454	780
454	786
454	803
454	830
454	928
454	970
455	531
455	611
456	675
456	680
456	738
456	865
456	906
456	955
457	617
457	738
457	913
457	917
457	974
458	648
458	691
458	841
458	842
458	880
458	885
458	932
458	934
458	942
459	536
459	557
459	657
459	698
459	717
459	745
459	818
460	495
460	649
460	816
460	838
460	840
460	856
460	908
460	994
462	482
462	506
462	733
462	770
462	896
462	960
463	673
463	723
464	583
464	862
465	792
465	813
465	860
465	874
465	989
467	469
467	663
467	730
467	780
467	793
467	846
467	922
468	470
468	551
468	567
468	634
468	645
468	679
468	781
468	934
468	995
469	550
469	642
469	653
469	656
469	682
469	827
469	908
470	503
470	631
470	713
470	721
470	769
470	784
470	910
471	569
471	605
471	658
471	697
471	857
472	521
472	658
472	722
472	755
472	981
473	506
473	524
473	619
473	702
473	756
473	785
473	883
473	919
473	956
474	597
474	724
474	890
476	596
476	737
476	811
476	985
477	513
477	554
477	700
477	748
477	815
477	859
477	956
477	963
478	545
478	635
478	959
479	522
479	580
479	683
479	714
480	595
480	621
480	671
480	706
480	775
480	930
481	519
481	552
481	641
481	764
481	779
481	841
481	901
481	918
481	925
482	543
482	602
482	645
482	721
482	725
482	726
482	736
482	758
482	831
482	928
483	925
484	500
484	776
484	789
484	814
484	875
484	955
485	535
485	634
485	760
485	952
486	605
486	709
486	712
486	813
487	647
487	759
487	894
489	571
489	580
489	697
489	729
489	775
489	893
489	930
489	962
489	981
489	986
490	527
490	533
490	623
490	679
490	687
490	839
490	896
491	726
491	916
492	509
492	626
492	715
492	876
492	972
492	977
493	565
494	636
494	672
494	934
495	522
495	546
495	553
495	584
495	635
495	674
495	699
495	757
495	812
495	926
495	956
495	961
497	596
497	672
497	676
497	968
498	508
498	551
498	707
498	946
499	531
499	611
500	556
500	704
500	775
502	565
502	821
502	984
503	667
504	533
504	648
504	685
504	687
504	699
504	701
504	732
504	739
504	762
504	779
504	840
504	894
504	898
504	949
505	538
505	616
505	887
505	976
506	529
506	539
506	600
506	636
506	697
506	707
506	745
507	512
508	631
508	682
508	784
509	595
509	704
509	708
509	737
509	754
509	875
509	899
509	955
510	565
511	812
511	924
512	979
513	547
513	608
513	681
514	550
514	647
514	932
515	569
515	698
515	709
515	745
515	784
515	890
515	910
515	992
516	597
516	664
516	855
516	989
517	557
517	888
518	545
518	558
518	564
518	816
518	835
518	999
519	529
519	539
519	544
519	560
519	778
519	793
519	899
520	540
520	912
521	621
521	716
521	780
522	587
522	609
522	618
522	715
522	739
522	764
522	786
522	801
522	887
522	893
522	894
522	922
523	653
523	672
523	719
523	788
523	952
524	568
524	701
524	751
524	780
524	826
524	922
524	928
524	963
524	990
525	565
525	698
525	702
525	781
525	888
525	978
525	990
527	564
527	619
527	665
527	674
527	757
527	769
527	785
527	812
527	859
527	928
528	610
528	620
529	630
529	682
529	712
529	762
529	793
529	946
530	640
530	918
530	977
532	858
532	945
532	954
533	542
533	568
533	604
533	834
533	878
533	901
534	814
534	980
535	744
535	791
535	810
535	874
536	580
536	803
536	826
536	871
536	908
537	880
538	616
538	639
538	953
539	679
539	758
539	793
539	826
539	970
540	603
540	649
540	745
540	855
541	566
541	629
541	825
542	618
542	681
542	700
542	741
542	750
542	921
542	934
542	940
543	559
543	670
543	698
543	784
544	550
544	642
544	654
544	663
544	685
544	841
544	880
544	932
544	966
545	558
545	587
545	635
545	695
545	700
545	787
545	816
545	956
546	547
546	892
546	919
546	926
546	945
547	915
548	595
548	622
548	687
548	904
548	922
549	626
549	926
549	969
549	997
550	636
550	662
550	665
550	721
550	777
550	836
550	871
550	987
551	631
551	671
551	717
551	803
551	856
551	896
552	665
552	702
552	715
552	743
552	835
552	949
552	976
553	557
553	565
553	649
553	698
553	758
553	762
553	781
553	784
553	785
553	833
554	619
554	695
554	748
554	777
554	835
554	898
554	956
554	957
554	959
555	759
555	782
556	577
556	654
556	727
556	827
556	841
556	843
557	588
557	649
557	736
557	831
557	978
557	992
558	665
558	674
558	700
558	764
558	798
558	800
558	898
558	901
558	945
559	602
559	645
559	758
559	857
559	890
559	992
560	627
560	676
560	679
560	803
560	886
560	892
560	906
560	928
561	652
563	589
563	847
563	848
564	657
564	681
564	769
564	781
564	822
564	834
564	839
564	896
564	934
565	660
565	664
565	770
566	575
566	950
566	954
566	993
566	994
567	631
567	674
567	703
567	780
567	832
567	859
567	871
567	922
568	871
568	898
568	937
568	994
569	593
569	605
569	709
569	712
569	753
569	792
569	831
569	952
570	845
570	983
571	679
571	751
571	841
571	864
571	980
572	850
573	826
574	844
574	913
575	820
575	838
575	926
575	951
576	751
577	580
577	648
577	882
577	962
578	602
578	734
578	745
578	758
578	823
578	833
578	908
578	999
579	583
579	627
579	703
579	746
579	815
579	938
579	947
580	631
580	708
580	883
580	966
580	983
582	592
582	781
582	817
583	698
583	758
583	781
583	890
583	978
584	729
584	734
584	777
584	785
584	818
584	838
584	886
584	887
584	896
584	908
584	922
584	995
585	933
586	644
586	748
586	994
587	713
587	780
587	832
587	900
587	904
587	918
587	930
588	741
588	833
588	834
590	673
590	676
590	706
590	728
590	761
591	603
591	671
591	805
591	849
591	923
592	755
592	853
592	874
593	672
593	823
593	886
594	634
594	675
594	683
594	693
594	707
594	751
594	895
594	949
594	980
595	637
595	754
595	761
595	895
595	955
596	654
596	656
596	708
596	780
596	886
596	942
598	649
598	681
598	999
600	623
600	769
600	778
600	784
600	989
601	626
601	647
601	662
601	751
601	779
601	867
601	918
602	664
602	794
602	999
603	670
603	753
603	968
604	699
604	700
604	779
604	835
604	842
604	859
604	926
605	671
606	808
606	948
607	647
607	648
607	662
607	972
608	613
608	941
609	616
609	648
609	682
609	764
609	779
609	892
609	894
609	966
610	655
612	633
612	889
612	944
613	796
614	672
614	680
614	747
614	763
614	794
614	810
615	726
615	813
616	885
616	911
616	972
617	673
617	865
617	974
618	629
618	781
618	915
619	635
619	657
619	658
619	688
619	702
619	734
619	770
619	777
619	832
619	856
619	957
619	990
620	655
620	927
621	636
621	663
621	708
621	745
621	886
621	904
621	970
622	656
622	680
622	875
622	886
622	981
622	983
622	987
623	712
623	736
623	923
624	756
624	911
625	690
626	696
626	743
626	771
627	631
627	731
627	778
627	964
627	995
628	858
628	975
629	876
629	914
629	925
630	708
630	751
630	907
630	917
630	983
631	663
631	703
631	745
631	814
631	871
631	989
632	858
632	950
633	660
633	851
633	927
634	636
634	731
634	763
634	778
634	826
634	886
635	700
635	871
636	706
636	737
636	744
636	780
636	822
636	886
636	928
637	828
638	874
639	801
639	942
639	953
639	996
640	662
640	691
640	754
640	885
640	966
641	685
641	691
641	732
641	779
641	864
641	885
642	654
642	930
642	949
644	668
644	688
644	834
644	905
645	657
645	818
645	837
645	857
645	894
645	978
646	666
646	776
647	759
647	771
647	953
648	653
648	780
648	922
648	980
649	702
649	705
649	818
649	856
649	989
650	911
650	936
650	982
651	879
651	954
651	993
653	654
653	682
653	699
653	878
653	986
654	656
654	699
654	780
654	841
654	980
655	833
656	835
656	898
656	908
656	918
656	949
656	980
657	888
657	896
657	905
657	919
657	990
658	853
658	968
659	673
659	760
659	845
660	724
660	767
661	723
661	869
661	955
662	841
662	994
663	717
663	725
663	751
663	793
663	830
663	904
664	747
664	818
664	831
664	938
665	739
665	816
665	892
665	980
665	993
667	879
667	914
668	926
669	727
670	711
670	800
670	837
670	897
671	708
671	722
671	763
671	788
671	830
672	929
673	723
673	869
674	730
674	887
674	892
674	901
674	919
674	951
674	963
675	827
675	846
675	903
676	693
676	725
676	870
676	987
677	909
678	759
678	801
678	977
679	701
679	746
679	816
679	871
679	900
679	901
679	956
680	747
680	774
680	865
680	928
681	718
681	748
681	820
681	825
681	905
681	954
682	732
682	856
682	926
683	708
683	836
685	687
686	722
686	855
686	929
686	952
687	786
688	721
688	783
688	888
688	933
689	899
690	759
690	828
691	699
691	782
692	818
692	831
693	755
693	763
693	774
693	895
693	917
694	851
695	703
695	750
695	880
695	933
695	951
695	963
697	729
697	753
697	797
697	826
697	897
698	770
698	778
698	784
698	785
698	822
699	734
700	740
700	748
700	956
700	959
701	762
701	778
701	781
701	816
701	883
701	908
701	922
701	930
701	949
702	792
702	834
702	862
702	900
702	999
703	713
703	839
703	898
703	930
703	945
703	959
704	798
705	984
706	787
706	797
706	923
706	946
707	791
707	803
707	906
707	917
708	870
708	928
708	985
708	987
709	784
709	831
709	964
711	912
712	726
712	778
712	823
712	923
713	762
713	777
713	818
713	898
713	959
714	751
714	963
715	804
715	835
716	717
716	752
716	836
717	779
717	783
717	923
717	946
717	970
718	777
718	876
718	915
718	951
719	778
719	797
719	896
720	853
721	745
721	758
721	783
721	785
721	832
721	857
722	723
722	763
722	788
724	799
724	855
725	744
725	923
725	985
726	794
727	827
727	962
729	744
730	764
730	926
732	777
732	854
732	934
733	905
733	960
734	793
734	883
734	895
734	904
736	938
736	989
736	992
737	842
738	788
738	810
738	974
739	835
739	918
739	980
740	766
740	961
740	993
741	940
742	914
742	915
743	887
743	976
744	746
744	747
744	791
744	810
744	942
744	968
745	746
745	772
745	890
746	769
746	778
746	784
746	871
747	777
748	832
748	862
748	956
749	755
749	761
750	915
750	933
750	945
751	949
751	983
752	845
752	852
753	758
753	784
753	819
753	831
753	900
754	836
754	986
755	870
755	981
756	838
756	868
756	966
757	782
757	892
757	908
757	926
758	832
758	857
760	993
761	886
761	893
761	895
762	840
763	810
763	923
764	892
767	888
769	770
769	778
769	839
769	860
769	890
770	815
770	856
770	859
770	860
772	815
772	964
772	970
772	978
774	928
774	946
775	843
775	875
775	955
775	962
777	840
777	870
777	945
778	990
778	995
779	787
779	826
779	893
779	918
779	949
780	793
780	814
780	898
780	970
780	990
782	814
782	911
782	955
783	826
783	831
783	854
783	857
783	860
783	933
783	999
784	785
784	794
784	857
785	839
785	990
786	830
786	895
786	904
786	908
786	932
786	941
787	908
787	919
787	956
788	797
788	865
788	929
789	829
789	882
789	903
789	973
790	872
792	857
792	897
793	803
793	830
793	883
793	922
793	928
793	989
794	813
794	827
797	875
798	841
800	957
800	978
801	903
803	826
803	928
804	842
806	915
806	953
806	958
806	996
808	875
810	946
811	863
812	834
812	905
812	941
813	821
814	835
814	962
814	980
814	986
815	822
815	978
815	990
816	904
816	992
817	881
817	891
817	916
817	937
818	928
818	963
818	999
819	821
819	857
819	947
820	933
821	881
822	957
825	868
826	830
826	839
826	946
826	986
827	863
827	895
829	842
830	893
830	906
830	928
831	857
832	857
832	983
832	995
833	941
833	957
834	859
834	862
835	894
836	962
837	919
837	999
838	893
838	922
838	937
838	959
839	843
839	900
839	941
839	959
840	893
840	900
840	937
840	995
841	932
841	986
841	994
842	958
842	972
843	985
844	907
844	913
844	917
845	865
849	952
851	856
853	920
854	859
854	883
854	887
854	945
855	857
856	893
856	921
856	978
856	999
859	871
859	880
859	937
859	956
862	941
863	875
864	885
865	974
866	888
866	927
866	960
870	923
870	952
875	911
875	942
875	987
876	892
876	921
876	940
876	950
876	993
878	892
878	945
878	993
881	998
883	970
884	893
886	926
886	970
887	926
887	951
888	944
889	905
889	924
889	944
890	960
890	999
892	915
893	900
893	956
893	957
893	993
894	923
894	934
894	963
896	959
898	921
898	956
900	946
901	993
904	987
904	995
907	981
910	922
910	989
911	973
912	984
913	917
913	936
913	971
915	959
916	998
917	974
922	963
923	929
923	946
925	997
926	959
926	961
928	970
932	976
932	986
934	966
936	966
936	971
938	992
942	970
942	976
944	960
945	993
951	994
954	997
955	973
955	996
959	990
964	968
967	972
989	992
