0	57
0	113
0	125
0	208
0	278
0	598
0	649
1	24
1	266
1	387
1	576
2	20
2	38
2	127
2	172
2	202
2	206
2	248
2	260
2	352
2	493
2	573
2	691
2	702
2	721
2	734
2	773
2	838
2	883
2	906
2	916
2	937
2	958
2	997
3	49
3	207
3	257
3	492
3	546
3	592
3	614
3	653
3	688
3	803
3	823
3	849
3	980
4	172
4	195
4	252
4	259
4	405
4	498
4	561
4	680
4	718
4	787
4	839
5	69
5	189
5	273
5	347
5	358
5	380
5	425
5	447
5	505
5	558
5	644
5	659
5	667
5	756
5	896
5	966
5	972
6	16
6	156
6	256
6	392
6	491
6	601
6	710
6	722
6	802
6	992
7	293
7	833
7	867
8	45
8	91
8	154
8	226
8	298
8	322
8	395
8	609
8	639
8	644
8	858
8	888
8	918
9	153
9	204
9	600
9	618
9	993
10	112
10	211
10	661
10	780
10	795
10	894
11	17
11	40
11	82
11	171
11	189
11	250
11	341
11	384
11	441
11	450
11	457
11	602
11	604
11	615
11	752
11	766
11	774
11	778
12	653
12	869
13	126
13	473
13	569
13	592
13	679
13	701
13	773
13	842
13	855
13	901
13	906
13	980
13	995
14	34
14	130
14	170
14	354
14	793
14	898
14	953
16	19
16	94
16	127
16	156
16	200
16	215
16	252
16	395
16	442
16	459
16	489
16	505
16	558
16	615
16	667
16	851
16	960
17	58
17	98
17	145
17	243
17	268
17	300
17	602
17	640
17	655
17	668
17	693
17	728
17	752
17	756
17	876
17	899
18	205
18	343
18	662
18	791
19	80
19	112
19	128
19	220
19	243
19	262
19	302
19	403
19	558
19	582
19	639
19	693
19	721
19	884
19	997
20	165
20	188
20	289
20	364
20	401
20	515
20	571
20	838
20	870
20	937
20	945
20	980
21	77
21	155
21	367
21	782
21	881
22	299
22	785
23	347
23	417
23	446
23	538
23	550
23	584
23	917
24	39
24	96
24	177
24	397
24	407
24	416
24	430
24	479
24	563
24	658
24	708
24	722
25	117
25	138
25	209
25	268
25	310
25	381
25	407
25	478
25	559
25	896
26	164
27	182
27	359
27	420
28	121
28	230
28	488
28	560
28	727
28	737
28	764
28	911
28	959
28	964
29	55
29	363
29	592
29	626
29	863
29	877
29	902
30	367
30	694
30	967
31	33
31	34
31	96
31	138
31	269
31	273
31	305
31	442
31	551
31	589
31	651
31	655
31	667
31	756
31	771
31	852
31	862
31	921
31	928
32	112
32	196
32	202
32	203
32	243
32	256
32	268
32	494
32	602
32	698
32	844
32	853
32	883
32	916
33	147
33	209
33	267
33	407
33	601
33	651
33	802
33	896
33	992
34	51
34	130
34	153
34	270
34	315
34	479
34	561
34	787
34	900
35	45
35	181
35	232
35	241
35	306
35	329
35	365
35	392
35	395
35	558
35	639
35	915
36	222
36	231
36	340
36	398
36	645
36	665
36	668
36	754
36	767
36	823
36	922
37	130
37	196
37	285
37	486
37	545
37	561
37	651
37	786
37	797
37	928
37	997
38	307
38	310
38	390
38	400
38	456
38	488
38	678
38	711
38	721
38	775
38	998
39	196
39	953
39	992
40	58
40	74
40	129
40	146
40	159
40	203
40	250
40	589
40	604
40	719
40	730
40	760
41	58
41	288
41	343
41	622
41	878
42	71
42	367
42	460
42	696
43	610
43	907
44	152
44	258
44	311
44	375
44	410
44	592
44	653
44	708
44	933
45	60
45	298
45	324
45	329
45	365
45	431
45	584
45	616
45	622
45	786
45	807
46	51
46	131
46	148
46	189
46	196
46	223
46	255
46	332
46	341
46	524
46	558
46	654
46	797
46	960
47	95
47	192
47	277
47	327
47	377
47	422
47	527
47	758
47	799
48	240
48	264
48	309
48	355
48	777
48	850
48	914
49	173
49	258
49	272
49	289
49	319
49	364
49	383
49	524
49	547
49	693
49	702
49	819
49	826
49	877
49	959
49	964
49	969
50	128
50	184
50	260
50	327
50	451
50	471
50	511
50	631
50	714
50	950
50	972
51	82
51	329
51	409
51	441
51	457
51	514
51	524
51	545
51	606
51	609
51	621
51	770
51	815
52	61
52	99
52	121
52	164
52	195
52	269
52	359
52	388
52	396
52	398
52	425
52	468
52	646
52	729
52	775
52	851
53	133
53	267
54	56
54	140
54	161
54	261
54	414
54	745
54	886
54	902
55	124
55	161
55	188
55	319
55	334
55	353
55	634
55	701
55	741
55	753
55	768
55	808
55	887
55	897
55	906
56	163
56	167
56	262
56	302
56	330
56	378
56	393
56	412
56	467
56	527
56	662
56	683
56	714
56	858
57	86
57	380
57	391
57	533
57	889
58	74
58	106
58	159
58	163
58	300
58	441
58	471
58	514
58	649
58	733
58	752
58	946
59	71
59	620
59	949
60	270
60	329
60	432
60	446
60	700
60	821
60	952
60	993
60	998
61	310
61	398
61	451
61	465
61	478
61	575
61	624
61	646
61	658
61	678
61	774
61	968
61	972
61	994
62	944
63	189
63	332
63	550
63	552
63	654
63	705
64	112
64	128
64	136
64	139
64	172
64	188
64	257
64	352
64	364
64	408
64	415
64	422
64	428
64	450
64	458
64	465
64	560
64	593
64	695
64	734
64	769
64	773
64	796
64	823
64	824
64	884
64	911
64	937
64	960
65	316
65	348
65	362
65	440
65	467
65	611
65	649
65	716
65	876
66	81
66	222
66	233
66	507
66	511
66	535
66	583
66	690
66	754
67	115
67	149
67	158
67	162
67	200
67	381
67	443
67	459
67	517
67	732
67	909
67	930
67	974
68	184
68	451
68	482
68	544
68	691
68	739
68	824
68	923
68	934
68	958
69	273
69	281
69	345
69	667
69	977
70	99
70	121
70	252
70	368
70	459
70	478
70	484
70	644
70	718
70	726
70	814
70	839
70	935
70	963
70	968
71	522
71	531
71	620
71	623
72	126
72	144
72	246
72	321
72	361
72	629
72	645
72	723
72	813
72	826
72	827
72	883
73	130
73	136
73	150
73	206
73	289
73	390
73	458
73	584
73	613
73	631
73	714
73	750
73	817
73	824
73	884
73	943
74	86
74	125
74	204
74	224
74	298
74	313
74	330
74	365
74	377
74	514
74	589
74	609
74	634
74	650
74	903
74	911
74	965
75	723
75	978
76	95
76	334
76	336
76	513
76	741
76	881
76	931
77	114
77	855
77	937
78	346
80	334
80	383
80	453
80	471
80	547
80	614
80	672
80	717
80	773
80	795
80	814
80	877
80	911
80	936
81	357
81	574
81	865
82	215
82	323
82	354
82	358
82	389
82	534
82	750
82	847
82	862
82	930
83	222
83	356
83	415
83	569
83	679
83	682
83	688
83	690
83	842
83	855
84	446
84	642
84	944
85	106
85	142
85	219
85	360
85	428
85	471
85	506
85	516
85	572
85	593
85	622
85	636
85	812
85	819
85	886
86	98
86	125
86	151
86	192
86	203
86	302
86	412
86	440
86	496
86	503
86	595
86	617
86	668
86	693
86	875
86	882
86	885
86	965
88	96
88	117
88	189
88	197
88	266
88	342
88	397
88	563
88	576
88	793
88	921
89	508
89	779
90	211
90	277
90	278
90	334
90	516
90	706
90	789
91	98
91	145
91	171
91	224
91	302
91	330
91	404
91	440
91	471
91	506
91	581
91	683
91	753
91	851
91	892
92	794
92	837
93	139
93	143
93	164
93	194
93	281
93	364
93	383
93	390
93	398
93	400
93	401
93	476
93	638
93	703
93	729
93	740
93	817
93	835
93	914
93	971
94	171
94	347
94	373
94	380
94	486
94	602
94	640
94	698
94	728
94	738
95	97
95	113
95	344
95	492
95	572
95	714
95	790
96	156
96	305
96	771
96	845
97	144
97	145
97	302
97	313
97	378
97	450
97	649
97	698
97	778
97	827
97	860
97	864
97	946
97	997
98	107
98	192
98	467
98	471
98	595
98	695
98	717
98	897
99	120
99	274
99	368
99	546
99	734
99	736
99	779
99	883
99	923
99	926
100	164
100	184
100	195
100	231
100	447
100	530
100	548
100	624
100	724
100	736
100	798
100	892
100	974
101	120
101	173
101	182
101	229
101	291
101	318
101	326
101	331
101	378
101	390
101	405
101	483
101	497
101	688
101	701
101	740
101	826
101	877
102	209
102	266
102	394
102	756
102	793
102	840
103	125
103	512
103	619
103	636
103	741
103	790
103	933
104	138
104	736
104	761
104	837
104	908
104	963
105	144
105	151
105	173
105	291
105	327
105	352
105	415
105	672
105	702
105	777
105	887
105	892
105	918
105	937
105	969
105	975
105	990
106	236
106	541
106	619
106	627
106	875
107	161
107	202
107	216
107	360
107	386
107	414
107	715
107	753
107	768
107	812
107	940
107	987
108	218
108	716
109	759
110	547
110	768
110	784
110	941
110	948
112	136
112	145
112	151
112	192
112	344
112	352
112	453
112	511
112	562
112	573
112	631
112	649
112	673
112	876
112	888
112	921
112	933
113	144
113	192
113	300
113	316
113	383
113	427
113	493
113	625
113	650
113	721
113	750
113	758
113	789
113	903
113	920
114	356
114	434
115	308
115	385
115	447
115	501
115	587
115	671
115	729
115	779
115	859
115	909
116	122
116	299
116	397
116	479
116	555
116	667
116	960
117	138
117	345
117	452
117	561
117	563
117	601
117	651
117	787
117	802
117	848
118	182
118	213
118	482
118	865
118	914
118	947
119	204
119	260
119	277
119	595
119	610
119	882
120	172
120	202
120	307
120	400
120	458
120	835
120	846
120	892
120	971
121	304
121	381
121	425
121	467
121	476
121	546
121	559
121	624
121	680
121	769
121	772
121	837
121	838
121	851
121	963
121	972
122	133
122	600
122	618
124	258
124	375
124	492
124	496
124	511
124	569
124	683
124	801
124	836
124	863
124	864
124	870
124	872
124	924
124	986
125	316
125	347
125	424
125	506
125	617
125	955
125	984
126	504
126	645
126	734
126	777
126	781
126	795
126	810
127	234
127	281
127	364
127	401
127	427
127	455
127	492
127	729
127	737
127	850
127	929
127	937
128	230
128	232
128	251
128	290
128	322
128	400
128	425
128	606
128	613
128	778
128	814
128	815
128	844
128	852
128	884
129	131
129	159
129	242
129	300
129	348
129	406
129	502
129	668
129	834
129	858
129	873
129	884
129	915
130	352
130	354
130	373
130	425
130	441
130	515
130	551
130	678
130	821
131	189
131	215
131	226
131	270
131	329
131	491
131	692
131	844
131	856
131	952
132	228
132	932
133	618
133	893
134	164
134	269
134	308
134	388
134	456
134	476
134	575
134	625
134	660
134	674
134	708
134	798
134	845
134	961
134	963
136	165
136	173
136	188
136	230
136	364
136	383
136	388
136	455
136	547
136	656
136	721
136	764
136	836
136	846
136	850
136	870
136	906
137	283
137	296
137	675
137	889
138	156
138	323
138	505
138	543
138	559
138	590
138	660
138	697
138	804
138	963
139	229
139	264
139	273
139	307
139	405
139	477
139	530
139	569
139	604
139	633
139	680
139	765
139	775
139	798
139	823
139	831
139	892
139	916
139	942
139	966
140	472
140	496
140	720
140	875
140	940
141	299
141	308
141	590
141	625
141	671
141	761
141	974
142	243
142	298
142	395
142	487
142	710
143	405
143	415
143	495
143	560
144	360
144	453
144	547
144	579
144	672
144	673
144	702
144	730
144	940
144	996
145	167
145	378
145	440
145	450
145	453
145	465
145	471
145	512
145	673
145	688
145	698
145	946
145	997
145	999
146	300
146	393
146	409
146	579
146	609
146	750
146	766
146	846
146	848
146	856
147	156
147	384
147	452
147	489
147	552
147	710
147	928
148	160
148	285
148	468
148	559
148	674
148	737
148	798
148	961
148	963
149	299
149	508
149	510
149	537
149	590
149	785
150	200
150	448
150	546
150	563
150	635
150	644
150	655
150	657
150	814
150	852
150	934
150	946
150	961
151	256
151	401
151	428
151	453
151	506
151	560
151	661
151	673
151	695
151	790
151	874
151	888
151	894
151	903
151	955
151	978
151	984
152	256
152	520
152	567
152	696
152	973
153	654
154	196
154	304
154	348
154	395
154	571
154	639
154	730
154	740
154	770
154	834
154	844
154	937
155	723
156	200
156	384
156	397
156	545
156	615
156	692
156	947
157	325
158	478
158	529
158	658
158	744
159	163
159	208
159	278
159	404
159	467
159	471
159	493
159	984
160	342
160	376
160	590
160	633
160	669
160	744
160	761
161	182
161	573
161	741
161	808
161	870
162	281
162	646
162	712
163	262
163	289
163	329
163	491
163	496
163	533
163	589
163	595
163	670
163	766
163	844
163	858
163	873
163	915
164	388
164	396
164	476
164	501
164	509
164	615
164	674
164	678
164	765
164	798
164	845
164	968
165	248
165	293
165	331
165	423
165	465
165	546
165	629
165	665
165	740
165	781
165	842
165	849
165	864
165	883
165	918
165	964
165	980
165	990
166	522
166	706
166	735
167	204
167	277
167	412
167	532
167	611
167	622
167	858
167	882
167	944
168	171
168	289
168	328
168	373
168	719
168	728
168	950
169	207
169	290
169	316
169	334
169	477
169	494
169	511
169	650
169	710
169	781
169	796
169	811
169	877
169	887
169	903
169	904
169	984
169	997
169	999
171	306
171	377
171	572
171	598
171	605
171	640
171	698
171	829
171	903
172	184
172	304
172	322
172	364
172	383
172	448
172	455
172	606
172	613
172	714
172	787
172	803
172	814
172	815
172	850
172	852
172	899
172	906
172	930
172	937
172	960
173	188
173	195
173	234
173	248
173	256
173	257
173	314
173	327
173	400
173	641
173	681
173	702
173	801
173	937
173	945
173	975
173	999
176	217
176	396
176	564
176	774
176	832
177	220
177	232
177	315
177	341
177	454
177	515
178	439
178	641
178	669
178	839
178	845
178	871
178	961
178	968
178	969
179	283
179	431
179	605
179	675
179	858
180	339
180	457
180	478
180	935
181	348
181	391
181	395
181	591
181	598
181	604
181	615
181	670
181	684
181	766
181	786
181	858
181	944
181	979
181	985
182	206
182	225
182	263
182	333
182	629
182	726
182	740
182	826
182	838
183	436
183	745
183	857
183	970
184	264
184	274
184	357
184	530
184	614
184	732
184	798
184	835
184	850
184	851
185	220
185	262
185	469
185	829
185	895
186	371
187	264
187	281
187	369
187	385
187	423
187	439
187	459
187	614
187	703
187	737
187	740
187	794
187	814
187	909
188	230
188	246
188	257
188	316
188	462
188	614
188	632
188	691
188	741
188	781
188	795
188	813
188	846
188	964
188	983
189	232
189	281
189	430
189	439
189	561
189	615
189	667
189	747
189	821
189	876
189	945
190	282
190	372
190	500
190	593
190	822
190	868
190	881
190	890
190	967
190	987
191	230
191	360
191	375
191	378
191	458
191	465
191	683
191	688
191	702
191	801
191	811
191	817
191	842
191	883
192	440
192	527
192	566
192	617
192	649
192	683
192	720
192	795
192	844
192	999
193	309
193	358
193	455
193	498
193	530
193	624
193	772
193	798
193	968
193	986
193	994
194	259
194	294
194	323
194	543
194	548
194	568
194	638
195	308
195	447
195	459
195	485
195	664
195	678
195	729
195	732
195	805
195	839
195	887
196	394
196	609
196	655
196	891
196	928
197	221
197	244
197	299
197	518
197	751
197	820
198	366
198	737
198	767
198	881
198	942
198	957
198	959
199	276
199	351
199	417
200	203
200	344
200	355
200	430
200	439
200	655
200	667
200	977
201	612
201	865
202	207
202	230
202	246
202	257
202	281
202	322
202	326
202	352
202	453
202	455
202	547
202	614
202	615
202	670
202	672
202	679
202	892
202	969
203	302
203	330
203	352
203	449
203	517
203	534
203	609
203	613
203	639
203	770
203	773
203	778
204	288
204	306
204	312
204	519
204	760
204	776
204	889
205	403
206	355
206	409
206	484
206	485
206	659
206	681
206	729
206	787
206	846
206	850
206	852
206	937
206	972
207	256
207	391
207	483
207	494
207	592
207	629
207	645
207	688
207	711
207	737
207	768
207	803
207	836
207	849
207	897
207	958
207	964
207	980
208	328
208	383
208	384
208	572
209	305
209	444
209	452
209	521
210	250
210	622
210	807
210	889
210	907
211	516
211	706
211	984
213	308
213	337
213	658
213	736
214	328
214	380
214	493
214	752
214	889
214	952
214	985
214	998
215	251
215	303
215	347
215	449
215	558
215	602
215	604
215	825
215	876
215	884
215	945
216	218
216	437
216	743
217	335
217	703
218	661
218	746
218	946
219	437
219	689
219	745
220	486
220	491
220	589
220	594
220	953
222	355
222	369
222	415
222	535
222	942
222	964
223	338
223	446
223	747
223	749
223	792
223	993
224	514
224	533
224	673
224	683
224	695
224	733
224	986
226	421
226	584
226	601
226	642
226	700
227	406
227	428
227	483
227	493
227	617
227	650
227	668
227	688
227	709
227	710
227	810
227	812
227	888
227	903
227	911
228	255
228	265
229	260
229	262
229	295
229	308
229	310
229	345
229	390
229	409
229	485
229	526
229	579
229	615
229	621
229	648
229	657
229	680
229	769
229	851
229	883
229	891
229	916
229	960
229	990
230	291
230	395
230	415
230	465
230	547
230	672
230	688
230	918
230	957
230	970
231	291
231	574
231	677
231	739
231	803
231	854
231	958
232	268
232	302
232	345
232	384
232	458
232	621
232	797
232	862
232	900
232	943
232	979
233	535
233	757
234	781
234	803
234	940
235	336
235	487
235	987
236	610
236	661
236	720
237	356
238	816
239	279
240	374
240	396
240	666
240	734
240	826
241	260
241	348
241	377
241	404
241	409
241	423
241	458
241	491
241	534
241	613
241	615
241	635
241	778
241	847
241	853
241	884
242	377
242	391
242	463
242	496
242	569
242	784
242	894
242	948
243	290
243	326
243	327
243	364
243	383
243	409
243	428
243	484
243	528
243	650
243	683
243	702
243	808
243	814
243	877
243	892
243	903
243	950
244	407
244	429
244	762
245	623
245	745
246	360
246	405
246	410
246	455
246	507
246	567
246	710
246	764
246	787
246	835
246	971
246	983
246	986
246	995
248	258
248	272
248	364
248	415
248	562
248	644
248	681
248	711
248	721
248	750
248	769
248	787
248	807
248	868
248	885
248	901
248	961
248	990
249	318
249	458
249	488
249	560
249	624
249	726
249	727
249	958
250	306
250	511
250	591
250	598
251	262
251	268
251	295
251	347
251	514
251	589
251	815
251	998
252	295
252	442
252	530
252	631
252	761
252	926
253	340
253	483
253	567
253	782
253	808
253	874
255	329
255	595
255	952
255	953
256	258
256	316
256	330
256	334
256	547
256	569
256	682
256	827
256	849
256	877
256	883
256	904
257	382
257	527
257	569
257	696
257	710
257	781
257	819
257	826
257	852
257	864
257	885
257	897
257	936
257	986
257	997
258	311
258	314
258	363
258	477
258	520
258	528
258	582
258	592
258	656
258	691
258	781
258	897
258	903
258	983
259	548
259	935
260	330
260	409
260	448
260	458
260	471
260	639
260	668
260	770
260	850
260	901
260	903
260	911
261	511
261	795
261	872
261	933
262	383
262	441
262	545
262	562
262	631
262	670
262	847
262	883
262	901
262	943
263	445
263	470
263	520
263	653
263	690
263	942
264	295
264	307
264	405
264	423
264	451
264	485
264	540
264	638
264	732
264	823
264	825
264	850
264	972
265	642
265	663
265	700
265	915
266	416
266	459
266	597
266	651
266	713
266	994
267	392
267	545
267	551
267	651
267	762
267	770
268	327
268	329
268	382
268	441
268	573
268	589
268	639
268	714
268	730
268	847
268	862
268	876
268	953
269	385
269	411
269	501
269	529
269	678
269	896
269	974
270	532
270	676
270	705
271	327
271	448
271	455
271	547
271	681
271	775
271	810
271	887
271	987
272	289
272	298
272	307
272	390
272	408
272	455
272	517
272	817
272	839
272	850
272	851
272	891
272	923
272	999
273	324
273	368
273	376
273	397
273	399
273	430
273	452
273	455
273	521
273	545
273	638
273	639
273	708
273	848
273	862
274	335
274	405
274	459
274	517
274	529
274	544
274	805
274	806
274	947
275	402
275	632
275	694
275	743
275	894
277	364
277	467
277	598
277	791
277	875
278	280
278	288
278	378
278	427
278	717
278	888
278	996
280	395
280	424
280	431
280	598
280	605
280	619
280	799
280	853
280	860
280	894
280	965
281	408
281	422
281	495
281	562
281	613
281	711
281	769
281	770
281	775
281	823
281	884
281	937
282	477
282	487
282	571
282	661
282	710
282	800
282	931
284	333
284	355
284	482
284	488
284	677
284	740
284	754
284	849
285	315
285	411
285	510
285	667
285	674
286	857
287	661
287	872
288	312
288	611
288	719
288	889
289	302
289	322
289	344
289	354
289	395
289	404
289	425
289	450
289	515
289	534
289	635
289	668
289	709
289	710
289	834
289	876
290	383
290	491
290	517
290	631
290	668
290	700
290	717
290	758
290	769
290	796
290	817
290	834
290	845
290	882
290	885
290	911
290	943
291	405
291	484
291	668
291	691
291	714
291	726
291	739
291	796
291	815
291	883
291	902
291	969
292	495
292	504
292	523
292	567
292	861
292	885
292	939
292	957
292	959
293	318
293	325
293	536
293	577
293	582
293	782
293	808
294	659
294	859
295	488
295	608
295	624
295	638
295	646
295	797
295	899
295	916
295	934
295	971
296	580
296	603
297	350
297	445
297	830
298	427
298	871
298	873
298	887
298	936
298	983
299	559
299	704
300	341
300	499
300	515
300	534
300	616
300	654
300	673
300	992
302	347
302	409
302	467
302	562
302	602
302	609
302	766
302	776
302	899
302	945
302	951
303	347
303	373
303	533
303	605
303	693
303	730
303	844
303	882
303	915
304	318
304	341
304	693
304	695
304	718
304	730
304	834
304	848
304	884
304	930
305	397
305	563
305	655
305	756
305	793
305	899
305	928
306	329
306	441
306	566
306	571
306	595
306	602
306	649
306	650
306	668
306	730
306	799
306	955
307	423
307	485
307	544
307	624
307	659
307	729
307	863
307	966
307	971
308	335
308	368
308	732
309	476
309	485
309	565
309	677
309	682
310	337
310	358
310	468
310	476
310	509
310	546
310	606
310	674
310	708
310	727
310	729
310	775
310	779
310	986
311	437
311	956
312	503
312	580
312	905
312	988
312	998
313	486
313	691
313	716
313	871
313	981
314	372
314	826
314	973
315	521
315	545
315	552
315	772
315	802
315	873
315	989
315	992
316	378
316	511
316	585
316	617
316	681
316	720
316	844
316	888
316	955
317	749
318	342
318	369
318	398
318	456
318	476
318	624
318	646
318	732
318	934
318	935
318	968
319	897
321	331
321	359
321	361
321	415
321	582
321	645
321	647
321	975
321	983
321	995
322	344
322	352
322	390
322	491
322	691
322	709
322	721
322	729
322	815
322	834
322	838
322	930
322	950
323	407
323	452
323	479
323	648
323	674
323	708
323	831
323	977
323	992
324	329
324	354
324	393
324	491
324	594
324	654
324	766
324	900
324	911
325	419
325	438
325	565
326	331
326	484
326	495
326	781
326	803
326	810
326	814
326	864
326	883
326	918
326	964
326	980
326	983
327	441
327	455
327	484
327	492
327	621
327	632
327	679
327	778
327	834
327	844
327	854
327	877
327	990
328	457
328	591
328	843
329	654
329	700
329	972
329	985
330	341
330	382
330	533
330	728
330	838
330	860
330	873
330	900
330	912
330	965
331	401
331	507
331	523
331	536
331	803
331	810
331	812
331	836
331	874
331	885
331	964
331	980
331	986
332	387
332	576
333	455
333	484
333	494
333	509
333	525
333	614
333	631
333	729
333	777
333	835
333	851
333	937
333	958
333	983
334	425
334	528
334	656
334	662
334	688
334	810
334	936
335	664
335	724
335	732
335	914
336	360
336	461
336	495
336	970
337	612
337	712
337	835
339	783
339	832
340	462
340	473
340	520
340	596
340	777
340	940
341	354
341	373
341	431
341	441
341	602
341	657
341	670
341	728
341	815
341	862
342	394
342	416
342	442
342	444
342	521
342	555
342	921
343	566
343	572
343	818
343	882
344	352
344	392
344	450
344	467
344	668
344	693
344	709
344	770
344	808
344	821
344	851
344	884
344	901
345	354
345	392
345	454
345	654
345	856
345	896
345	915
347	348
347	382
347	389
347	561
347	711
347	714
347	752
347	766
347	786
347	789
347	807
347	843
347	871
347	876
348	373
348	404
348	448
348	595
348	605
348	639
348	676
348	766
348	882
348	894
348	951
348	969
350	568
350	837
350	841
351	387
351	550
352	363
352	364
352	389
352	695
352	888
352	916
352	950
353	526
353	637
353	656
353	696
353	702
353	753
353	781
353	801
353	808
354	378
354	395
354	404
354	527
354	604
354	714
354	752
354	960
355	401
355	497
355	498
355	691
355	754
355	842
355	865
356	536
357	420
357	470
357	507
357	574
357	723
357	813
357	855
357	922
357	939
358	797
358	960
359	420
359	574
359	740
359	805
359	833
359	959
360	461
360	527
360	528
360	547
360	567
360	592
360	904
360	937
360	941
360	983
361	372
361	490
361	536
361	767
361	833
361	939
362	463
362	527
362	573
362	715
362	720
362	768
362	790
362	812
362	933
362	940
363	477
363	547
363	632
363	645
363	923
363	936
363	948
363	958
364	458
364	494
364	562
364	613
364	670
364	672
364	721
364	723
364	739
364	824
364	999
365	602
365	815
365	856
365	951
367	620
367	643
367	881
367	956
368	478
368	485
368	546
368	679
368	798
369	401
369	438
369	484
369	647
370	410
370	513
370	653
370	686
371	416
371	771
371	793
372	382
372	554
372	645
373	377
373	424
373	471
373	598
373	838
373	884
374	482
375	428
375	440
375	619
375	768
375	795
375	799
375	811
375	902
375	936
375	964
376	505
376	655
376	674
377	486
377	589
377	649
377	662
377	825
377	844
377	853
377	858
377	871
377	948
378	395
378	514
378	698
378	815
378	844
378	846
378	917
378	997
380	598
380	907
381	398
381	407
381	443
381	498
381	608
381	646
381	708
381	718
381	986
382	389
382	441
382	456
382	517
382	562
382	613
382	680
382	752
382	819
382	851
382	884
382	901
382	945
383	450
383	453
383	631
383	657
383	668
383	733
383	819
383	887
383	983
383	997
384	489
384	509
384	515
384	561
384	621
384	640
384	654
384	856
385	498
385	544
385	734
385	769
385	929
385	974
386	567
386	626
386	632
386	672
386	709
386	710
386	715
386	826
386	941
387	600
388	408
388	608
388	646
388	690
388	724
388	916
388	966
389	395
389	409
389	422
389	534
389	609
389	856
389	876
389	884
389	891
389	992
390	488
390	637
390	726
390	814
390	824
390	850
390	891
390	899
390	969
391	399
391	422
391	486
391	558
391	648
391	825
391	856
391	952
391	953
392	625
392	655
392	713
392	747
392	807
393	415
393	492
393	712
393	727
393	817
393	824
393	834
393	870
393	884
393	897
394	397
394	521
394	552
394	606
394	839
394	898
395	559
395	613
395	615
395	657
395	674
395	807
395	862
395	884
395	943
397	447
397	545
397	579
397	765
397	797
397	803
397	927
397	994
398	646
398	899
399	521
399	798
399	845
399	873
399	898
400	485
400	638
400	688
400	750
400	775
400	801
400	826
400	851
400	852
400	920
400	937
401	547
401	688
401	842
401	874
401	883
401	885
401	975
401	980
402	581
402	656
402	811
402	931
402	936
403	406
403	449
403	502
403	511
403	636
403	773
403	790
403	955
403	984
403	998
404	467
404	571
404	796
404	803
404	864
404	877
405	470
405	485
405	633
405	635
405	734
405	779
406	493
406	494
406	511
406	592
406	598
406	656
406	661
406	688
406	741
406	753
406	811
406	897
406	903
406	980
407	478
407	480
407	559
407	841
408	422
408	439
408	476
408	642
408	693
408	773
408	814
408	817
408	824
408	937
408	990
409	457
409	514
409	517
409	526
409	617
409	639
409	709
409	841
409	877
409	911
410	813
411	459
411	779
412	424
412	611
412	730
412	862
412	915
412	998
413	472
413	522
414	427
414	522
414	784
414	812
415	473
415	483
415	528
415	567
415	629
415	701
415	721
415	727
415	773
415	852
415	980
416	518
416	625
416	898
416	921
416	989
416	994
417	562
417	642
417	917
419	501
419	565
420	574
420	612
420	712
421	604
421	616
421	700
421	844
421	951
421	993
422	453
422	527
422	561
422	613
422	752
422	862
423	488
423	530
423	535
423	696
423	710
423	737
423	803
423	824
423	904
423	909
423	945
423	975
423	984
424	493
424	698
424	720
424	915
425	479
425	485
425	517
425	606
425	648
425	703
425	750
425	824
425	835
425	838
425	920
425	930
425	937
425	947
425	968
426	699
426	833
427	467
427	636
427	758
427	829
427	843
427	853
427	873
427	958
427	997
428	450
428	453
428	491
428	514
428	681
428	709
428	853
428	936
429	447
429	548
429	590
429	977
430	441
430	558
430	561
430	602
430	648
430	766
430	807
430	876
431	449
431	486
431	491
431	585
431	598
431	676
431	825
431	907
432	521
434	685
435	567
435	574
435	690
435	942
435	995
436	735
437	460
437	520
437	866
437	956
438	647
438	867
438	925
438	929
439	447
439	839
439	977
440	527
440	534
440	650
440	670
440	683
440	698
440	897
440	972
440	979
441	456
441	458
441	471
441	509
441	515
441	524
441	821
441	862
441	873
441	958
441	971
441	992
442	576
442	756
442	985
443	480
443	518
443	555
443	563
443	718
444	521
444	635
444	692
444	756
444	961
444	977
445	565
445	664
445	794
445	805
446	792
446	993
447	456
447	476
447	478
447	555
447	615
447	667
447	787
447	817
447	845
447	846
447	848
447	928
447	961
447	968
448	494
448	679
448	693
448	795
448	803
448	861
448	885
448	892
448	986
449	491
449	502
449	616
449	621
449	714
449	843
449	917
449	998
450	571
450	709
450	801
450	870
450	950
451	535
451	544
451	646
451	726
451	740
451	769
451	925
451	929
452	505
452	575
452	648
452	658
453	514
453	758
453	858
453	875
455	458
455	606
455	679
455	691
455	709
455	790
455	803
455	819
456	476
456	606
456	839
456	845
456	915
456	966
456	970
457	459
457	659
457	821
457	900
457	953
457	968
458	488
458	562
458	609
458	667
458	690
458	693
458	717
458	769
458	787
458	851
458	884
458	901
458	911
458	918
458	930
458	945
458	990
459	505
459	615
459	765
459	815
459	831
461	472
461	473
461	710
461	777
461	987
462	497
462	581
462	665
462	870
463	662
463	716
463	886
465	615
465	637
465	679
465	696
465	740
465	850
465	936
465	970
465	983
466	754
466	757
467	617
467	636
467	649
467	673
467	696
467	714
467	717
467	903
468	505
468	562
468	678
468	750
468	772
468	928
469	541
470	495
470	547
470	723
470	777
470	865
471	502
471	533
471	617
471	628
471	636
471	650
471	695
471	709
471	812
471	844
471	873
471	948
471	954
471	965
472	978
473	528
473	592
473	810
473	812
473	995
474	576
474	989
475	508
475	830
476	484
476	498
476	507
476	564
476	703
476	797
476	831
476	930
476	934
477	512
477	593
477	790
477	811
477	857
478	633
478	785
478	859
478	899
478	934
479	621
479	765
479	994
480	540
480	651
480	667
480	708
480	841
481	533
481	627
481	879
481	917
482	583
482	727
482	865
483	525
483	569
483	582
483	637
483	754
483	764
483	797
483	810
483	975
483	980
484	517
484	526
484	629
484	677
484	916
485	604
485	606
485	765
485	901
485	916
486	591
486	602
486	604
486	605
486	617
486	641
486	673
486	684
486	786
486	858
486	999
487	496
487	626
487	745
487	866
488	498
488	608
488	614
488	615
488	631
488	734
488	850
488	858
488	983
488	997
489	646
489	898
490	497
490	645
491	563
491	566
491	747
491	786
491	825
491	856
491	992
492	582
492	589
492	695
492	702
492	808
492	819
492	849
492	877
492	884
492	885
492	887
492	901
492	964
492	997
493	598
494	631
494	681
494	701
494	849
494	850
494	861
494	892
494	911
494	975
495	583
495	617
495	629
495	755
495	823
495	854
496	661
496	745
496	940
497	573
497	701
497	836
497	883
497	936
498	638
498	659
498	667
498	678
498	909
498	964
500	696
500	987
501	587
501	736
501	927
502	514
502	598
502	609
502	733
502	824
502	847
502	871
502	999
503	611
503	944
504	507
504	520
504	574
504	577
504	582
504	685
504	732
504	866
504	957
504	959
505	646
505	658
505	667
505	793
506	632
506	710
506	790
506	811
506	933
506	984
507	702
507	914
507	978
508	707
508	837
509	534
509	729
509	750
509	815
509	824
509	854
509	990
510	671
510	761
510	797
510	921
511	606
511	617
511	656
511	717
511	753
511	888
511	918
511	941
511	996
512	649
512	720
512	812
512	872
512	882
513	581
513	987
514	527
514	604
514	617
514	634
514	662
514	877
514	946
514	955
514	965
515	534
515	545
515	558
515	666
515	752
515	770
515	787
515	814
515	951
516	650
516	662
516	743
516	875
517	668
517	729
517	814
517	819
517	862
517	899
518	704
518	751
518	820
519	880
520	526
520	535
520	582
520	592
520	755
520	781
520	901
520	964
520	973
521	545
521	625
521	730
521	756
521	851
521	921
521	935
522	567
522	694
522	780
523	645
523	665
523	683
523	904
524	534
524	711
524	891
524	930
525	560
525	569
525	727
525	861
525	909
525	923
526	631
526	639
526	693
526	714
526	834
526	876
526	885
526	918
526	937
526	980
526	990
527	668
527	673
527	698
527	709
527	752
527	801
527	844
527	910
527	918
528	582
528	904
528	936
529	732
529	783
530	546
530	678
530	814
530	916
530	929
530	977
531	881
532	663
533	611
533	631
533	948
533	965
533	998
534	615
534	641
534	668
534	787
534	943
535	574
535	647
535	677
535	757
536	596
537	564
537	568
538	705
539	697
540	736
540	783
541	760
541	882
542	652
542	746
543	548
543	697
543	732
544	986
545	551
545	961
546	598
546	703
546	744
546	831
546	835
547	649
547	796
547	827
547	854
547	902
548	568
548	671
549	570
550	993
551	579
551	644
551	667
551	711
551	718
551	802
551	953
551	961
551	994
552	606
552	663
552	876
553	809
553	878
554	703
554	885
555	678
555	926
555	963
556	565
558	673
558	722
558	730
558	766
558	847
558	900
558	951
559	564
559	779
560	656
560	723
560	727
560	734
560	781
560	805
560	807
560	810
560	836
560	986
561	635
561	691
561	839
561	918
561	992
562	589
562	608
562	639
562	765
562	870
562	891
562	933
562	972
563	722
563	793
563	851
563	896
563	898
564	726
564	859
565	803
565	867
566	602
566	670
566	684
566	728
566	760
566	790
567	573
567	634
567	681
567	696
567	715
567	753
567	849
567	922
567	957
568	570
568	841
568	974
569	922
571	606
571	631
571	850
571	853
571	965
571	984
572	611
573	634
573	681
573	691
573	717
573	764
573	795
573	801
573	808
573	863
573	911
573	975
573	980
574	729
574	757
575	633
575	896
575	934
576	840
576	898
577	696
577	855
577	922
577	937
577	957
578	893
579	667
579	797
579	821
579	848
579	916
579	958
580	828
581	593
581	629
581	643
581	780
581	931
581	987
582	757
582	861
582	970
583	739
583	757
583	769
583	892
583	904
583	975
583	997
584	594
584	616
584	640
584	655
584	825
584	952
584	953
587	929
589	613
589	621
589	640
589	641
589	657
589	862
591	595
591	640
591	670
591	728
591	730
591	825
591	889
591	917
591	998
592	781
594	654
594	713
595	605
595	693
595	760
595	824
595	882
595	945
595	998
596	755
596	942
596	957
596	959
597	820
598	728
598	907
600	618
600	749
601	655
601	700
601	862
601	914
602	609
602	657
602	673
602	815
602	862
602	915
602	943
604	789
604	953
605	760
606	608
606	621
606	729
606	764
606	772
606	803
606	834
606	900
606	923
606	966
608	729
608	765
608	798
608	934
608	961
608	962
609	680
609	752
609	943
610	717
610	720
611	728
611	946
612	724
612	832
613	695
613	730
613	766
613	815
613	846
613	883
613	884
613	916
614	629
614	682
614	691
614	703
614	740
614	775
614	810
614	969
614	986
615	691
615	847
615	915
616	622
616	700
616	752
616	821
616	856
616	928
617	634
617	709
617	730
617	789
617	824
617	827
617	853
617	887
617	955
617	984
617	999
618	953
619	809
619	981
621	695
621	711
621	802
621	821
621	851
621	882
622	749
623	941
624	724
624	734
624	891
624	962
624	986
625	761
625	848
626	904
626	941
626	948
626	978
627	738
627	749
627	878
628	706
628	720
628	955
629	682
629	703
629	970
629	986
631	634
631	698
631	823
631	834
631	846
631	849
631	851
631	891
631	900
631	901
631	937
631	964
631	969
632	634
632	688
632	781
632	789
632	808
632	849
633	659
633	664
633	667
633	671
633	678
633	718
633	824
633	891
633	909
633	963
633	968
633	974
634	672
634	679
634	681
634	701
634	753
634	838
634	864
634	980
635	711
635	960
635	971
636	689
636	795
637	690
637	696
637	703
637	823
637	836
637	849
637	948
637	957
637	995
638	718
638	765
638	798
638	898
638	909
638	963
638	966
638	983
639	817
639	834
639	915
639	918
639	997
640	657
640	722
640	769
640	786
640	802
641	765
641	857
641	862
641	915
641	928
641	943
643	679
644	667
644	772
644	797
644	930
645	754
645	849
646	667
646	718
646	736
646	775
646	883
646	962
647	666
648	659
648	756
648	797
648	798
648	927
648	952
649	717
649	844
649	910
649	981
650	844
650	871
650	948
650	955
650	965
650	999
651	691
651	803
651	845
651	848
651	896
653	773
653	987
654	899
655	848
655	898
656	683
656	688
656	715
656	781
657	714
657	778
657	802
657	847
657	852
657	951
658	798
658	859
658	926
659	756
659	831
659	848
659	850
659	876
660	674
660	785
660	927
661	825
661	924
662	720
662	773
662	984
662	996
665	741
665	904
665	936
666	721
666	723
666	803
667	798
667	934
668	679
668	764
668	781
668	884
668	892
668	972
668	999
669	870
669	963
670	730
670	825
670	847
670	853
670	870
670	950
670	955
671	697
671	783
671	785
672	729
672	753
672	827
672	897
672	901
672	902
672	904
672	918
673	698
673	910
673	918
673	948
674	737
674	779
674	927
676	684
676	828
676	873
676	998
677	757
677	947
678	934
678	966
679	823
679	846
679	980
679	999
680	729
680	775
680	798
680	814
680	899
680	916
680	934
680	937
681	710
681	772
681	808
681	811
682	740
682	782
682	798
682	823
682	914
682	916
682	972
683	715
683	753
683	856
683	999
684	873
684	882
685	833
686	755
688	710
688	801
688	808
688	885
688	958
689	800
689	940
690	727
690	739
690	782
690	865
691	693
691	844
691	850
691	902
691	911
691	969
692	793
692	847
693	773
693	786
693	838
693	862
693	884
693	945
693	990
694	743
694	784
694	857
695	698
695	819
695	877
695	911
695	930
695	969
696	710
696	777
696	781
696	901
696	957
696	995
698	781
698	888
698	910
698	950
700	713
700	778
700	786
700	895
700	900
700	951
701	773
701	781
701	808
701	975
702	885
702	894
702	902
702	950
703	737
703	764
703	836
703	853
703	883
703	909
703	916
703	980
703	986
705	752
708	839
708	845
709	728
709	764
709	778
709	815
709	847
709	884
709	897
709	984
710	715
710	790
710	904
711	772
711	831
711	930
711	934
711	945
712	726
712	906
714	888
714	900
715	819
715	849
715	871
715	950
715	955
717	752
717	773
717	789
717	834
717	853
717	860
717	948
718	968
719	907
720	853
720	894
721	801
721	850
721	883
721	945
721	980
721	990
721	999
722	728
724	947
725	743
725	940
726	929
727	813
727	854
727	876
728	998
729	823
729	883
729	966
729	971
730	902
730	920
732	806
733	853
733	910
733	965
733	996
734	986
737	923
737	986
738	893
739	755
739	782
739	803
739	983
741	897
742	869
744	908
744	962
745	789
745	919
747	992
749	824
749	932
749	979
750	772
750	778
750	834
750	845
752	786
752	858
752	870
752	953
753	768
753	773
753	819
753	924
754	757
754	957
755	937
755	940
755	973
756	831
756	927
756	971
758	863
759	868
760	979
761	977
762	793
762	977
764	796
764	814
764	819
764	836
764	851
764	958
765	774
765	815
765	834
766	789
766	807
766	862
766	877
766	899
766	943
766	951
766	953
766	960
766	961
766	996
768	811
768	854
768	864
768	904
768	940
769	775
769	814
769	838
769	899
769	911
769	918
769	937
770	803
770	814
770	834
771	927
772	787
772	798
772	824
772	838
772	845
772	864
772	930
772	964
773	819
773	888
773	901
773	911
773	936
775	787
775	803
775	817
775	824
775	847
775	852
775	891
775	937
775	999
777	904
777	947
777	970
777	987
778	849
778	876
778	884
778	943
778	955
779	797
779	859
780	936
781	842
781	892
781	995
782	973
783	837
783	935
783	986
784	919
784	984
785	841
786	895
787	824
787	849
787	850
787	851
787	972
789	844
789	875
790	800
790	984
791	809
791	996
792	828
793	840
795	819
795	844
795	955
796	851
796	876
796	887
796	964
796	970
796	990
798	803
799	871
800	863
800	940
801	827
803	916
803	945
804	825
804	840
805	947
807	900
807	916
808	823
808	838
808	868
808	887
808	936
809	871
810	836
810	849
810	899
810	923
810	983
811	863
811	897
812	930
812	933
812	948
813	855
813	939
814	851
814	852
814	930
815	847
815	863
815	943
815	972
817	847
817	870
817	871
817	937
817	969
818	860
819	990
820	921
821	998
823	836
823	846
823	852
823	854
823	922
823	936
824	836
824	937
824	972
825	856
825	882
825	900
825	951
826	836
826	861
826	883
826	958
829	944
830	867
831	850
831	966
833	837
834	847
834	930
834	943
835	836
835	867
835	909
835	916
835	920
835	986
836	883
836	937
836	971
837	849
837	859
838	851
838	862
839	937
840	921
841	963
842	849
842	933
842	936
842	980
844	891
844	903
844	911
844	999
845	960
846	918
846	972
846	999
847	923
847	924
847	950
849	863
849	871
849	874
849	877
849	885
849	970
849	973
849	980
850	852
850	854
850	946
850	958
851	884
851	930
851	945
851	961
852	930
852	990
853	871
853	885
854	855
854	870
854	930
854	936
854	964
855	959
857	919
857	940
858	871
858	873
858	950
859	929
859	962
860	915
860	979
860	990
862	951
862	969
863	872
863	950
864	924
865	867
866	949
868	978
868	987
870	916
870	918
870	937
870	969
870	971
872	940
873	900
873	915
874	883
874	906
876	915
877	911
877	950
879	917
881	956
882	889
883	920
885	904
885	937
885	945
885	969
886	902
887	995
888	955
891	958
892	902
892	999
894	903
895	907
896	992
897	911
897	931
897	933
897	941
897	948
897	983
898	921
899	966
899	971
900	928
901	902
901	920
901	969
901	990
902	933
902	935
902	958
903	955
904	933
907	998
909	923
910	918
910	948
911	937
911	980
914	974
914	980
916	928
916	972
920	934
920	963
921	927
921	961
922	948
923	947
923	975
924	987
927	977
927	994
930	944
930	971
930	992
931	933
931	940
933	995
934	962
935	974
937	990
946	984
947	976
948	950
950	958
950	999
951	961
951	968
951	980
955	984
957	973
957	983
958	964
959	980
960	997
963	974
963	977
986	999
990	997
