0	133
0	151
0	342
0	479
0	549
0	650
0	730
0	740
0	754
0	798
0	999
1	42
1	111
1	150
1	445
1	495
1	737
1	748
1	812
1	889
1	981
2	172
2	291
2	339
2	370
2	415
2	506
2	562
2	734
2	739
2	824
2	970
3	594
4	13
4	139
4	280
4	439
4	530
4	756
4	772
5	55
5	99
5	183
5	218
5	245
5	248
5	421
5	450
5	458
5	492
5	519
5	633
5	641
5	644
5	705
5	770
6	50
6	145
6	213
6	281
6	326
6	361
6	383
6	492
6	712
6	784
6	875
6	900
6	987
7	8
7	302
7	325
7	437
7	559
7	747
7	814
7	867
8	24
8	120
8	125
8	250
8	369
8	435
8	463
8	476
8	508
8	604
8	628
8	746
8	855
8	889
8	903
8	908
8	917
8	972
8	984
8	995
9	51
9	434
9	498
9	548
10	707
11	182
11	674
11	906
12	42
12	170
12	231
12	390
12	420
12	428
12	492
12	589
12	592
12	626
12	640
12	644
12	657
12	763
12	777
12	799
12	889
12	907
12	914
12	931
13	113
13	169
13	176
13	181
13	473
13	590
13	628
13	699
13	778
13	881
13	920
14	32
14	42
14	127
14	140
14	461
14	630
14	748
14	774
14	779
14	860
14	872
14	883
14	981
14	998
15	104
15	247
15	268
15	291
15	296
15	354
15	394
15	397
15	453
15	567
15	572
15	614
15	641
15	739
15	813
15	817
15	834
15	848
15	882
15	972
16	131
16	144
16	199
16	251
16	254
16	365
16	371
16	471
16	541
16	554
16	612
16	681
16	784
16	799
16	937
17	389
17	425
17	479
17	702
19	132
19	860
19	878
20	597
21	111
21	132
21	147
21	186
21	214
21	226
21	236
21	337
21	338
21	535
21	674
22	42
22	90
22	141
22	220
22	248
22	264
22	287
22	330
22	335
22	393
22	427
22	519
22	525
22	541
22	641
22	657
22	695
22	711
22	712
22	755
22	851
22	873
22	952
23	370
23	406
23	569
23	664
23	742
24	72
24	237
24	303
24	327
24	337
24	516
24	599
24	759
24	811
24	940
25	52
25	104
25	120
25	282
25	442
25	782
25	979
26	44
26	91
26	148
26	199
26	203
26	221
26	337
26	461
26	472
26	814
26	914
27	38
27	76
27	160
27	165
27	304
27	351
27	365
27	495
27	644
27	678
27	774
27	909
28	41
28	45
28	96
28	316
28	339
28	598
28	682
28	877
28	919
29	60
29	72
29	133
29	244
29	306
29	446
29	473
29	560
29	647
29	699
29	859
29	920
30	133
30	299
30	383
30	389
30	513
30	567
30	583
30	608
30	620
30	632
30	634
30	720
30	839
30	994
31	38
31	81
31	114
31	140
31	210
31	445
31	448
31	464
31	811
31	827
31	968
32	95
32	156
32	384
32	499
32	547
32	678
32	707
33	128
33	547
33	697
34	227
34	883
35	136
35	209
35	402
35	874
36	142
36	334
36	601
36	662
36	850
36	950
37	321
37	421
38	88
38	147
38	210
38	214
38	221
38	420
38	461
38	797
38	825
38	864
38	931
38	997
39	82
39	494
39	646
39	785
40	70
40	125
40	187
40	190
40	193
40	249
40	471
40	476
40	549
40	604
40	690
40	724
40	750
40	755
40	771
40	782
40	994
41	49
41	96
41	153
41	157
41	208
41	380
41	396
41	622
41	891
42	99
42	153
42	156
42	201
42	240
42	282
42	289
42	450
42	521
42	526
42	546
42	710
42	755
42	802
42	861
42	915
42	937
42	978
43	64
43	153
43	331
43	498
43	562
43	616
43	752
43	792
43	886
44	132
44	164
44	214
44	299
44	345
44	347
44	351
44	395
44	472
44	518
44	811
44	898
44	982
45	318
45	366
46	174
46	707
46	968
46	969
47	76
47	131
47	438
47	461
47	535
47	767
47	879
48	70
48	77
48	116
48	305
48	357
48	426
48	507
48	509
48	567
48	658
48	690
48	742
48	796
48	818
48	857
48	914
49	81
49	220
49	336
49	343
49	381
49	433
49	572
49	615
49	769
49	773
49	810
49	834
49	878
49	891
50	81
50	141
50	245
50	282
50	319
50	422
50	486
50	513
50	525
50	592
50	596
50	852
50	987
51	62
51	118
51	553
51	607
51	682
52	146
52	179
52	478
52	517
52	570
52	575
52	660
52	752
52	853
52	873
52	903
52	932
52	936
52	995
53	941
54	205
54	237
54	507
54	648
54	671
54	683
54	724
54	796
54	871
54	902
54	980
55	384
55	448
55	521
55	712
55	755
55	797
55	909
56	181
56	306
56	375
56	439
56	591
56	670
56	683
56	723
56	778
56	819
56	841
56	941
57	91
57	203
57	214
57	226
57	263
57	294
57	420
57	457
57	731
57	795
57	907
57	915
57	937
57	961
58	64
58	68
58	305
58	506
58	527
58	673
58	769
58	854
58	857
58	922
59	87
59	100
59	140
59	234
59	390
59	464
59	913
60	244
60	699
60	804
60	841
60	916
61	137
62	318
62	454
62	810
62	837
63	102
63	179
63	183
63	498
63	534
63	555
63	579
63	765
64	179
64	247
64	487
64	490
64	669
64	991
65	831
66	147
66	213
66	240
66	495
66	518
66	521
66	526
66	624
66	633
66	709
66	717
66	774
66	883
66	897
67	139
67	205
67	256
67	279
67	549
67	587
67	771
67	853
67	967
68	77
68	268
68	276
68	296
68	398
68	406
68	419
68	435
68	690
68	703
68	755
68	779
68	801
68	854
68	864
68	964
69	130
69	190
69	205
69	269
69	303
69	426
69	508
69	549
69	689
69	703
69	804
69	942
69	980
70	71
70	176
70	507
70	671
70	688
70	723
70	760
70	853
70	927
70	974
70	985
71	130
71	207
71	273
71	435
71	570
71	635
71	723
71	769
71	826
71	857
71	873
71	922
71	988
71	997
72	91
72	125
72	199
72	212
72	254
72	258
72	272
72	338
72	365
72	573
72	591
72	604
72	639
72	681
72	809
72	937
72	940
72	984
73	140
73	350
73	737
74	151
74	370
74	542
74	727
74	893
75	158
75	252
75	417
75	447
75	670
75	739
76	89
76	107
76	175
76	287
76	292
76	376
76	461
76	499
76	586
76	630
76	666
76	773
77	191
77	544
77	665
78	512
78	557
78	651
78	990
79	121
79	168
79	228
79	341
79	535
79	537
79	631
79	794
79	879
79	887
80	96
80	118
80	193
80	208
80	520
80	597
80	787
80	793
80	829
81	98
81	175
81	234
81	312
81	319
81	385
81	448
81	457
81	535
81	541
81	921
82	137
82	416
82	480
83	84
83	150
83	248
83	408
83	427
83	486
83	487
83	647
83	714
83	770
83	837
83	988
84	111
84	170
84	319
84	456
84	486
84	763
84	783
84	802
84	879
84	981
85	257
85	274
85	389
85	406
85	507
85	560
85	599
85	608
85	674
85	690
85	804
85	821
85	840
85	965
86	92
86	161
86	171
86	210
86	221
86	270
86	338
86	363
86	376
86	450
86	465
86	467
86	567
86	571
86	572
86	976
86	978
87	231
87	260
87	475
87	529
87	706
87	951
88	144
88	170
88	249
88	403
88	412
88	465
88	571
88	648
88	649
88	689
89	182
89	481
89	748
89	777
89	823
89	879
89	880
89	907
89	921
89	949
90	99
90	160
90	191
90	242
90	282
90	345
90	360
90	363
90	376
90	508
90	526
90	586
90	613
90	623
90	641
90	766
90	800
90	914
91	164
91	254
91	294
91	337
91	426
91	438
91	451
91	518
91	689
91	731
91	759
91	784
91	785
91	838
91	897
91	898
91	937
92	120
92	159
92	299
92	337
92	354
92	476
92	775
92	796
92	819
93	366
93	434
93	487
93	488
93	607
94	450
94	679
94	848
94	894
95	284
95	314
95	380
95	550
95	773
95	803
95	879
95	952
96	271
96	284
96	403
96	810
96	959
97	218
97	229
97	248
97	289
97	333
97	338
97	357
97	587
97	647
97	750
97	755
97	818
97	819
97	914
97	974
97	976
97	984
98	124
98	236
98	260
98	294
98	455
98	461
98	541
98	708
98	823
98	867
98	937
99	242
99	245
99	360
99	397
99	412
99	465
99	521
99	526
99	573
99	587
99	759
99	889
99	898
99	979
100	131
100	451
100	480
100	554
100	731
100	748
100	880
101	138
101	141
101	157
101	196
101	282
101	311
101	326
101	363
101	525
101	550
101	663
101	763
101	802
102	191
102	277
102	283
102	596
102	806
102	864
104	516
104	567
104	652
104	683
104	809
104	815
104	841
104	916
104	965
104	980
105	377
105	953
106	111
106	150
106	337
106	364
106	961
107	390
107	427
107	534
107	611
107	640
107	770
107	901
107	952
108	129
108	156
108	319
108	321
108	456
108	550
108	586
108	710
108	763
108	770
108	872
109	132
109	320
109	655
109	696
110	252
110	305
110	460
110	713
110	726
111	214
111	234
111	667
111	678
111	887
111	907
111	918
111	951
113	530
113	584
113	843
113	854
113	972
114	170
114	175
114	234
114	253
114	319
114	322
114	779
114	783
114	899
115	322
115	482
115	913
116	600
116	709
116	723
116	754
116	819
116	922
117	466
118	255
118	552
118	563
118	919
119	399
120	125
120	183
120	207
120	435
120	467
120	471
120	617
120	688
120	723
120	766
120	800
120	946
121	248
121	276
121	408
121	422
121	478
121	503
121	566
121	681
121	721
121	755
121	767
121	769
121	900
121	978
122	152
122	230
122	656
123	488
123	552
123	891
123	959
124	131
124	312
124	372
124	461
124	748
124	799
124	898
125	159
125	262
125	360
125	571
125	674
125	689
125	826
125	881
125	940
127	135
127	218
127	368
127	396
127	469
127	474
127	525
127	662
127	695
127	721
127	802
127	825
127	837
127	877
127	882
127	891
127	952
127	978
128	142
128	372
128	609
128	697
128	949
128	951
129	156
129	330
129	332
129	458
129	481
129	708
129	981
130	186
130	191
130	193
130	211
130	217
130	242
130	296
130	347
130	388
130	497
130	509
130	747
130	758
130	781
130	903
130	997
131	199
131	210
131	249
131	390
131	420
131	526
131	644
131	678
131	847
132	169
132	236
132	311
132	341
132	492
132	586
132	710
132	797
132	931
133	140
133	187
133	189
133	251
133	256
133	279
133	383
133	471
133	648
133	798
133	833
133	965
134	286
135	149
135	167
135	171
135	193
135	282
135	408
135	620
135	658
135	663
135	672
135	750
135	988
136	297
136	452
136	473
136	511
136	836
136	967
138	282
138	292
138	332
138	368
138	380
138	663
138	710
139	176
139	369
139	526
139	590
139	903
140	165
140	236
140	464
140	492
140	583
140	667
140	748
140	827
140	888
140	896
140	949
141	149
141	191
141	241
141	245
141	257
141	330
141	335
141	341
141	469
141	474
141	478
141	770
141	930
141	931
142	208
142	319
142	777
143	666
143	685
143	697
143	738
143	968
144	236
144	248
144	362
144	376
144	818
144	909
144	912
145	168
145	257
145	292
145	521
145	761
146	296
146	391
146	397
146	504
146	509
146	641
146	659
146	673
146	714
146	729
146	743
146	790
146	851
147	199
147	203
147	218
147	237
147	248
147	314
147	319
147	526
147	532
147	711
147	797
147	802
147	906
147	915
148	408
148	487
148	489
148	506
148	544
148	669
148	876
149	161
149	229
149	257
149	296
149	335
149	345
149	403
149	412
149	465
149	508
149	516
149	647
149	660
149	681
149	757
149	942
149	984
150	175
150	401
150	461
150	586
150	626
150	906
150	921
151	244
151	295
151	342
151	417
151	473
151	549
151	639
151	747
151	824
151	920
152	444
153	188
153	204
153	218
153	277
153	293
153	389
153	415
153	433
153	517
153	570
153	575
153	622
153	752
153	876
153	895
153	930
153	933
154	174
154	717
154	816
154	875
155	213
155	276
155	311
155	334
155	408
155	519
155	615
155	622
155	695
155	700
155	786
155	882
155	928
155	960
155	978
156	168
156	282
156	502
156	524
156	630
156	883
157	208
157	316
157	662
157	710
157	861
157	952
158	462
158	726
158	843
158	844
158	846
158	972
159	300
159	304
159	345
159	360
159	376
159	504
159	599
159	604
159	612
159	681
159	818
159	840
159	845
159	889
159	914
159	936
160	170
160	186
160	245
160	264
160	330
160	361
160	363
160	365
160	384
160	465
160	657
160	749
160	825
160	931
160	936
161	189
161	212
161	225
161	272
161	327
161	495
161	583
161	676
161	683
161	759
161	800
161	814
161	865
161	884
161	915
162	429
162	538
162	726
162	734
162	869
163	188
163	638
163	669
163	780
163	903
163	933
164	170
164	177
164	184
164	193
164	237
164	347
164	518
164	535
164	541
164	612
164	624
164	674
164	711
164	865
164	898
165	227
165	322
165	385
165	748
165	918
166	186
166	239
166	331
166	427
166	555
166	622
166	765
166	786
166	891
166	988
167	336
167	548
167	555
167	575
167	597
167	752
167	787
167	977
168	421
168	432
169	180
169	217
169	264
169	273
169	274
169	299
169	360
169	397
169	440
169	478
169	508
169	596
169	606
169	618
169	636
169	758
169	800
169	964
170	185
170	225
170	249
170	333
170	461
170	471
170	532
170	644
170	763
170	767
170	770
170	847
170	896
170	987
171	207
171	276
171	289
171	509
171	711
171	851
171	889
172	237
172	358
172	369
172	606
172	686
172	723
172	729
172	833
172	853
172	999
173	502
174	707
174	751
174	753
174	802
174	950
175	248
175	274
175	310
175	314
175	361
175	461
175	503
175	541
175	592
175	681
176	266
176	303
176	306
176	425
176	439
176	561
176	567
176	590
176	760
176	815
176	833
176	908
177	190
177	217
177	237
177	351
177	371
177	393
177	500
177	720
177	750
177	782
177	809
177	980
177	984
178	315
178	453
178	677
178	927
179	235
179	291
179	397
179	562
179	727
179	813
179	819
179	834
179	930
179	945
180	305
180	469
180	487
180	690
180	746
180	775
180	828
180	922
180	941
181	186
181	233
181	639
181	739
181	754
181	833
181	944
182	192
182	372
182	586
183	220
183	336
183	348
183	408
183	410
183	489
183	534
183	566
183	662
183	717
183	810
184	203
184	242
184	272
184	297
184	345
184	420
184	468
184	518
184	606
184	644
184	711
184	839
184	840
184	866
184	937
185	221
185	242
185	260
185	312
185	351
185	390
185	657
185	767
185	797
186	268
186	426
186	624
186	766
186	781
186	802
186	809
187	214
187	347
187	560
187	606
187	681
187	711
187	754
187	809
187	818
187	840
187	937
188	315
188	553
188	943
189	226
189	234
189	262
189	573
189	583
189	604
189	825
190	299
190	325
190	345
190	362
190	503
190	560
190	608
190	632
190	698
190	824
190	908
190	927
191	204
191	213
191	223
191	361
191	465
191	679
191	693
191	801
191	864
191	945
191	985
192	231
192	529
192	655
192	951
193	211
193	310
193	357
193	397
193	419
193	450
193	688
193	775
193	781
193	819
193	883
193	926
193	946
193	979
193	988
195	209
195	452
195	677
195	680
195	684
195	917
196	292
196	537
196	566
196	659
196	868
197	302
197	992
198	226
198	438
199	263
199	297
199	389
199	605
199	612
199	649
199	737
199	867
200	533
200	772
200	874
200	962
201	242
201	264
201	269
201	289
201	376
201	507
201	526
201	604
201	679
201	755
201	765
201	903
201	979
203	236
203	237
203	250
203	274
203	365
203	783
203	784
203	884
204	276
204	426
204	582
204	739
204	746
204	817
204	848
204	854
204	873
204	997
205	212
205	232
205	279
205	425
205	599
205	648
205	720
205	815
205	818
205	845
205	871
205	881
205	914
206	208
206	598
206	705
207	435
207	501
207	591
207	596
207	614
207	636
207	688
207	793
207	864
208	292
208	382
208	598
208	662
208	751
208	777
209	511
210	269
210	319
210	412
210	532
210	535
210	624
210	632
210	737
210	761
210	839
210	931
211	217
211	273
211	361
211	406
211	617
211	730
211	741
211	775
211	889
212	279
212	371
212	452
212	468
212	619
212	740
212	841
213	262
213	358
213	433
213	642
213	672
213	717
213	855
213	890
214	236
214	254
214	294
214	612
214	624
214	649
214	678
214	779
214	879
214	921
215	277
215	819
215	857
215	922
215	938
217	236
217	242
217	299
217	310
217	360
217	365
217	366
217	397
217	409
217	426
217	435
217	504
217	620
217	702
217	815
217	825
217	897
218	311
218	319
218	338
218	465
218	657
218	675
218	864
218	926
218	952
219	266
219	295
220	284
220	323
220	343
220	513
220	679
220	712
220	773
220	883
220	958
220	984
221	231
221	304
221	332
221	351
221	526
221	624
221	737
221	750
221	763
221	774
221	866
222	569
222	574
223	247
223	288
223	548
223	570
223	579
223	673
223	790
223	843
223	876
224	385
224	407
225	369
225	397
225	435
225	739
225	811
225	914
225	994
226	251
226	383
226	606
226	711
226	800
226	814
226	937
226	961
227	310
227	585
227	706
227	823
228	292
228	321
228	524
228	576
228	598
228	888
229	242
229	406
229	408
229	508
229	526
229	628
229	702
229	766
229	818
230	544
230	643
230	725
230	943
231	421
231	951
232	319
232	389
232	471
232	516
232	606
232	866
232	961
233	580
233	692
233	798
233	808
233	908
233	967
234	448
234	504
234	550
234	657
234	706
234	748
234	768
234	812
234	866
234	867
234	887
235	291
235	354
235	388
235	427
235	614
235	693
235	741
235	780
235	904
235	912
235	991
236	257
236	887
236	898
237	250
237	251
237	258
237	261
237	279
237	325
237	371
237	495
237	674
237	749
237	759
237	865
237	940
237	956
237	980
239	488
239	612
239	792
239	852
240	248
240	257
240	335
240	393
240	408
240	492
240	658
240	717
240	766
240	770
240	774
240	781
240	901
240	932
240	960
241	269
241	282
241	289
241	360
241	381
241	442
241	546
241	608
241	623
241	635
241	851
241	997
242	272
242	287
242	338
242	345
242	351
242	361
242	467
242	508
242	583
242	604
242	667
242	690
242	766
242	775
242	783
242	784
242	995
243	429
243	430
243	556
243	595
243	972
244	307
244	476
244	533
244	549
244	590
244	628
244	632
244	819
244	874
244	942
245	289
245	357
245	393
245	427
245	519
245	526
245	541
245	620
245	673
245	758
245	976
246	286
246	349
247	277
247	296
247	361
247	366
247	469
247	506
247	616
247	693
247	727
247	817
247	854
247	912
248	273
248	276
248	282
248	283
248	292
248	326
248	332
248	403
248	445
248	640
248	678
248	872
249	251
249	554
249	612
249	772
249	866
249	897
250	608
250	671
250	674
250	750
250	818
250	897
250	898
250	994
251	297
251	385
251	518
251	748
251	759
251	772
251	871
251	909
251	915
252	941
253	428
253	748
253	879
254	279
254	297
254	300
254	362
254	390
254	420
254	628
254	644
254	915
254	937
255	336
255	597
255	721
255	752
255	770
256	279
256	310
256	325
256	327
256	383
256	587
256	628
256	720
256	759
256	771
256	845
256	906
256	976
257	269
257	273
257	282
257	383
257	403
257	465
257	570
257	774
257	802
257	930
257	978
258	325
258	536
258	583
258	728
259	407
259	605
259	649
260	312
260	330
260	448
260	576
260	951
260	981
261	479
261	740
261	749
261	785
261	833
262	299
262	304
262	383
262	406
262	457
262	504
262	509
262	571
262	591
262	688
262	702
262	775
262	976
263	390
263	536
263	716
263	898
263	918
264	276
264	408
264	413
264	435
264	503
264	513
264	608
264	617
264	635
264	695
264	813
264	826
264	851
264	977
265	459
266	295
266	302
266	303
266	686
266	692
266	760
266	841
266	859
266	999
267	308
267	443
268	296
268	353
268	413
268	674
268	735
268	752
268	802
269	332
269	334
269	636
269	695
269	712
269	769
269	825
269	826
269	851
269	857
269	895
269	900
269	912
270	354
270	358
270	509
270	690
270	746
270	819
270	823
270	826
271	368
271	410
271	787
272	310
272	571
272	711
272	795
272	833
272	862
272	865
272	909
273	376
273	383
273	575
273	587
273	620
273	766
273	853
273	889
273	977
273	997
274	300
274	409
274	420
274	495
274	541
274	599
274	731
274	767
274	866
274	887
274	889
275	371
275	455
275	568
275	684
275	716
275	791
275	814
275	990
276	360
276	393
276	596
276	599
276	672
276	712
276	786
276	803
276	819
276	873
276	895
277	382
277	596
277	721
277	813
277	882
277	977
277	988
279	300
279	302
279	340
279	561
279	804
279	908
279	976
279	982
280	425
280	500
280	511
280	533
280	573
280	677
280	686
280	689
280	729
280	859
280	967
281	287
281	486
281	535
281	605
281	667
281	705
281	888
281	900
281	937
282	326
282	361
282	365
282	492
282	503
282	525
282	663
282	695
282	710
282	797
282	899
283	316
283	382
283	393
283	570
283	572
283	743
283	790
283	810
283	830
283	834
284	336
284	458
284	486
284	502
284	551
284	597
284	810
284	998
285	394
285	844
286	947
287	422
287	537
288	366
288	370
288	453
288	661
288	668
288	742
288	843
289	337
289	503
289	508
289	630
289	639
289	658
289	702
289	746
289	766
289	840
289	861
289	946
290	301
290	626
290	791
291	318
291	354
291	415
291	426
291	440
291	616
291	695
291	709
291	712
291	766
291	861
291	876
291	903
291	932
292	332
292	433
292	499
292	524
292	799
293	366
293	388
293	487
293	517
293	566
293	623
293	643
293	743
293	822
293	925
293	933
293	944
294	312
294	333
294	395
294	472
294	548
294	779
294	811
294	937
295	424
295	446
295	447
295	462
295	483
296	442
296	517
296	575
296	659
296	709
296	717
296	769
296	770
296	864
296	889
296	891
296	904
296	958
296	964
297	360
297	395
297	554
297	560
297	749
297	798
297	866
297	902
297	915
297	940
297	982
298	409
298	840
298	906
299	347
299	358
299	450
299	635
299	681
299	749
299	825
299	870
300	452
300	646
300	676
300	818
300	840
300	982
301	374
301	696
301	708
301	718
301	909
302	438
302	557
302	646
302	676
302	836
302	990
303	369
303	425
303	462
303	500
303	509
303	590
303	699
303	724
303	760
303	778
303	944
303	974
303	982
304	312
304	337
304	357
304	418
304	480
304	495
304	763
304	800
304	914
305	378
305	388
305	406
305	500
305	735
305	828
305	944
306	351
306	353
306	389
306	739
307	543
307	618
307	757
307	808
307	947
308	355
309	312
309	421
309	422
309	432
309	445
309	537
309	761
310	389
310	453
310	583
310	617
310	749
310	814
310	866
310	915
311	330
311	380
311	474
311	525
311	613
311	630
311	712
311	719
311	832
311	851
311	875
311	921
312	605
312	899
314	499
314	681
314	799
314	883
314	907
315	375
315	388
315	713
315	734
316	478
316	499
316	513
316	525
316	611
316	633
316	717
316	826
316	852
316	862
316	930
317	416
317	511
317	676
317	745
318	849
318	852
318	858
319	445
319	708
319	767
319	883
320	951
321	524
321	535
321	610
321	705
321	779
321	803
322	794
322	955
324	389
325	416
325	612
325	674
325	759
326	461
326	774
326	861
326	938
327	371
327	451
327	473
327	573
327	836
327	870
327	874
328	390
328	455
328	546
328	751
328	761
328	872
328	883
328	913
329	432
329	493
329	951
330	509
330	547
330	626
330	763
330	803
330	875
330	960
331	379
331	454
331	598
331	714
331	765
331	891
332	412
332	566
332	640
332	658
332	763
332	810
333	383
333	586
333	599
333	702
333	711
333	783
333	797
333	838
333	896
333	909
333	961
333	987
334	519
334	534
334	611
334	837
334	863
334	958
334	978
335	351
335	393
335	403
335	492
335	504
335	592
335	747
335	758
335	779
335	850
335	851
335	931
335	984
336	382
336	487
336	498
336	611
336	682
336	717
336	765
336	933
337	383
337	457
337	504
337	526
337	674
337	711
337	783
337	800
337	833
338	383
338	495
338	571
338	606
338	640
338	657
338	711
338	758
338	784
338	791
338	867
338	917
339	382
339	508
339	582
339	643
339	665
339	693
339	857
339	873
339	901
340	347
340	699
340	821
340	889
340	946
341	368
341	433
341	519
341	770
341	786
341	998
342	451
342	452
342	530
342	549
342	567
342	591
342	869
342	874
342	985
342	999
343	427
343	433
343	458
343	537
343	751
343	852
343	863
343	868
343	899
343	938
344	572
344	622
344	629
344	886
345	571
345	720
345	797
345	798
345	815
345	946
346	785
347	363
347	371
347	383
347	561
347	749
347	784
347	839
347	840
347	932
347	984
348	489
348	577
348	721
349	776
350	409
350	437
350	494
350	716
351	384
351	435
351	504
351	679
351	681
351	795
351	888
353	391
353	453
353	650
353	843
353	894
353	908
353	941
354	403
354	415
354	419
354	426
354	442
354	465
354	567
354	582
354	614
354	690
354	709
354	769
354	873
354	933
354	945
357	600
357	620
357	635
357	730
357	932
357	974
358	435
358	442
358	495
358	533
358	599
358	758
358	759
358	889
358	976
359	424
360	361
360	376
360	393
360	397
360	403
360	426
360	478
360	592
360	620
360	754
360	818
360	863
360	960
360	984
361	376
361	408
361	465
361	508
361	592
361	624
361	660
361	712
361	825
361	861
361	965
362	383
362	468
362	504
362	507
362	554
362	775
363	365
363	393
363	608
363	641
363	647
363	754
363	799
363	809
363	825
363	855
363	873
363	936
363	976
364	452
364	470
364	627
365	390
365	455
365	476
365	503
365	532
365	592
365	759
365	767
365	797
365	818
365	825
365	900
365	931
366	396
366	513
366	515
366	616
366	643
366	669
366	792
366	876
366	912
367	630
368	403
368	458
368	465
368	475
368	547
368	633
368	751
368	753
368	855
368	899
369	441
369	471
369	476
369	500
369	587
369	639
369	650
369	689
369	742
369	756
369	775
369	845
370	542
370	569
370	730
370	743
371	619
371	785
371	818
371	833
371	917
371	934
371	942
372	777
372	827
373	391
373	742
373	756
374	646
374	675
374	716
375	600
375	722
375	927
376	403
376	509
376	571
376	695
376	709
376	758
376	851
376	855
376	889
377	684
377	733
377	821
377	881
378	430
378	469
378	542
378	668
378	828
378	912
378	997
379	400
379	410
379	461
379	579
380	384
380	521
380	566
380	998
381	433
381	440
381	442
381	498
381	509
381	596
381	641
381	682
381	732
381	769
381	854
381	873
381	895
381	903
381	979
382	393
382	398
382	682
382	714
383	495
383	504
383	583
383	606
383	624
383	704
383	771
383	796
383	865
383	916
383	934
383	937
384	422
384	478
384	613
384	761
384	861
384	875
384	883
384	888
385	480
385	541
385	731
385	838
385	896
385	906
385	918
387	443
388	562
388	634
389	390
389	418
389	591
389	599
389	798
389	870
389	916
389	984
390	503
390	554
390	749
390	779
390	940
391	661
391	670
391	828
391	922
391	972
392	718
392	939
393	442
393	484
393	492
393	566
393	571
393	641
393	702
393	717
393	787
393	861
393	895
393	936
393	960
393	991
394	430
394	496
394	542
394	722
394	844
395	412
395	420
395	516
395	711
395	896
395	940
396	566
396	712
396	810
396	891
397	467
397	640
397	641
397	683
397	688
397	709
397	739
397	855
397	857
397	922
397	964
398	463
398	517
398	548
398	642
398	752
398	820
398	882
398	945
398	960
399	420
399	696
400	506
400	854
400	857
400	864
400	925
401	451
401	618
401	733
401	760
401	836
401	874
403	566
403	631
403	658
403	702
403	825
403	826
403	878
403	979
405	543
405	652
405	804
406	413
406	476
406	620
406	703
406	755
406	813
406	857
406	873
406	994
407	655
408	433
408	474
408	478
408	501
408	615
408	634
408	717
408	767
408	774
408	790
408	826
409	599
409	782
409	896
410	611
410	950
411	574
412	575
412	576
412	636
412	731
412	771
412	915
413	419
413	442
413	476
413	478
413	513
413	570
413	602
413	623
413	642
413	714
413	741
413	882
413	964
413	977
415	423
415	487
415	659
415	669
415	693
415	793
415	837
415	886
415	943
416	962
417	677
417	869
417	947
418	500
418	567
418	590
418	760
418	908
418	934
419	507
419	570
419	614
419	693
419	701
419	707
419	776
419	793
419	857
419	876
419	964
420	612
420	749
420	785
420	838
420	921
421	432
421	502
421	986
422	486
422	521
422	564
422	576
422	592
422	770
422	774
422	777
422	875
423	433
423	478
423	498
423	709
423	717
423	769
423	813
423	882
423	978
424	446
425	590
425	740
425	796
425	965
426	442
426	497
426	505
426	734
426	755
426	769
426	946
426	991
427	712
427	717
427	820
427	958
428	445
428	475
428	532
428	586
428	795
428	884
428	981
428	987
429	500
429	664
429	756
430	722
430	857
430	920
432	955
433	513
433	525
433	572
434	555
434	912
435	508
435	626
435	674
435	676
435	775
435	855
435	916
435	974
436	453
436	469
436	614
436	677
436	735
436	904
437	645
437	646
437	716
437	785
437	866
437	939
437	961
437	967
438	445
438	554
438	585
438	605
438	709
438	711
438	737
438	768
438	795
438	812
438	827
438	961
439	473
439	590
439	729
439	957
440	442
440	501
440	693
440	709
440	732
440	819
440	830
440	873
440	991
441	523
441	599
441	661
441	677
441	824
441	885
442	636
442	717
442	790
442	873
445	535
445	799
446	625
446	845
447	694
447	828
447	885
448	640
448	783
449	659
449	776
449	830
449	831
449	849
450	469
450	583
450	636
450	641
450	671
450	679
450	750
450	769
450	799
450	817
450	851
451	452
451	757
451	759
451	805
451	917
451	934
452	468
452	772
452	821
452	965
452	967
453	506
453	584
453	844
453	912
453	927
453	972
454	669
454	701
455	518
455	644
455	696
455	784
455	961
456	601
456	761
456	969
457	461
457	472
457	503
457	541
457	605
457	784
457	825
457	909
458	521
458	566
458	579
458	615
458	633
458	852
458	969
459	533
459	692
459	756
459	775
459	808
460	490
460	527
460	671
461	535
461	626
461	763
461	884
461	913
461	936
462	754
462	778
462	859
462	965
463	489
463	547
463	548
463	616
463	636
463	643
463	709
463	834
463	873
463	886
463	890
463	903
464	545
465	626
465	712
465	825
465	851
465	900
465	914
465	936
465	979
466	529
466	768
467	617
467	635
467	688
467	864
467	932
468	560
468	619
468	747
468	808
468	917
468	973
469	600
469	641
469	739
469	793
469	801
469	817
470	568
471	500
471	652
471	671
471	704
471	757
471	840
472	561
472	711
472	847
472	879
472	915
472	936
473	591
473	652
473	670
473	671
473	699
474	513
474	548
474	566
474	575
474	710
474	770
474	774
474	786
474	825
474	899
474	952
475	794
475	811
475	827
476	720
476	819
476	833
476	957
478	566
478	631
478	709
478	902
479	652
480	536
480	583
480	807
480	823
480	884
481	550
482	568
482	768
482	795
482	812
482	884
483	528
483	558
483	694
483	726
483	734
483	742
484	558
484	620
484	699
484	723
484	739
484	750
484	756
484	775
484	798
484	853
484	920
486	786
487	582
487	660
487	668
487	732
487	780
488	579
488	607
488	622
488	863
489	498
489	579
489	643
489	732
489	741
490	562
490	730
490	817
491	625
491	966
492	499
492	532
492	546
492	688
492	720
492	774
492	787
492	802
494	675
494	718
495	605
495	626
495	657
495	711
495	763
495	839
495	898
495	976
496	515
497	508
497	703
497	720
497	766
497	817
497	830
497	857
497	936
497	964
498	669
498	895
499	630
499	795
499	899
500	650
500	808
500	841
501	562
501	660
501	670
501	688
501	752
501	793
501	837
501	876
501	904
501	912
502	564
502	860
502	872
503	631
503	695
503	731
503	767
503	825
503	872
503	928
503	946
503	960
503	987
504	509
504	681
504	720
504	729
504	763
504	915
504	960
504	999
505	735
506	558
506	780
506	854
506	958
506	991
507	673
507	741
507	828
507	903
507	922
507	927
508	509
508	617
508	647
508	673
508	695
508	710
508	750
508	784
508	855
508	889
508	945
509	547
509	634
509	695
509	755
509	763
509	766
509	979
510	594
511	689
511	859
512	909
512	992
513	566
513	693
513	700
513	781
513	786
513	799
513	825
513	930
516	583
516	608
516	632
516	815
516	833
516	871
516	965
517	562
517	570
517	579
517	612
517	636
517	641
517	665
517	670
517	769
517	780
517	813
517	890
517	895
517	912
517	978
518	535
518	784
518	795
519	611
519	710
519	773
519	860
519	861
519	899
520	565
520	655
521	592
521	783
521	860
521	861
521	888
521	969
522	943
525	770
525	777
525	851
525	895
525	901
526	560
526	571
526	608
526	840
526	988
527	599
527	656
527	722
527	747
527	894
527	941
528	689
528	764
528	804
529	951
530	543
530	639
530	652
530	798
530	804
530	920
530	999
531	858
531	919
532	541
532	797
532	884
533	624
533	881
533	906
533	967
533	982
533	985
533	994
534	721
535	541
535	779
535	812
535	907
535	921
536	645
536	716
536	749
536	814
536	847
537	862
537	978
537	981
537	986
539	553
539	792
539	963
541	644
541	676
541	909
542	569
543	684
543	920
544	607
544	822
544	830
544	831
544	903
545	860
546	550
546	647
546	714
546	769
546	852
547	566
547	773
547	863
547	928
548	765
548	793
548	820
549	560
549	587
549	591
549	729
549	740
549	778
549	814
549	815
549	956
550	705
550	829
550	855
550	868
550	952
551	598
551	850
551	998
553	963
554	708
554	812
554	867
554	884
554	909
554	961
555	863
556	562
556	653
556	726
556	756
557	606
557	649
557	798
557	870
558	694
558	756
558	764
558	966
560	671
560	740
560	821
560	841
560	965
561	693
561	782
561	902
561	916
561	965
562	596
562	864
563	601
563	663
563	774
563	832
563	850
563	928
563	960
564	611
564	633
564	810
564	832
564	868
564	928
564	950
565	610
565	969
565	986
566	988
567	750
567	757
567	782
567	815
567	843
567	902
567	946
567	965
568	716
568	814
568	939
569	713
569	725
569	893
569	943
570	660
570	763
570	790
570	802
570	848
570	864
570	882
571	583
571	674
571	681
571	845
572	672
572	709
572	766
572	813
572	933
572	998
573	587
573	639
573	757
574	742
575	596
575	636
575	659
575	673
575	679
575	781
575	863
575	873
575	876
575	930
575	958
576	610
576	705
576	770
576	928
576	986
577	850
579	669
579	822
579	834
579	886
579	977
580	680
580	815
580	881
580	956
580	957
582	641
582	669
582	876
582	893
582	904
583	592
583	676
583	749
583	784
583	840
585	645
585	649
585	791
585	812
585	827
585	880
586	626
586	783
587	690
587	704
587	746
587	771
587	782
587	796
587	855
587	859
587	979
587	985
589	655
589	993
590	747
590	841
590	927
590	940
590	941
590	994
591	632
591	683
591	728
591	804
591	859
591	994
592	852
592	928
594	629
594	963
596	615
596	623
596	659
596	660
596	848
596	857
596	882
597	786
597	787
597	862
598	615
598	891
598	938
599	720
599	749
599	771
599	782
599	944
599	973
600	638
600	690
600	793
601	950
602	659
602	669
602	775
602	776
604	632
604	648
604	902
604	994
605	657
605	678
605	731
605	909
605	918
605	921
606	628
606	681
606	704
606	728
606	782
606	811
606	865
606	982
607	820
608	679
608	681
608	750
608	818
608	855
608	866
608	889
608	914
609	715
609	968
610	663
611	708
611	901
611	960
613	631
613	712
613	799
613	998
614	669
614	693
614	709
614	750
614	876
614	882
614	890
614	903
614	945
615	810
615	952
616	834
616	876
616	960
616	991
617	632
617	647
617	679
617	702
617	755
617	861
617	889
618	808
619	836
619	870
620	632
620	679
620	746
620	818
620	946
620	964
620	976
622	642
623	709
623	755
623	801
623	813
624	819
624	859
624	880
625	762
626	708
626	799
628	688
628	695
628	720
628	750
628	754
628	775
628	790
628	833
628	912
628	974
628	979
628	980
629	693
629	792
629	822
630	667
630	672
630	877
630	888
631	799
631	802
631	825
632	957
632	973
633	640
633	668
633	810
633	852
633	872
634	848
634	902
634	974
634	997
635	673
635	758
635	770
635	817
635	818
635	857
635	974
636	641
636	770
636	895
636	936
636	957
637	858
638	736
640	710
640	761
640	763
640	896
641	781
641	786
641	817
641	903
641	932
641	958
642	709
642	775
642	903
642	945
642	977
643	660
643	693
643	727
643	769
643	855
643	995
644	731
644	748
644	887
644	915
645	649
645	791
645	867
646	728
646	784
647	695
647	704
647	889
647	914
648	671
648	683
648	747
648	809
648	874
648	934
648	956
648	985
649	706
649	811
649	990
650	798
650	824
650	853
650	871
650	916
650	999
652	670
652	684
652	824
652	934
652	994
653	824
653	956
656	727
656	925
656	970
657	737
657	768
657	784
657	833
657	979
658	769
658	887
659	665
659	820
659	970
660	780
660	904
661	726
661	735
661	904
661	941
662	959
663	672
663	803
663	899
663	901
663	928
663	978
663	998
664	694
664	828
664	941
664	972
665	682
665	695
665	793
665	820
665	882
665	891
668	673
668	735
668	775
668	912
668	941
669	732
669	930
670	853
671	824
671	866
671	906
671	908
672	988
673	742
673	769
673	916
673	925
673	979
674	749
674	845
674	866
674	908
674	914
674	937
675	811
676	906
676	908
676	940
677	694
677	828
677	869
678	797
678	847
678	884
678	918
679	936
679	979
680	821
680	853
680	917
680	956
680	985
681	821
681	909
682	732
682	810
682	822
682	862
682	878
683	841
683	934
683	985
683	994
684	686
684	772
684	874
685	968
688	984
689	760
689	910
689	957
690	693
690	739
690	964
693	734
693	790
693	854
693	855
693	886
693	970
693	977
693	979
694	699
694	722
694	828
694	947
695	709
695	862
695	891
695	926
695	958
696	738
698	757
698	808
699	703
699	843
699	869
701	732
702	750
702	769
702	802
702	825
702	861
702	936
703	828
703	853
703	916
703	994
704	758
704	771
704	804
704	818
704	881
704	908
704	934
705	978
706	812
708	737
708	767
708	799
708	823
708	839
708	887
708	921
708	961
709	717
709	769
709	774
709	958
710	801
711	825
711	839
711	865
712	774
712	901
712	952
714	755
714	770
714	958
716	759
716	961
717	752
717	861
717	915
717	928
719	753
720	740
720	775
720	782
720	809
720	871
720	937
720	982
721	769
721	810
721	829
721	878
721	960
722	735
722	941
722	972
723	724
723	857
723	946
724	729
724	841
724	853
724	932
724	936
726	941
727	817
728	757
729	730
729	760
729	775
729	815
729	881
729	902
729	956
729	994
730	739
730	894
731	887
731	918
731	961
732	780
732	792
733	844
734	964
735	778
735	964
736	954
737	794
737	884
737	898
737	918
738	789
738	949
741	912
741	970
741	974
742	894
745	760
746	825
746	857
746	902
746	922
746	946
746	979
747	775
748	799
748	981
749	758
749	937
749	946
749	956
750	763
750	782
750	901
750	945
751	753
751	803
752	837
753	950
754	828
754	859
754	908
755	766
755	770
755	866
755	926
756	920
757	845
758	839
758	841
758	889
758	940
758	984
759	840
760	920
761	888
761	899
761	998
763	889
765	851
766	958
766	964
767	777
767	889
767	896
767	931
767	952
768	812
769	819
769	922
769	964
770	773
770	875
770	901
770	930
770	998
771	796
771	826
771	914
771	916
771	980
771	985
772	778
772	865
772	916
772	967
773	852
773	998
774	797
774	878
775	855
775	965
776	851
776	861
776	864
777	913
777	952
777	981
778	809
780	834
780	848
780	930
781	801
781	899
781	922
781	932
781	958
781	960
781	995
782	809
782	902
782	982
783	797
783	847
783	907
783	931
783	961
784	865
784	866
784	887
785	880
786	946
787	863
789	791
789	949
790	876
790	912
793	997
794	872
794	888
795	827
795	921
796	841
796	902
796	965
797	883
798	823
798	881
799	896
799	964
799	987
800	937
801	834
801	837
802	900
802	994
802	995
803	877
803	891
803	950
804	920
808	845
808	859
808	871
809	908
809	917
810	862
810	886
810	930
811	838
811	884
811	887
811	918
813	826
813	977
815	855
815	908
815	980
815	985
816	863
816	868
816	895
817	912
817	991
818	857
818	873
818	931
819	964
819	974
819	984
821	906
821	916
821	973
823	838
823	884
823	896
823	918
823	961
824	828
824	967
825	851
826	855
826	857
826	922
826	945
827	907
827	961
828	843
828	886
828	894
828	941
828	944
829	863
829	950
832	868
832	899
833	881
834	988
836	917
836	956
836	962
836	982
837	991
839	909
840	982
841	859
841	871
841	908
841	916
841	917
841	946
843	927
845	914
845	980
845	999
846	953
848	926
848	970
848	979
848	988
851	926
852	872
854	964
855	857
855	873
855	889
855	979
855	995
857	864
857	964
860	868
861	899
861	976
862	882
864	904
864	933
864	964
865	984
866	887
866	921
868	998
869	927
869	966
870	880
871	915
871	916
872	998
873	901
873	922
874	942
875	949
876	904
877	930
879	931
879	949
879	981
880	915
880	918
881	908
881	942
882	886
882	946
883	984
886	903
886	945
887	931
889	932
889	976
889	995
890	970
891	903
891	988
894	920
894	941
895	930
896	898
897	985
898	918
899	900
899	969
900	987
901	903
901	958
901	998
902	965
902	980
902	994
903	945
904	944
904	965
904	970
908	946
908	956
909	984
912	933
914	946
915	937
917	967
920	972
921	987
922	945
925	980
927	947
930	977
931	936
932	937
932	945
933	991
937	971
940	992
944	974
945	964
946	965
946	979
946	994
988	991
991	997
