0	89
0	102
0	137
0	299
0	314
0	459
0	503
0	671
0	801
0	831
1	48
1	173
1	264
1	295
1	319
1	421
1	547
1	597
1	666
1	673
1	788
1	796
1	810
1	821
1	842
1	914
1	933
2	25
2	126
2	133
2	353
2	400
2	501
2	539
2	627
2	659
2	794
2	832
2	878
2	997
3	69
3	150
3	178
3	196
3	432
3	550
3	766
3	859
3	875
3	918
4	14
4	48
4	70
4	187
4	219
4	294
4	312
4	405
4	421
4	473
4	474
4	491
4	673
4	716
4	779
4	903
4	914
4	939
4	957
5	436
5	495
6	207
6	354
6	377
6	467
6	704
6	959
7	722
7	852
8	72
8	197
8	337
8	400
8	445
8	563
8	581
8	659
8	755
8	820
8	832
8	924
8	978
9	92
9	140
9	193
9	247
9	265
9	475
9	476
9	517
9	531
9	769
9	809
9	890
9	937
9	940
10	332
10	446
10	525
10	614
10	636
10	735
10	929
11	56
11	89
11	276
11	393
11	404
11	414
11	539
11	618
11	729
11	820
11	842
11	887
14	24
14	131
14	142
14	294
14	296
14	318
14	319
14	416
14	421
14	474
14	534
14	625
14	812
14	949
15	136
15	172
15	559
15	762
15	946
16	339
16	393
16	395
16	756
16	831
16	867
16	922
17	374
18	140
18	385
18	401
18	463
18	593
18	621
18	625
18	736
18	775
18	782
18	810
18	849
18	905
18	953
19	139
19	166
19	224
19	337
19	339
19	343
19	376
19	392
19	414
19	452
19	539
19	629
19	653
19	724
19	768
19	796
19	980
20	37
20	168
20	257
20	294
20	356
20	372
20	450
20	584
20	591
20	597
20	706
20	837
20	858
20	878
20	892
20	956
20	993
21	92
21	227
21	315
21	381
21	449
21	539
21	589
21	591
21	670
21	698
21	719
21	773
21	812
21	978
21	980
21	988
22	106
22	188
22	322
22	340
22	379
22	437
22	439
22	578
22	645
22	874
22	888
24	57
24	59
24	279
24	318
24	500
24	504
24	507
24	577
24	584
24	708
24	744
24	761
24	863
24	930
25	53
25	251
25	431
25	620
25	727
25	748
25	755
25	845
25	872
25	942
26	221
26	303
26	328
26	385
26	442
26	453
26	524
26	563
26	581
26	719
26	785
26	980
27	50
27	97
27	125
27	283
27	399
27	552
27	663
27	702
27	839
28	55
28	189
28	215
28	241
28	322
28	379
28	457
28	540
28	550
28	607
28	930
28	947
29	31
29	88
29	498
29	514
29	595
29	746
29	767
29	771
29	816
29	850
29	910
29	986
30	496
30	954
31	118
31	239
31	249
31	352
31	987
32	75
32	156
32	425
32	596
32	623
32	871
33	131
33	460
33	655
33	826
33	837
33	964
34	77
34	120
34	298
34	362
34	426
34	564
34	648
34	946
35	99
35	114
35	214
35	245
35	288
35	303
35	517
35	531
35	603
35	703
35	714
35	769
35	811
35	831
35	894
35	898
35	921
35	971
35	972
35	980
36	240
37	39
37	85
37	171
37	253
37	469
37	720
37	840
37	918
37	947
37	982
38	59
38	201
38	285
38	340
38	453
38	458
38	488
38	593
38	673
38	677
38	708
38	738
38	743
38	751
38	791
38	796
38	803
38	964
38	998
39	227
39	356
39	391
39	411
39	428
39	485
39	497
39	579
39	584
39	752
39	773
39	779
39	813
39	858
39	865
39	889
39	933
39	974
39	993
40	80
40	119
40	144
40	225
40	412
40	417
40	487
40	705
40	839
40	899
41	61
41	70
41	90
41	140
41	165
41	182
41	196
41	227
41	264
41	279
41	296
41	392
41	406
41	434
41	460
41	575
41	773
41	914
42	357
42	455
42	570
42	711
44	92
44	94
44	202
44	214
44	328
44	336
44	399
44	414
44	498
44	531
44	586
44	649
44	738
44	746
44	808
44	839
44	938
44	971
45	194
45	218
45	241
45	247
45	330
45	346
45	580
45	611
45	648
45	708
45	774
45	786
45	840
45	872
45	937
46	86
46	204
46	297
46	364
46	371
46	490
46	516
46	630
46	644
46	645
46	691
46	723
46	738
46	867
46	874
46	903
46	962
47	126
47	176
47	205
47	241
47	252
47	607
47	614
47	644
47	655
47	666
47	689
47	707
47	720
47	782
47	849
47	953
48	103
48	165
48	182
48	198
48	421
48	466
48	849
48	875
48	903
48	933
49	461
49	530
49	717
49	873
50	297
50	352
50	510
50	675
50	839
50	921
50	986
52	118
52	123
52	231
52	352
52	767
52	894
53	225
53	417
53	731
53	742
54	175
54	436
54	553
54	734
55	162
55	198
55	204
55	334
55	364
55	407
55	430
55	490
55	599
55	607
55	963
55	998
56	148
56	222
56	333
56	414
56	531
56	586
56	601
56	665
56	679
56	773
56	801
56	803
56	887
56	908
56	980
57	148
57	462
57	604
57	617
57	646
57	677
57	922
58	188
58	226
58	234
58	344
58	486
58	490
58	502
59	77
59	99
59	283
59	304
59	328
59	337
59	338
59	381
59	429
59	517
59	566
59	681
59	693
59	736
59	779
59	851
59	892
60	83
60	87
60	157
60	177
60	285
60	315
60	516
60	597
60	630
60	635
60	671
60	736
60	842
60	863
60	878
61	165
61	292
61	355
61	356
61	375
61	406
61	497
61	611
61	622
61	697
61	770
61	779
61	812
61	829
61	879
61	896
61	974
61	984
62	166
62	209
62	221
62	339
62	376
62	424
62	475
62	505
62	524
62	595
62	914
63	325
63	391
63	504
63	571
63	597
63	763
63	841
63	886
63	996
64	77
64	122
64	265
64	453
64	543
64	578
64	648
64	690
64	786
65	112
65	201
65	317
65	325
65	406
65	562
65	677
65	699
65	706
65	780
65	794
65	911
65	922
65	924
66	213
66	227
66	473
66	764
66	818
66	973
67	348
67	462
67	819
68	79
68	438
68	673
68	699
68	773
68	796
68	802
68	803
68	879
68	922
68	984
69	115
69	142
69	192
69	235
69	485
69	735
69	875
69	967
70	91
70	152
70	248
70	253
70	416
70	466
70	491
70	540
70	668
70	784
71	92
71	182
71	204
71	205
71	295
71	344
71	401
71	447
71	481
71	593
71	607
71	633
71	709
71	710
71	767
71	791
71	927
71	930
71	933
71	977
72	102
72	225
72	251
72	333
72	408
72	539
72	563
72	566
72	801
72	832
72	855
72	872
73	448
73	545
73	562
73	667
73	758
74	220
74	522
74	587
75	91
75	148
75	161
75	373
75	571
75	686
75	696
75	938
75	983
76	140
76	295
76	296
76	340
76	371
76	385
76	630
76	660
76	698
76	782
76	821
76	903
76	933
76	936
76	964
76	995
77	173
77	225
77	247
77	364
77	746
77	769
77	775
77	804
77	961
78	559
79	137
79	147
79	174
79	326
79	450
79	829
79	896
80	118
80	190
80	214
80	231
80	399
80	409
80	554
80	632
80	666
80	970
81	86
81	87
81	182
81	247
81	380
81	401
81	421
81	463
81	503
81	516
81	618
81	781
81	887
81	933
81	936
81	939
81	995
82	99
82	348
82	392
82	404
82	482
82	535
82	597
82	818
82	878
82	983
83	99
83	142
83	189
83	283
83	285
83	369
83	434
83	589
83	735
83	768
83	836
83	867
84	183
84	196
84	388
84	583
84	621
84	636
84	698
84	759
84	946
85	90
85	173
85	312
85	458
85	470
85	668
85	720
85	729
85	767
85	858
85	930
86	193
86	263
86	312
86	368
86	380
86	405
86	463
86	573
86	585
86	586
86	611
86	645
86	693
86	694
86	696
86	707
86	719
86	768
86	782
86	796
86	836
86	844
86	851
86	878
86	972
87	140
87	182
87	338
87	392
87	453
87	593
88	112
88	114
88	143
88	166
88	225
88	256
88	288
88	458
88	531
88	539
88	566
88	603
88	618
88	671
88	719
88	731
88	820
88	887
88	897
88	989
88	994
89	108
89	124
89	137
89	142
89	147
89	504
89	568
89	699
89	703
89	745
89	808
89	869
89	952
89	994
90	260
90	264
90	294
90	339
90	370
90	380
90	391
90	438
90	481
90	617
90	629
90	646
90	673
90	697
90	785
90	908
90	917
90	958
90	973
91	257
91	271
91	272
91	404
91	482
91	505
91	524
91	574
91	602
91	604
91	623
91	646
91	818
91	844
91	864
91	881
91	983
92	99
92	169
92	194
92	352
92	536
92	603
92	645
92	690
92	789
92	791
92	842
92	850
92	914
92	935
92	937
92	963
93	181
93	292
93	373
93	504
93	646
93	806
93	819
93	854
93	878
93	938
93	951
93	983
94	190
94	202
94	352
94	480
94	518
94	546
94	783
94	817
95	305
95	343
95	423
95	426
95	544
95	586
95	632
95	653
95	656
95	688
95	746
96	97
96	186
96	242
96	277
96	472
96	741
96	904
97	663
98	162
98	186
98	327
98	525
98	656
98	772
98	862
98	888
99	114
99	133
99	159
99	218
99	291
99	323
99	380
99	424
99	501
99	611
99	613
99	665
99	666
99	686
99	719
99	789
99	812
99	908
100	204
100	226
101	777
102	112
102	128
102	143
102	151
102	337
102	353
102	443
102	503
102	787
102	832
102	883
103	223
103	342
103	684
103	826
103	909
103	948
104	856
105	236
105	280
105	493
105	754
106	379
106	449
106	463
106	474
106	489
106	507
106	607
106	643
106	775
106	786
106	796
106	933
106	982
107	689
108	112
108	221
108	264
108	424
108	484
108	531
108	592
108	671
108	699
108	719
108	780
108	941
108	953
108	978
108	989
109	268
109	388
109	474
109	684
109	759
110	153
110	213
110	262
110	416
110	466
110	491
110	752
110	810
110	919
110	931
111	241
111	379
111	430
111	553
111	799
112	125
112	181
112	197
112	229
112	276
112	284
112	298
112	309
112	337
112	369
112	603
112	629
112	679
112	703
112	728
112	745
112	820
112	887
113	460
113	551
113	579
113	706
113	761
114	133
114	177
114	205
114	228
114	381
114	391
114	404
114	424
114	517
114	528
114	611
114	665
114	679
114	699
114	729
114	789
114	811
114	830
114	886
114	890
114	908
114	964
114	978
115	268
115	378
115	511
115	647
115	881
115	931
116	460
116	846
117	468
118	179
118	676
118	853
119	144
119	360
119	386
119	546
119	598
119	615
119	732
120	188
120	246
120	277
120	350
120	578
120	680
120	767
120	795
120	963
121	143
121	249
121	584
121	615
121	637
121	737
121	783
121	827
121	892
121	921
121	991
122	157
122	169
122	202
122	208
122	307
122	352
122	665
122	823
122	853
122	963
123	172
123	224
123	242
123	414
123	449
123	566
123	633
123	658
123	714
123	750
123	808
124	138
124	211
124	351
124	371
124	380
124	463
124	587
124	593
124	621
124	665
124	666
124	686
124	773
124	874
124	903
125	250
125	564
125	746
125	804
125	986
126	240
126	563
126	603
126	637
126	693
126	737
126	783
126	932
127	734
127	778
128	133
128	154
128	177
128	181
128	229
128	272
128	503
128	531
128	629
128	675
128	699
128	776
128	787
128	789
128	811
128	827
128	832
128	949
128	952
129	148
129	160
129	213
129	279
129	404
129	450
129	454
129	752
129	770
129	844
129	889
129	896
129	919
130	217
130	352
130	376
130	679
130	809
130	986
131	205
131	227
131	261
131	294
131	403
131	585
131	655
131	668
131	826
131	865
131	936
131	948
131	972
131	984
132	247
132	352
132	360
132	408
132	468
132	546
132	573
132	595
132	719
132	793
133	305
133	342
133	372
133	501
133	504
133	507
133	591
133	617
133	723
133	743
133	780
133	830
133	836
133	842
133	868
133	894
133	989
134	277
134	298
134	330
134	543
134	610
134	937
135	508
135	915
135	940
136	915
137	148
137	161
137	199
137	209
137	281
137	763
137	898
138	162
138	198
138	233
138	285
138	405
138	446
138	577
138	666
138	681
138	689
138	723
138	776
138	875
138	884
138	903
138	977
138	981
139	244
139	246
139	435
139	476
139	542
140	312
140	453
140	486
140	516
140	586
140	618
140	621
140	668
140	738
140	903
140	930
140	936
140	984
141	153
141	262
141	296
141	392
141	421
141	462
141	602
141	668
141	914
142	164
142	248
142	278
142	283
142	369
142	622
142	707
142	723
142	744
142	903
142	908
142	958
142	972
143	336
143	353
143	573
143	659
143	681
143	817
143	886
143	983
143	997
144	181
144	238
144	242
144	386
144	638
144	899
144	910
145	178
145	198
145	223
145	233
145	324
145	575
145	636
145	669
145	717
145	792
145	895
146	160
146	314
146	818
146	938
146	956
146	975
146	976
147	166
147	251
147	299
147	393
147	992
148	206
148	257
148	281
148	373
148	602
148	623
148	697
148	748
148	761
148	812
148	896
148	922
148	938
148	983
148	994
149	255
149	364
149	413
149	920
150	189
150	196
150	241
150	334
150	639
150	710
150	903
150	929
150	948
151	229
151	317
151	560
151	586
151	787
151	924
151	959
151	979
152	165
152	183
152	227
152	228
152	257
152	292
152	300
152	369
152	372
152	392
152	438
152	482
152	500
152	591
152	602
152	706
152	818
152	936
152	974
153	187
153	411
153	450
153	451
153	478
153	511
153	647
153	752
153	976
155	196
155	223
155	241
155	263
155	315
155	334
155	388
155	407
155	466
155	561
155	681
155	822
155	859
155	875
156	355
156	459
157	230
157	260
157	568
157	595
157	630
157	746
157	853
157	890
157	903
158	419
159	160
159	168
159	294
159	401
159	485
159	604
159	622
159	646
159	695
159	706
159	761
159	857
159	956
159	958
160	187
160	212
160	396
160	585
160	668
161	174
161	230
161	289
161	339
161	355
161	504
161	566
161	584
161	604
161	893
161	922
162	297
162	490
162	689
162	927
163	325
163	404
163	452
163	524
163	531
163	595
163	679
163	698
163	708
163	768
163	788
163	803
163	812
163	836
163	864
163	879
163	922
163	996
163	997
164	206
164	222
164	604
164	697
164	716
164	812
164	842
164	917
164	996
165	263
165	264
165	406
165	574
165	591
165	665
165	707
165	749
165	810
165	858
165	919
165	951
166	207
166	230
166	276
166	281
166	334
166	434
166	573
166	617
166	675
166	708
166	763
166	836
166	855
166	864
166	922
166	997
167	441
167	522
168	279
168	601
168	694
168	696
168	752
168	761
168	770
168	841
168	878
168	896
168	958
169	179
169	246
169	304
169	336
169	492
169	680
169	769
169	986
171	262
171	375
171	785
171	909
172	283
172	332
172	350
172	610
172	661
172	698
172	738
172	750
172	930
173	196
173	198
173	285
173	369
173	428
173	491
173	535
173	561
173	575
173	621
173	666
173	707
173	767
173	800
173	826
173	905
173	927
173	981
174	177
174	287
174	370
174	748
174	829
174	836
174	841
174	994
176	264
176	283
176	305
176	315
176	372
176	431
176	697
176	736
176	744
176	763
176	770
176	788
176	836
176	879
176	933
176	996
177	264
177	291
177	337
177	381
177	439
177	484
177	573
177	605
177	629
177	752
177	794
177	804
177	820
177	910
177	941
177	979
178	553
178	621
178	710
178	760
178	766
179	194
179	247
179	252
179	362
179	401
179	476
179	510
179	518
179	568
179	587
179	633
179	693
179	709
179	738
179	767
179	988
180	496
181	231
181	315
181	353
181	423
181	517
181	533
181	560
181	737
181	991
182	255
182	312
182	371
182	426
182	457
182	625
182	644
182	665
182	668
182	693
182	713
182	723
182	736
182	773
182	810
182	842
182	922
182	933
182	958
183	271
183	322
183	388
183	416
183	470
183	481
183	550
183	735
183	835
183	851
183	944
183	990
185	188
185	234
185	559
185	915
186	572
186	676
186	945
187	213
187	303
187	372
187	375
187	380
187	706
187	806
187	813
187	844
187	858
187	974
188	364
188	502
188	774
188	915
189	274
189	550
189	607
189	621
189	709
189	736
189	903
189	944
190	231
190	702
190	771
190	783
190	839
190	986
191	237
191	308
191	542
191	739
191	769
192	278
192	324
192	334
192	405
192	530
192	720
192	759
192	792
192	826
192	927
192	947
193	232
193	286
193	340
193	434
193	463
193	481
193	645
193	671
193	690
193	776
193	984
194	247
194	250
194	307
194	401
194	404
194	610
194	618
194	666
194	769
194	791
194	936
194	937
194	963
195	366
195	546
195	732
195	783
195	839
195	887
195	932
196	274
196	285
196	334
196	405
196	550
196	846
196	947
197	222
197	276
197	337
197	789
197	832
197	855
197	883
197	912
197	924
198	263
198	283
198	286
198	388
198	575
198	689
198	720
198	914
198	947
199	238
199	276
199	488
199	546
199	552
199	560
199	563
199	571
199	663
199	787
199	811
199	830
199	869
200	577
201	602
201	633
201	737
201	769
201	808
201	868
202	247
202	476
202	492
202	543
202	633
202	637
202	676
202	746
202	843
203	372
203	397
203	451
203	582
203	706
203	889
204	250
204	294
204	297
204	368
204	416
204	481
204	485
204	586
204	625
204	636
204	649
204	690
204	716
204	904
204	953
205	271
205	303
205	371
205	379
205	446
205	516
205	666
205	689
205	749
205	751
205	782
206	209
206	236
206	326
206	406
206	497
206	622
206	896
206	911
206	994
207	299
207	314
207	317
207	748
207	838
208	741
209	289
209	317
209	335
209	392
209	496
209	571
209	605
209	877
209	922
210	335
210	425
210	452
210	509
210	731
210	765
210	838
210	925
211	254
211	312
211	539
211	597
211	601
211	618
211	693
211	738
211	791
211	825
211	886
211	963
212	222
212	372
212	417
212	442
212	484
212	547
212	604
212	620
212	801
212	988
212	994
213	807
213	976
214	399
214	408
214	429
214	517
214	551
214	671
214	680
214	737
214	738
214	839
214	868
214	935
214	987
215	248
215	330
215	371
215	385
215	392
215	407
215	481
215	540
215	575
215	698
215	720
215	919
215	927
215	998
216	491
216	891
216	918
216	931
217	231
217	343
217	488
217	514
217	544
217	560
217	595
217	737
217	991
218	227
218	371
218	380
218	421
218	633
218	694
218	723
218	743
218	755
218	849
218	890
218	962
218	980
219	263
219	378
219	470
219	640
219	759
219	846
219	918
219	977
220	340
221	232
221	340
221	420
221	456
221	606
221	649
221	665
221	842
221	867
221	941
221	952
222	291
222	325
222	401
222	414
222	552
222	563
222	592
222	603
222	649
222	690
222	696
222	719
222	749
222	887
223	334
223	379
223	512
223	846
223	948
224	232
224	303
224	304
224	564
224	581
224	671
224	746
224	827
224	848
224	971
225	240
225	783
227	296
227	300
227	372
227	501
227	534
227	584
227	597
227	604
227	646
227	697
227	707
227	719
227	782
227	896
227	958
227	989
228	318
228	325
228	540
228	602
228	670
228	686
228	716
228	763
228	773
228	812
228	875
228	878
228	908
229	232
229	240
229	400
229	420
229	544
229	552
229	625
229	650
229	655
229	713
229	883
229	899
229	941
230	240
230	260
230	385
230	401
230	423
230	629
230	719
230	744
230	825
230	887
230	924
231	408
231	409
231	632
231	971
232	340
232	423
232	518
232	533
232	586
232	592
232	616
232	746
232	768
232	809
232	980
233	323
233	630
233	800
233	920
234	641
235	282
235	859
236	754
236	954
236	992
237	904
238	284
238	395
238	415
238	551
238	733
239	259
239	399
239	492
239	551
239	653
239	726
239	937
240	377
240	488
240	533
240	544
240	554
240	612
240	637
240	732
240	804
241	613
241	643
241	660
241	859
241	861
241	916
241	944
242	409
242	536
242	823
242	880
244	277
244	308
244	422
244	798
244	853
245	264
245	284
245	458
245	503
245	560
245	603
245	719
245	743
245	781
245	811
245	869
245	897
245	924
245	941
246	308
246	447
246	492
246	578
246	610
246	691
246	741
246	798
247	408
247	437
247	610
247	625
247	808
247	827
247	890
248	405
248	474
248	491
248	547
248	574
248	608
248	689
248	695
248	707
248	785
248	837
248	919
248	972
249	741
249	940
250	297
250	331
250	340
250	364
250	380
250	385
250	458
250	486
250	593
250	661
250	809
250	880
250	890
251	264
251	484
251	503
251	588
251	659
251	704
251	794
251	952
252	271
252	274
252	447
252	463
252	599
252	643
252	673
252	710
252	851
252	930
253	372
253	405
253	485
253	491
253	540
253	668
253	696
253	707
253	800
253	878
253	964
254	270
254	550
254	717
254	913
255	327
255	364
255	489
255	616
255	862
256	377
256	400
256	612
256	678
256	959
257	281
257	300
257	450
257	781
257	893
257	954
257	957
257	996
258	529
259	321
259	632
260	424
260	517
260	573
260	611
260	630
260	665
260	666
260	708
260	736
260	779
260	810
260	820
260	890
260	937
261	342
261	371
261	405
261	469
261	580
261	720
261	846
261	851
261	881
261	916
262	342
262	471
262	574
262	683
262	805
262	976
263	371
263	458
263	540
263	550
263	580
263	644
263	668
263	669
263	694
263	744
263	810
263	821
263	851
263	861
263	868
263	919
263	933
263	965
264	283
264	303
264	432
264	503
264	507
264	520
264	524
264	591
264	601
264	610
264	719
264	745
264	748
264	789
265	346
265	350
265	437
265	476
265	518
265	543
265	559
265	648
265	680
265	691
265	848
265	853
265	862
265	940
266	270
266	594
266	711
266	990
268	275
268	278
268	388
268	428
268	792
268	947
269	631
269	674
269	727
270	274
270	428
270	570
270	759
271	275
271	312
271	319
271	368
271	380
271	481
271	516
271	608
271	736
271	749
271	914
271	933
271	998
272	287
272	317
272	355
272	420
272	431
272	484
272	563
272	721
272	727
272	845
272	872
272	942
273	280
273	289
273	326
273	387
273	600
273	672
273	968
274	884
274	926
275	669
275	694
275	792
275	918
275	947
276	288
276	305
276	392
276	439
276	452
276	497
276	501
276	524
276	744
276	879
276	952
277	492
277	880
277	945
278	378
278	469
278	645
278	698
278	766
278	826
278	918
278	936
279	281
279	348
279	485
279	500
279	585
279	813
279	844
279	879
279	954
280	326
280	596
280	600
281	292
281	391
281	403
281	507
281	541
281	813
281	956
282	778
282	882
282	916
283	294
283	300
283	406
283	516
283	586
283	602
283	617
283	781
283	826
283	876
283	879
283	958
284	393
284	603
284	659
284	728
284	744
284	820
284	869
284	892
284	922
284	924
284	989
285	294
285	625
285	849
285	868
285	876
285	878
285	962
286	339
286	458
286	484
286	584
286	586
286	601
286	655
286	713
286	749
286	756
286	782
286	993
286	998
287	326
287	355
287	507
287	617
287	629
287	818
287	841
288	289
288	337
288	566
288	670
288	677
288	704
288	820
288	845
288	855
288	887
288	898
288	911
289	355
289	393
289	520
289	566
289	677
289	723
289	763
289	801
289	829
289	844
289	942
289	988
290	561
290	580
290	622
290	647
290	851
290	863
291	403
291	484
291	492
291	516
291	603
291	649
291	665
291	670
291	750
291	868
291	892
292	375
292	506
292	585
292	706
292	763
292	806
292	818
292	919
292	958
294	372
294	473
294	539
294	622
294	696
294	736
294	818
294	973
295	319
295	378
295	424
295	458
295	516
295	540
295	547
295	607
295	625
295	826
295	933
295	936
296	473
296	485
296	556
296	625
296	696
296	779
296	858
296	914
296	919
297	307
297	446
297	536
297	593
297	633
297	645
297	867
297	890
297	927
297	937
297	961
297	963
297	982
298	344
298	435
298	449
298	502
298	643
298	648
298	751
298	767
298	799
298	853
299	445
299	519
299	748
299	855
300	317
300	450
300	459
300	478
300	577
300	646
300	687
300	754
300	764
300	972
300	984
300	989
301	729
301	749
301	862
301	969
302	757
303	315
303	328
303	549
303	581
303	649
303	653
303	688
303	749
303	827
303	848
303	894
304	352
304	589
304	608
304	648
304	680
304	769
304	921
305	333
305	442
305	620
305	673
305	679
305	696
305	763
305	896
305	898
306	528
306	758
306	900
307	456
307	492
307	550
307	583
307	610
307	637
307	643
307	738
307	868
308	772
308	904
309	503
309	514
309	659
309	935
309	991
309	996
310	365
311	706
312	392
312	434
312	439
312	453
312	469
312	568
312	575
312	586
312	698
312	801
312	936
312	964
312	967
312	979
313	437
313	543
313	593
313	676
313	798
313	940
313	945
314	425
314	754
314	924
315	414
315	423
315	424
315	517
315	568
315	629
315	673
315	708
315	769
315	842
315	908
315	939
315	974
316	355
316	459
316	623
316	629
317	452
317	569
317	605
317	699
317	954
318	370
318	463
318	591
318	655
318	668
318	694
318	813
318	927
318	954
319	385
319	601
319	608
319	625
319	668
319	707
319	821
319	964
319	980
320	455
320	570
321	479
321	733
322	340
322	344
322	470
322	599
322	613
322	946
322	950
323	349
323	811
323	881
325	482
325	505
325	602
325	671
325	694
325	922
325	923
325	994
326	506
326	968
327	394
327	449
327	470
327	525
327	583
327	633
327	866
327	962
327	999
328	340
328	498
328	501
328	586
328	630
328	671
328	708
328	804
328	867
328	892
328	924
328	995
330	364
330	449
330	587
330	630
330	656
330	767
330	795
330	808
330	937
331	513
331	578
331	645
331	654
331	791
331	833
331	878
331	977
332	413
332	490
333	339
333	452
333	539
333	617
333	812
333	855
333	899
333	943
334	388
334	614
334	840
334	861
334	895
334	918
334	947
335	925
336	352
336	568
336	629
336	729
336	780
336	804
336	890
336	935
337	714
337	780
337	836
337	883
337	991
338	439
338	449
338	486
338	510
338	564
338	713
338	786
338	804
338	998
339	434
339	505
339	562
339	573
339	608
339	642
339	673
339	893
339	936
340	449
340	574
340	587
340	603
340	633
340	644
340	698
340	738
340	810
340	937
340	980
340	998
341	384
342	411
342	461
342	736
342	891
343	429
343	985
344	364
344	621
344	657
345	757
346	422
347	399
347	544
347	546
347	598
347	658
347	839
348	471
348	752
348	844
348	877
348	879
348	983
349	805
349	931
349	973
350	643
350	840
350	935
351	352
351	453
351	566
351	587
351	593
351	746
351	767
351	809
351	836
352	468
352	549
352	564
352	648
352	656
352	743
352	769
352	978
353	376
353	528
353	551
353	622
353	703
354	588
354	887
355	431
355	531
355	545
355	763
356	391
356	403
356	431
356	482
356	485
356	540
356	611
356	752
356	821
356	879
356	974
356	976
357	960
358	619
358	786
359	565
359	667
359	682
360	487
360	554
360	627
360	732
360	899
360	910
361	559
361	645
361	799
361	862
361	969
362	435
362	492
364	432
364	461
364	490
364	525
364	583
364	644
364	946
364	999
365	777
366	595
366	713
366	730
366	839
366	991
367	436
367	570
367	947
368	449
368	476
368	517
368	536
368	691
368	760
368	842
368	963
369	482
369	566
369	608
369	686
369	802
369	846
369	914
369	918
369	958
369	965
369	984
369	988
369	993
370	393
370	452
370	475
370	618
370	659
370	699
370	751
370	755
370	763
370	788
371	430
371	432
371	466
371	470
371	474
371	607
371	849
371	861
371	895
371	903
371	918
372	482
372	577
372	706
372	752
372	796
372	844
373	375
373	462
373	558
373	571
373	780
373	864
373	872
373	896
373	911
374	761
374	819
374	847
374	984
375	406
375	481
375	646
375	695
375	858
375	865
375	989
376	488
376	571
376	728
376	820
376	850
376	935
377	417
377	732
377	742
377	987
378	405
378	407
378	669
378	710
378	895
378	903
378	967
379	430
379	453
379	540
379	599
379	621
379	644
379	927
379	982
380	401
380	432
380	666
380	697
380	735
380	749
380	821
380	953
380	974
381	400
381	603
381	649
381	659
381	679
381	731
381	943
382	772
383	431
383	445
383	569
385	404
385	424
385	426
385	516
385	534
385	573
385	597
385	611
385	649
385	665
385	671
385	697
385	699
385	749
385	812
385	972
386	412
386	479
386	514
386	592
386	658
386	839
387	459
387	507
388	550
388	643
388	665
388	689
388	840
388	918
388	944
391	397
391	406
391	485
391	577
391	585
391	602
391	646
391	706
391	716
391	802
391	803
391	812
391	975
392	406
392	534
392	645
392	693
392	770
392	802
392	979
392	993
393	812
393	911
393	917
393	941
393	943
394	413
394	759
394	774
394	833
394	969
395	563
396	715
396	761
397	460
397	931
398	805
398	834
398	948
399	484
399	676
399	949
400	468
400	565
400	595
400	894
400	994
401	547
401	589
401	653
401	656
401	693
401	694
401	782
401	811
401	842
401	858
401	978
402	650
403	454
403	534
403	597
403	673
403	696
403	716
403	756
403	818
403	836
403	917
403	984
404	481
404	516
404	520
404	589
404	679
404	687
404	729
404	738
404	779
404	845
404	875
404	879
405	466
405	689
405	812
405	821
405	840
405	881
406	438
406	485
406	601
406	695
406	756
406	773
406	979
406	984
407	470
407	476
408	429
408	487
408	533
408	595
408	787
408	848
408	850
408	886
408	932
408	987
408	991
409	653
409	814
409	848
409	850
409	921
409	970
411	460
411	471
411	561
411	695
411	973
412	477
412	557
412	576
412	631
412	632
412	705
413	436
413	489
413	525
413	583
413	660
413	934
414	504
414	589
414	743
414	794
414	796
414	924
414	989
414	996
415	632
415	678
415	702
415	780
415	898
416	470
416	881
417	637
417	656
417	703
417	935
418	479
418	627
419	444
419	598
420	755
420	832
420	850
420	924
421	482
421	713
421	788
421	875
422	740
422	741
423	544
423	592
423	703
423	817
423	883
423	912
424	439
424	533
424	551
424	629
424	688
424	802
424	817
424	836
425	519
425	801
426	581
426	593
426	645
426	690
426	751
426	779
426	935
428	865
429	726
429	783
430	447
430	456
430	525
430	543
430	643
430	661
430	833
430	862
431	519
431	801
431	996
432	481
432	525
432	689
432	698
432	786
432	810
432	936
433	487
433	771
433	839
434	443
434	458
434	475
434	531
434	540
434	602
434	812
434	818
434	895
434	917
434	924
434	988
435	713
435	853
435	904
436	616
436	799
436	884
436	990
437	492
437	536
437	767
437	908
437	962
437	971
438	507
438	608
438	611
438	779
438	802
438	803
438	876
438	879
439	517
439	533
439	592
439	691
439	848
439	853
439	868
439	995
440	843
441	513
441	661
441	749
441	766
441	799
442	475
442	520
442	531
442	589
442	699
442	780
442	794
442	803
442	887
442	892
442	997
443	519
443	836
444	465
444	546
445	459
445	755
445	897
445	942
445	966
446	621
446	636
446	660
447	490
447	543
447	553
447	610
447	618
447	643
447	660
447	772
447	920
447	950
447	961
449	774
449	962
449	995
450	600
450	851
450	857
450	958
451	524
451	579
451	696
451	854
452	497
452	744
452	794
452	864
452	897
452	925
452	943
453	501
453	586
453	729
453	749
453	825
453	937
453	953
453	962
454	482
454	493
454	534
454	538
454	575
454	579
454	580
454	677
454	707
454	770
454	788
454	818
454	931
454	993
455	512
455	873
455	926
455	960
456	599
456	646
456	782
456	791
456	930
456	995
456	999
457	508
457	977
458	463
458	621
458	646
458	665
458	707
458	756
458	786
458	791
458	874
458	905
458	998
459	687
459	831
459	925
460	781
461	684
461	734
461	916
461	950
462	968
462	975
463	587
463	589
463	673
463	984
464	492
464	635
464	791
464	888
465	814
465	986
466	536
466	636
466	655
467	667
467	704
467	925
468	503
468	632
468	731
468	830
468	839
468	850
468	886
468	892
468	935
469	504
469	574
469	655
469	681
469	720
469	851
469	861
469	865
469	879
470	636
470	689
470	707
470	723
470	781
470	905
470	908
470	933
470	995
471	582
471	624
471	889
472	483
472	510
472	549
473	485
473	591
473	695
473	802
473	914
474	636
474	810
474	918
474	933
475	486
475	531
475	552
475	617
475	678
475	679
475	708
475	769
476	492
476	568
476	618
476	645
476	666
476	679
476	680
476	743
476	921
477	733
478	561
478	878
478	981
479	576
479	598
479	627
480	676
480	741
480	970
481	516
481	587
481	666
481	671
481	694
481	723
481	786
481	878
481	939
481	953
482	485
482	535
482	591
482	611
482	668
482	716
482	806
483	572
483	638
483	726
483	970
484	547
484	670
484	679
484	769
484	830
484	894
484	924
484	978
484	989
485	497
485	535
485	686
485	752
485	781
485	802
485	825
485	836
485	914
485	973
486	593
486	645
486	656
486	676
486	680
486	688
486	729
486	738
486	767
486	786
487	552
487	565
487	650
487	899
488	514
488	592
488	713
488	921
489	640
489	661
489	766
490	599
490	895
490	998
491	511
491	561
491	608
491	967
492	566
492	713
492	997
493	500
493	803
493	951
493	956
494	913
495	512
495	639
495	735
496	831
497	520
497	534
497	571
497	694
497	696
497	708
497	756
497	781
497	863
497	903
498	517
498	547
498	573
498	746
498	868
498	869
498	927
498	941
499	576
500	507
500	571
500	697
500	716
500	864
501	588
501	635
501	679
501	731
501	825
501	941
501	989
502	626
502	762
503	588
503	605
503	924
503	989
503	996
504	524
504	699
504	716
504	796
504	864
504	879
504	887
504	893
504	917
504	974
505	577
505	620
505	697
505	770
505	896
505	914
505	996
505	997
506	606
506	952
507	577
507	596
507	784
507	858
507	896
507	997
509	606
509	651
509	765
509	877
509	925
510	536
510	544
510	648
510	804
510	935
511	515
511	752
511	818
512	570
512	800
513	626
514	603
514	632
514	727
514	768
514	787
514	804
514	820
514	894
515	538
515	889
516	536
516	666
516	689
516	849
516	851
516	917
517	635
517	686
517	811
517	830
517	986
517	989
518	653
518	823
518	827
519	620
519	686
519	693
519	743
519	748
519	838
519	864
519	911
519	922
519	978
520	803
520	855
520	897
520	943
520	983
520	988
520	992
521	555
521	684
521	882
522	553
522	639
522	661
522	753
522	920
523	619
524	617
524	697
524	763
524	893
524	917
524	924
524	994
524	996
525	559
525	690
525	888
525	929
526	667
526	831
526	845
526	877
527	992
528	592
528	605
528	758
528	763
528	787
528	831
529	650
530	717
530	926
531	533
531	629
531	658
531	659
531	671
531	677
531	679
531	743
531	868
531	886
532	793
533	659
533	728
533	811
533	820
533	910
534	768
534	821
534	863
534	933
535	602
535	756
535	861
535	878
535	895
536	593
536	809
536	982
538	706
539	547
539	625
539	629
539	780
539	849
540	770
540	788
540	821
540	849
540	867
540	895
540	903
540	939
540	972
540	995
541	687
541	968
543	601
543	791
544	551
544	592
544	728
544	787
544	894
544	935
544	987
545	548
546	551
546	598
546	839
547	573
547	729
547	738
547	796
547	836
549	573
549	581
549	783
549	827
549	932
550	621
550	660
550	710
550	822
550	859
550	866
550	916
551	817
551	991
552	568
552	635
552	651
552	656
552	690
552	787
552	809
552	811
552	855
552	869
552	910
552	935
552	991
553	760
553	851
553	913
554	615
554	632
554	771
554	910
555	684
556	965
557	742
557	910
559	613
559	616
559	833
559	920
559	961
560	581
560	592
560	663
561	574
561	914
561	984
563	714
563	731
564	633
564	653
564	663
564	688
564	693
564	709
564	848
564	921
564	935
564	986
565	566
565	588
565	742
565	906
566	573
566	605
566	649
566	708
566	789
566	804
566	817
566	855
566	908
566	924
566	953
566	966
567	757
568	612
568	693
568	769
568	850
568	903
568	923
568	962
569	838
570	711
570	800
570	982
570	990
571	602
571	841
571	887
572	746
572	793
572	880
573	629
573	649
573	708
573	712
573	780
573	832
573	867
573	887
573	897
574	773
574	865
574	884
575	681
575	759
575	918
575	931
577	585
577	604
577	622
577	876
578	643
578	648
578	774
578	961
578	998
580	597
580	709
580	759
580	933
580	982
581	780
581	867
581	937
582	701
582	764
583	613
583	791
584	623
584	624
584	716
584	788
584	829
584	857
584	871
584	876
584	923
585	587
585	716
585	752
585	773
585	788
585	802
585	879
585	939
585	972
585	993
586	589
586	597
586	618
586	713
586	768
586	979
586	984
587	709
587	821
587	851
587	886
587	949
587	962
588	605
588	801
588	832
588	897
588	942
588	978
589	601
589	653
589	695
589	702
589	723
589	749
589	768
589	868
589	877
589	910
589	937
591	624
591	636
591	707
591	781
591	818
591	876
591	983
591	988
592	679
592	708
592	737
592	804
593	693
593	709
593	749
593	888
594	640
594	711
594	846
595	690
595	703
595	746
595	769
595	817
595	848
595	883
595	886
595	892
596	672
596	754
596	756
597	605
597	622
597	697
597	745
597	803
597	812
597	896
597	908
597	914
597	973
597	984
597	988
599	690
600	623
600	819
600	957
601	665
601	689
601	708
601	723
601	749
601	836
601	949
601	993
602	686
602	696
602	699
602	716
602	763
602	818
602	993
603	679
603	688
603	830
604	694
604	696
604	754
604	763
604	773
604	831
604	923
604	974
605	659
605	727
605	801
605	898
605	943
606	677
606	911
606	992
607	621
607	636
607	776
607	882
607	927
608	611
608	770
608	781
608	803
608	808
608	878
608	939
608	941
608	965
608	984
609	637
610	767
610	769
610	795
610	817
610	823
611	756
611	794
611	812
611	842
611	863
612	649
612	692
612	708
612	733
612	745
612	850
612	852
612	928
612	943
613	753
613	930
613	953
613	961
615	650
615	932
616	626
616	660
616	753
616	775
617	677
617	699
617	780
617	908
617	917
617	938
617	942
618	630
618	729
618	796
618	825
618	867
618	933
618	953
619	654
619	739
619	862
620	763
620	883
620	922
620	943
621	767
621	881
622	646
622	670
622	716
622	763
622	796
622	844
622	857
622	984
623	693
623	876
623	896
624	806
624	854
624	975
625	698
625	751
625	776
625	840
625	933
625	936
625	962
625	964
626	775
626	795
627	899
627	906
629	699
629	719
629	743
629	780
629	811
629	830
629	855
629	887
630	693
630	767
630	820
630	848
630	868
630	921
630	980
632	663
633	680
633	843
633	888
633	963
635	776
635	840
635	868
635	890
635	939
635	979
635	986
636	698
636	875
636	895
636	982
639	735
639	916
640	711
642	748
642	765
642	954
643	691
643	791
643	888
643	929
644	668
644	681
644	822
644	993
645	657
645	709
645	775
645	809
645	841
645	848
645	865
645	867
645	963
645	998
646	669
646	756
646	812
646	956
646	974
646	983
647	861
647	905
647	909
648	747
648	795
648	816
648	944
649	675
649	690
649	699
649	809
649	869
651	675
651	731
651	912
653	680
653	703
653	726
653	746
653	816
653	827
653	940
653	986
654	969
655	684
655	686
655	903
655	939
655	993
656	690
656	691
656	793
656	809
656	963
657	874
657	929
658	702
658	894
658	987
659	725
659	755
659	820
659	978
660	670
660	710
660	775
660	849
660	866
660	888
660	944
660	950
661	833
661	947
663	771
663	783
665	679
665	751
665	830
665	875
665	949
666	736
666	743
666	826
666	842
666	849
666	903
666	933
666	977
667	928
668	812
668	821
668	953
668	993
668	999
669	711
669	834
669	873
669	909
669	918
670	708
670	750
670	795
670	855
670	874
670	979
671	679
671	719
671	830
671	832
671	941
671	974
672	701
672	968
673	694
673	743
673	781
673	841
673	933
673	988
675	679
675	719
675	886
675	892
676	739
676	798
676	970
677	721
677	794
677	801
677	811
677	812
677	841
678	732
678	842
678	991
679	713
679	769
679	796
679	830
679	887
679	892
679	995
679	998
680	789
680	814
680	825
684	792
684	800
684	960
685	753
686	743
686	744
686	836
686	988
686	997
687	893
687	956
688	746
688	890
688	930
688	998
689	723
689	729
689	782
689	875
689	895
690	929
690	979
690	995
691	767
691	791
691	937
691	989
692	783
692	932
693	749
693	780
693	874
693	887
693	921
693	979
693	995
694	756
694	781
694	802
694	878
695	752
695	844
696	781
697	770
697	788
697	836
697	868
697	881
697	923
697	988
698	782
698	810
698	851
698	861
699	721
699	801
699	855
701	807
702	804
702	816
702	827
703	817
703	869
703	985
704	831
705	771
705	787
706	752
706	813
706	844
706	914
706	958
707	905
707	979
708	788
708	887
708	924
708	980
708	988
708	989
709	713
709	743
709	849
709	874
709	882
709	927
710	760
710	766
710	840
710	944
711	834
711	960
712	845
712	992
713	749
713	776
713	850
713	868
714	730
714	789
714	832
714	883
714	924
716	812
716	841
716	879
716	917
716	923
717	873
719	725
719	743
719	939
720	749
720	895
720	947
720	979
721	781
721	829
721	898
721	941
722	815
723	851
723	864
723	876
723	953
723	979
725	898
726	741
727	831
727	845
727	912
728	737
728	812
729	743
729	775
729	776
729	867
729	962
730	783
731	832
732	787
732	987
734	759
735	782
735	786
735	884
736	836
736	874
736	879
736	903
736	941
737	745
737	780
737	935
738	867
738	963
741	747
741	814
741	843
743	789
743	796
743	817
743	953
744	842
744	864
744	876
744	917
745	773
745	779
745	794
745	830
745	877
745	932
746	769
746	820
746	825
746	886
746	890
746	935
748	780
748	829
748	992
749	773
749	868
749	923
749	992
750	767
750	853
750	904
751	796
751	963
752	813
752	879
752	938
753	772
753	918
755	911
756	781
756	857
756	858
756	896
756	919
756	923
757	970
758	959
759	846
759	878
759	947
760	953
761	844
761	975
762	969
763	773
763	794
763	863
763	911
763	923
763	996
764	805
766	937
766	944
767	776
767	789
767	795
767	937
768	769
768	811
768	825
769	780
769	796
769	867
769	921
769	935
770	779
770	988
772	833
772	915
773	796
773	809
773	903
773	997
774	888
774	915
774	934
775	810
776	795
776	998
779	812
779	939
779	980
780	788
780	801
780	941
780	980
780	988
781	802
781	858
781	876
781	974
781	988
782	810
782	849
782	936
782	963
783	850
783	910
783	921
783	986
784	818
784	830
784	872
784	931
784	958
786	825
786	950
786	953
786	979
787	817
787	839
788	812
788	829
788	863
788	879
788	897
788	903
789	978
789	980
791	963
791	977
792	846
792	861
793	814
793	986
794	832
794	845
795	804
795	840
795	853
795	946
795	963
796	844
796	867
796	878
796	890
796	979
796	988
798	843
799	882
799	916
800	840
801	897
801	922
801	952
802	919
802	984
803	812
803	863
803	922
803	980
804	827
804	830
804	855
804	886
804	921
804	978
805	973
806	844
810	832
810	888
810	905
810	953
810	964
810	972
810	979
810	981
811	924
811	978
812	878
812	980
812	992
813	858
814	816
814	940
815	942
816	827
816	850
816	986
817	949
818	858
820	978
820	987
821	874
821	905
821	914
821	933
823	986
825	855
825	868
826	858
826	879
826	933
826	996
827	971
827	986
829	951
829	983
829	992
830	978
830	980
831	897
832	855
832	883
833	950
835	918
835	931
835	993
836	855
837	857
837	858
837	893
837	919
839	848
840	861
841	877
841	893
841	958
842	908
842	984
842	988
843	870
844	857
844	878
845	925
846	881
847	889
848	868
848	886
848	982
849	930
850	869
850	991
851	875
851	895
851	953
851	964
851	982
851	988
855	986
856	900
857	939
858	958
858	974
859	882
861	884
863	879
863	964
863	980
863	984
863	988
864	911
864	922
864	954
864	974
864	986
864	994
865	909
865	937
865	948
866	929
867	935
867	989
868	888
868	963
869	966
871	974
872	922
872	941
872	974
872	992
873	926
874	977
874	998
875	981
875	982
876	893
877	939
877	992
878	903
878	933
878	965
878	972
879	972
879	974
879	984
879	994
879	996
880	904
880	945
881	895
882	916
883	932
883	959
886	921
886	953
887	922
887	923
887	935
887	978
888	946
888	963
892	922
892	924
893	896
893	922
893	993
894	898
895	905
896	938
896	983
897	898
899	928
903	933
903	947
903	984
905	944
908	937
908	978
910	932
910	991
912	959
914	919
915	969
917	943
917	983
918	948
919	965
920	929
920	944
920	950
920	961
922	939
923	974
927	933
927	998
929	934
929	999
931	976
932	987
933	936
933	972
934	939
934	950
935	971
936	939
936	941
937	944
938	994
938	996
939	979
940	980
941	978
942	955
943	987
946	950
946	961
949	979
949	996
951	968
953	962
953	980
953	981
955	966
957	975
958	972
958	976
958	983
961	969
962	977
962	979
962	984
964	984
971	986
972	974
972	978
977	982
979	997
984	992
