0	33
0	34
0	48
0	113
0	134
0	155
0	341
0	477
0	562
0	591
0	884
1	136
1	225
1	294
1	434
1	566
1	580
1	610
1	819
1	834
1	905
1	909
2	29
2	104
2	317
2	462
2	522
2	594
2	851
3	98
3	155
3	308
3	347
3	621
3	663
3	695
3	737
3	745
3	885
3	894
3	915
3	927
3	965
3	975
4	20
4	190
4	476
4	654
4	741
4	863
4	909
4	915
4	949
5	380
5	404
5	426
5	446
5	452
5	513
5	704
5	936
6	242
6	258
6	277
6	325
6	402
6	466
6	472
6	510
6	587
6	614
6	664
6	822
6	896
6	941
7	119
7	186
7	202
7	672
7	703
7	717
7	829
7	853
8	336
8	381
9	11
9	55
9	87
9	270
9	273
9	360
9	530
9	652
9	659
9	739
9	806
9	825
9	941
10	55
10	169
10	194
10	247
10	511
10	553
10	576
10	672
10	724
10	728
10	742
10	749
10	801
10	818
10	819
10	899
10	900
10	941
10	971
11	15
11	55
11	156
11	169
11	199
11	239
11	240
11	244
11	282
11	291
11	433
11	497
11	528
11	636
11	652
11	662
11	665
11	669
11	734
11	830
11	897
11	956
12	162
12	247
12	618
12	802
12	994
13	165
13	368
13	400
13	450
13	529
13	531
13	623
13	886
14	78
14	103
14	195
14	222
14	422
14	464
14	981
15	160
15	168
15	260
15	288
15	312
15	355
15	426
15	548
15	679
15	915
16	264
16	390
16	682
16	786
16	934
19	766
20	25
20	37
20	92
20	175
20	229
20	364
20	512
20	528
20	538
20	608
20	638
20	694
20	752
20	815
20	933
20	945
20	965
21	45
21	102
21	188
21	206
21	263
21	285
21	301
21	331
21	417
21	433
21	543
21	588
21	610
21	683
21	812
21	869
21	989
22	259
22	441
22	471
22	626
22	631
22	846
22	975
23	420
23	441
23	737
23	776
23	816
24	195
24	276
24	316
24	374
24	422
24	490
24	693
24	878
24	984
25	89
25	158
25	218
25	308
25	326
25	367
25	410
25	500
25	501
25	621
25	640
25	736
25	975
26	87
26	191
26	313
26	364
26	471
26	547
26	566
26	626
26	668
26	673
26	715
26	894
26	908
26	930
27	47
27	198
27	383
27	805
28	64
28	121
28	127
28	222
28	281
28	405
28	408
28	464
28	593
28	818
28	874
28	920
28	991
29	67
29	504
29	537
29	552
30	46
30	95
30	213
30	272
30	298
30	477
30	510
30	515
30	597
30	610
30	658
30	750
30	808
30	869
30	930
30	949
30	977
30	989
30	999
31	42
31	46
31	106
31	142
31	145
31	207
31	228
31	437
31	503
31	539
31	546
31	600
31	800
31	970
32	175
32	179
32	233
32	358
32	654
32	759
32	835
32	910
32	930
33	60
33	76
33	139
33	165
33	301
33	349
33	406
33	515
33	544
33	603
33	747
33	753
33	839
34	51
34	200
34	271
34	275
34	296
34	298
34	455
34	477
34	485
34	544
34	614
34	660
34	747
34	839
34	898
34	909
35	173
35	316
35	374
35	766
36	77
36	260
36	367
36	389
36	400
36	595
36	616
37	160
37	364
37	595
37	601
37	616
37	625
37	649
37	679
37	732
37	775
37	823
37	844
38	207
38	490
38	814
38	923
38	938
38	962
39	207
39	537
39	577
39	712
39	862
39	935
39	998
40	159
40	212
40	243
40	459
40	530
40	605
40	619
40	627
40	630
40	637
40	663
40	734
40	819
40	839
40	919
40	958
40	987
41	78
41	222
41	252
41	324
41	443
41	672
41	792
41	878
42	47
42	115
42	268
42	386
42	403
42	546
42	552
42	663
42	709
42	731
42	789
42	837
42	893
43	68
43	168
43	204
43	419
43	458
43	481
43	580
43	879
43	963
44	165
44	238
44	348
44	440
44	529
44	574
44	654
44	676
44	861
44	876
45	147
45	371
45	398
45	718
45	768
45	896
45	912
45	920
45	994
46	63
46	164
46	191
46	223
46	244
46	267
46	621
46	631
46	643
46	817
46	859
46	882
46	901
46	921
46	927
46	978
47	59
47	91
47	228
47	270
47	293
47	303
47	309
47	318
47	319
47	409
47	511
47	516
47	562
47	604
47	641
47	807
48	167
48	176
48	218
48	233
48	434
48	543
48	604
48	744
48	778
48	884
48	933
48	983
49	441
49	454
49	667
49	732
49	775
50	62
50	272
50	368
50	435
50	544
50	606
51	100
51	120
51	223
51	387
51	395
51	780
51	887
51	921
52	78
52	171
52	421
53	90
53	656
53	761
54	67
54	69
54	206
54	262
54	380
54	408
54	857
54	929
55	356
55	379
55	509
55	557
55	576
55	665
55	836
55	921
55	928
56	589
57	529
57	614
57	826
58	624
59	86
59	102
59	115
59	430
59	555
59	605
59	662
59	678
59	749
59	898
60	90
60	139
60	144
60	225
60	313
60	502
60	515
60	531
60	611
60	643
60	684
60	747
60	961
60	978
61	456
62	139
62	314
62	355
62	643
62	706
62	932
62	945
62	983
63	100
63	159
63	298
63	302
63	313
63	358
63	515
63	558
63	610
63	643
63	660
63	755
63	837
63	882
63	961
63	983
64	84
64	130
64	131
64	239
64	281
64	374
64	593
64	943
64	953
65	147
65	189
65	248
65	322
65	649
65	651
65	736
65	782
65	783
65	897
65	994
66	96
66	171
66	184
66	199
66	222
66	254
66	286
66	391
66	786
66	801
66	803
66	929
67	78
67	119
67	160
67	211
67	232
67	302
67	325
67	636
67	648
67	735
67	792
67	818
67	868
67	877
67	940
67	941
67	986
68	695
68	704
68	727
69	132
69	146
69	147
69	149
69	183
69	264
69	324
69	467
69	557
69	844
69	988
69	994
70	398
70	484
70	572
70	628
70	629
70	677
70	742
70	803
70	811
71	370
71	784
71	846
73	79
73	267
73	337
73	350
73	667
73	882
73	937
73	960
73	965
74	311
74	591
74	627
74	932
75	86
75	119
75	164
75	188
75	277
75	417
75	425
75	510
75	513
75	530
75	614
75	660
75	723
75	812
75	834
75	887
75	950
75	985
75	989
76	86
76	176
76	184
76	344
76	386
76	475
76	516
76	637
76	642
76	709
76	774
76	855
76	865
76	899
76	955
77	88
77	92
77	126
77	360
77	367
77	476
77	601
77	799
77	885
78	197
78	227
78	390
78	532
78	551
78	988
78	990
79	254
79	361
79	391
79	586
79	649
79	796
79	982
80	92
80	151
80	191
80	198
80	201
80	225
80	250
80	367
80	388
80	558
80	622
80	749
80	808
80	905
80	943
80	950
80	951
80	978
81	131
81	405
81	526
81	802
81	988
83	84
83	354
84	280
84	394
84	467
84	535
84	786
84	991
86	92
86	120
86	143
86	250
86	303
86	423
86	510
86	516
86	631
86	643
86	709
86	893
87	158
87	246
87	499
87	505
87	565
87	625
87	756
87	815
87	975
88	89
88	216
88	308
88	326
88	333
88	350
88	364
88	616
88	617
88	621
88	629
88	667
88	797
88	905
88	965
88	992
89	294
89	315
89	326
89	362
89	371
89	501
89	512
89	515
89	570
89	598
89	601
89	616
89	640
89	815
90	368
90	747
90	911
90	977
91	159
91	298
91	314
91	346
91	645
91	705
91	709
91	772
91	947
92	110
92	111
92	155
92	190
92	216
92	261
92	315
92	473
92	567
92	719
92	756
92	870
92	965
92	975
93	298
93	355
93	423
93	438
93	450
93	485
93	488
93	606
93	643
93	660
93	747
93	798
93	861
94	282
94	346
94	387
94	470
94	493
94	987
95	290
95	295
95	306
95	358
95	416
95	423
95	507
95	639
95	644
95	655
95	686
95	736
95	739
95	741
95	753
95	909
95	927
95	961
96	168
96	375
96	398
96	509
96	551
98	232
98	361
98	392
98	469
98	491
98	727
98	735
98	742
98	929
99	116
99	133
99	170
99	490
99	504
99	856
100	268
100	270
100	295
100	486
100	606
100	630
100	631
100	643
100	658
100	705
100	758
100	806
100	820
100	834
100	866
100	927
100	942
100	980
100	985
100	999
101	875
102	165
102	169
102	222
102	331
102	442
102	460
102	486
102	555
102	637
102	658
102	678
102	739
102	829
102	836
102	855
102	933
102	999
103	133
103	186
103	222
103	359
103	394
103	619
103	690
103	783
103	821
103	848
104	110
104	205
104	221
104	235
104	250
104	283
104	332
104	390
104	404
104	497
104	584
104	667
104	746
104	812
104	941
104	955
104	956
105	157
105	462
105	648
105	675
105	728
105	949
105	986
106	115
106	351
106	403
106	537
106	577
106	777
106	800
106	864
106	902
106	973
108	454
108	512
108	640
108	669
108	797
109	256
109	459
109	663
109	713
109	759
110	206
110	229
110	242
110	347
110	402
110	452
110	543
110	548
110	586
110	669
110	677
110	686
110	742
110	745
110	989
111	151
111	306
111	350
111	389
111	436
111	566
111	799
111	858
111	944
111	992
112	122
113	152
113	313
113	706
113	747
113	764
113	787
113	824
113	921
113	942
114	137
114	143
114	156
114	207
114	244
114	261
114	295
114	400
114	499
114	530
114	572
114	761
114	837
114	916
114	920
115	328
115	346
115	351
115	678
115	707
115	772
115	987
116	249
116	253
116	297
116	360
116	395
116	487
116	503
116	514
116	552
116	650
116	688
116	716
116	800
116	867
116	991
117	163
117	355
117	835
117	911
118	300
118	508
119	169
119	188
119	197
119	199
119	202
119	237
119	401
119	457
119	509
119	516
119	594
119	653
119	672
119	874
119	888
119	920
119	923
119	929
120	159
120	224
120	351
120	406
120	457
120	529
120	713
120	734
120	750
120	753
120	789
120	893
120	942
121	124
121	320
121	725
122	316
122	536
122	743
122	873
123	143
123	144
123	268
123	331
123	344
123	349
123	386
123	387
123	442
123	459
123	631
123	643
123	655
123	662
123	663
123	731
123	839
123	906
123	920
123	921
123	942
123	958
123	996
124	540
126	158
126	267
126	306
126	436
126	512
126	564
126	608
126	922
127	202
127	365
127	557
127	698
127	728
127	746
127	841
128	142
128	182
128	328
128	437
128	444
128	456
128	511
128	537
128	574
128	663
128	746
128	883
129	155
129	265
129	296
129	483
129	521
129	778
129	835
130	525
130	653
130	773
130	998
131	197
131	264
131	405
131	651
132	140
132	211
132	263
132	340
132	365
132	404
132	497
132	551
132	588
132	630
132	665
132	677
132	763
132	786
132	822
132	857
132	955
132	997
133	169
133	186
133	195
133	215
133	276
133	280
133	390
133	490
133	517
133	675
133	697
134	180
134	339
134	427
134	957
135	178
135	890
136	159
136	400
136	442
136	468
136	470
136	631
136	683
136	703
136	734
136	780
136	834
136	855
136	865
136	978
137	140
137	209
137	232
137	308
137	325
137	402
137	434
137	446
137	466
137	538
137	584
137	622
137	638
137	664
137	677
137	823
137	844
137	859
137	964
138	211
138	214
138	222
138	309
138	490
138	571
138	717
138	853
138	886
139	296
139	387
139	397
139	459
139	474
139	591
140	197
140	237
140	306
140	312
140	324
140	340
140	443
140	486
140	652
140	694
140	739
140	812
140	838
140	847
140	870
140	888
140	979
141	237
141	309
141	330
141	340
141	433
141	507
141	513
141	724
141	853
141	888
141	953
141	956
141	967
141	986
142	444
142	503
142	536
142	716
142	800
143	176
143	228
143	292
143	503
143	527
143	576
143	642
143	663
143	678
143	772
143	862
143	887
143	906
143	919
143	962
144	164
144	176
144	223
144	253
144	311
144	477
144	604
144	820
144	849
145	148
145	157
145	228
145	270
145	357
145	546
145	658
145	666
145	734
145	876
145	970
145	985
146	184
146	227
146	237
146	257
146	320
146	553
146	554
146	929
147	262
147	405
147	526
147	593
147	912
148	170
148	516
148	769
148	829
148	893
148	962
148	987
149	154
149	199
149	262
149	291
149	322
149	467
149	548
149	551
149	628
149	657
149	735
149	786
149	868
149	896
149	912
149	979
149	988
150	152
150	201
150	296
150	744
151	308
151	333
151	471
151	507
151	543
151	598
151	610
151	626
151	640
151	664
151	694
151	808
151	863
151	949
151	971
152	608
152	771
152	787
152	863
152	909
153	338
153	644
153	646
153	903
154	222
154	227
154	330
154	394
154	433
154	523
154	551
154	621
154	765
154	838
154	874
154	928
154	991
155	315
155	331
155	375
155	477
155	502
155	538
155	608
155	673
155	808
155	927
156	194
156	282
156	379
156	412
156	455
156	509
156	523
156	530
156	542
156	588
156	637
156	643
156	717
156	739
156	793
156	806
156	830
156	836
156	852
156	920
156	923
156	947
157	255
157	329
157	344
157	523
157	569
157	576
157	755
157	857
157	862
157	956
158	172
158	330
158	367
158	465
158	471
158	567
158	584
158	586
158	626
158	799
158	870
158	916
159	167
159	538
159	614
159	631
159	643
159	820
159	852
159	853
160	244
160	288
160	302
160	362
160	621
160	669
160	994
160	997
162	215
162	247
162	334
162	467
162	525
162	535
162	556
162	692
162	943
162	990
163	527
163	640
163	846
163	880
163	930
163	932
163	945
164	220
164	248
164	316
164	453
164	614
164	658
164	729
164	752
164	899
164	950
164	971
165	387
165	429
165	529
165	861
165	898
167	213
167	302
167	349
167	417
167	455
167	515
167	532
167	538
167	643
167	656
167	758
167	834
167	887
167	971
167	978
168	392
168	410
168	587
168	635
168	727
168	754
168	782
168	891
169	237
169	244
169	253
169	283
169	285
169	297
169	408
169	491
169	553
169	651
169	683
169	733
169	739
169	755
169	812
169	836
169	887
169	928
170	418
170	504
170	805
170	873
171	299
171	330
171	410
172	277
172	285
172	294
172	308
172	404
172	516
172	572
172	634
172	817
172	823
172	901
172	914
172	956
173	938
175	296
175	400
175	499
175	611
175	673
175	719
175	744
175	909
175	985
176	223
176	253
176	344
176	386
176	416
176	460
176	532
176	544
176	660
176	734
176	738
176	780
176	834
176	980
177	243
177	350
177	364
177	436
177	500
177	501
177	729
177	909
177	936
178	512
178	827
179	313
179	368
179	406
179	450
179	606
179	654
179	969
179	996
180	296
180	454
180	732
181	226
181	385
181	650
181	743
181	769
182	757
182	996
183	310
183	320
183	394
183	410
183	549
183	791
183	829
184	235
184	255
184	318
184	324
184	468
184	571
184	588
184	785
184	801
184	841
184	867
184	924
184	952
185	405
186	607
186	665
186	848
186	953
187	770
188	425
188	443
188	558
188	584
188	663
188	901
188	915
189	371
189	560
189	647
189	904
190	423
190	611
190	739
190	812
190	830
190	977
191	225
191	358
191	453
191	477
191	531
191	603
191	604
191	780
191	817
191	823
191	907
191	921
192	468
192	525
192	631
192	688
193	327
193	860
194	250
194	269
194	449
194	475
194	555
194	663
194	810
194	958
195	693
195	790
195	984
197	222
197	292
197	394
197	581
197	631
197	717
197	941
198	388
198	394
198	581
198	606
198	643
198	657
198	674
198	735
198	764
198	808
198	836
198	920
198	935
199	254
199	255
199	264
199	273
199	330
199	665
199	672
199	755
199	818
199	852
199	941
199	956
199	986
200	450
200	483
200	502
200	656
200	678
200	780
200	985
200	987
201	213
201	267
201	290
201	367
201	483
201	545
201	558
201	591
201	674
201	706
201	771
201	908
201	954
202	268
202	292
202	461
202	463
202	552
202	577
202	703
202	755
202	772
202	967
204	323
205	215
205	432
205	525
205	773
205	847
205	953
206	216
206	232
206	308
206	380
206	548
206	735
206	822
206	844
206	887
206	920
206	997
207	215
207	437
207	734
207	828
207	829
207	852
207	973
208	469
208	786
209	247
209	324
209	404
209	532
209	628
209	763
209	912
211	262
211	292
211	404
211	425
211	443
211	497
211	543
211	786
211	888
212	282
212	438
212	532
212	537
212	758
212	759
212	926
212	931
212	971
213	271
213	275
213	295
213	502
213	527
213	631
213	664
213	691
213	745
213	752
213	815
213	837
213	927
213	949
213	961
214	235
214	273
214	449
214	525
214	851
215	247
215	317
216	259
216	290
216	306
216	617
216	903
217	595
217	798
218	278
218	367
218	457
218	482
218	499
218	601
218	644
218	673
218	741
218	771
218	863
218	930
219	280
219	317
219	399
219	525
219	864
219	967
220	259
220	288
220	425
220	523
220	532
220	614
220	636
220	811
220	847
220	870
220	901
221	248
221	273
221	297
221	375
221	513
221	532
221	555
221	584
221	594
221	758
221	762
221	874
222	270
222	432
222	517
222	655
222	724
222	758
222	821
222	829
222	831
222	840
222	862
222	953
222	991
223	271
223	423
223	442
223	457
223	460
223	479
223	501
223	597
223	659
223	676
223	739
223	764
223	834
223	921
223	989
224	268
224	271
224	287
224	318
224	430
224	438
224	459
224	498
224	530
224	546
224	574
224	591
224	788
224	800
224	813
224	865
224	947
225	387
225	527
225	558
225	566
225	683
225	686
225	752
225	846
225	914
225	921
225	933
226	699
227	408
227	526
227	554
227	607
227	710
227	801
227	802
228	250
228	282
228	312
228	394
228	395
228	409
228	418
228	447
228	461
228	462
228	569
228	605
228	707
228	712
228	774
228	807
228	810
228	883
228	928
228	970
229	243
229	375
229	434
229	662
229	677
229	683
229	749
229	752
229	825
229	882
229	908
229	915
230	244
230	288
230	301
230	402
230	545
230	581
230	634
230	718
230	745
230	830
230	940
231	266
231	377
231	409
231	457
231	473
231	546
231	637
231	898
232	237
232	262
232	396
232	402
232	458
232	556
232	636
232	648
232	669
232	677
232	718
233	393
233	521
233	608
233	882
233	884
233	969
234	500
234	809
234	948
235	276
235	280
235	399
235	571
235	594
235	728
235	874
235	924
235	943
236	368
236	413
236	457
236	483
236	591
236	750
236	764
236	993
237	269
237	286
237	401
237	507
237	513
237	532
237	541
237	580
237	588
237	768
237	793
237	874
237	888
237	917
237	929
237	941
238	283
238	384
238	678
238	698
239	442
239	556
239	699
239	717
239	748
239	848
239	929
239	979
240	251
240	442
240	473
240	577
240	645
240	734
240	968
241	375
241	400
241	404
241	526
241	628
241	636
241	917
242	325
242	365
242	443
242	619
242	683
242	812
242	868
242	879
243	258
243	263
243	357
243	375
243	510
243	553
243	630
243	631
243	763
243	765
243	830
243	901
244	258
244	259
244	270
244	295
244	318
244	347
244	641
244	694
244	836
244	885
244	916
244	940
244	950
245	608
246	640
246	733
246	776
246	895
247	281
247	324
247	334
247	647
247	801
247	924
247	943
247	981
247	990
248	292
248	346
248	576
248	641
248	645
248	829
248	955
248	971
248	985
248	986
249	444
249	514
249	867
249	935
249	962
250	255
250	287
250	293
250	303
250	314
250	357
250	503
250	731
250	813
250	839
250	970
250	974
251	328
251	726
251	774
252	264
252	517
253	303
253	312
253	365
253	403
253	460
253	463
253	468
253	552
253	588
253	637
253	650
253	713
253	739
253	750
253	772
253	820
253	855
253	867
253	906
253	926
253	947
253	958
253	970
254	443
254	540
254	754
254	803
254	964
255	281
255	292
255	309
255	453
255	461
255	594
255	642
255	653
255	688
255	857
255	966
255	967
256	575
256	685
256	959
257	725
258	270
258	273
258	286
258	584
258	588
258	655
258	683
258	758
258	780
258	801
258	814
258	836
258	849
258	855
258	868
258	979
259	302
259	367
259	622
259	639
259	657
259	745
259	782
260	362
260	466
260	518
260	560
260	580
260	586
260	640
260	786
260	892
260	905
261	315
261	367
261	397
261	464
261	505
261	638
261	639
261	798
261	815
261	845
261	930
261	957
262	323
262	365
262	382
262	573
262	584
262	647
262	694
262	762
262	782
262	786
262	896
262	988
263	385
263	434
263	510
263	564
263	586
263	587
263	640
263	677
263	695
263	830
263	869
264	271
264	299
264	467
264	551
264	692
264	943
264	981
265	336
265	341
266	406
266	488
266	498
266	530
266	676
266	968
267	520
267	531
267	615
267	638
267	736
267	904
267	907
267	909
267	921
267	922
268	271
268	329
268	450
268	475
268	544
268	555
268	660
268	788
268	849
268	855
268	931
268	958
269	303
269	331
269	372
269	453
269	460
269	463
269	473
269	759
269	876
270	273
270	277
270	282
270	288
270	375
270	417
270	425
270	516
270	530
270	580
270	581
270	584
270	683
270	703
270	768
270	772
270	813
270	825
270	852
270	897
270	904
270	923
270	936
270	999
271	290
271	472
271	637
271	639
271	641
271	656
271	739
271	914
271	961
272	313
272	459
272	527
272	691
272	744
272	747
272	753
272	768
272	778
272	808
272	834
272	932
273	344
273	453
273	555
273	811
273	819
273	830
273	857
273	888
273	950
273	986
273	995
274	350
274	378
274	428
274	465
274	489
274	496
274	737
274	799
275	298
275	302
275	447
275	509
275	544
275	611
275	622
275	691
275	768
275	780
275	965
276	571
276	607
276	653
276	924
276	934
277	329
277	365
277	400
277	412
277	541
277	552
277	645
277	652
277	746
277	758
277	806
277	807
277	822
277	926
277	958
277	971
277	980
278	326
278	378
278	626
278	638
278	776
278	858
278	895
278	948
279	374
279	458
279	783
279	831
279	984
280	432
280	571
280	693
280	712
280	773
280	821
280	966
280	991
281	292
281	443
281	464
281	556
281	653
281	765
281	986
282	286
282	385
282	461
282	630
282	643
282	820
282	841
282	857
282	919
282	926
282	967
283	309
283	385
283	487
283	857
283	952
285	295
285	306
285	396
285	558
285	616
285	668
285	755
285	782
285	905
285	936
285	989
286	291
286	330
286	424
286	433
286	942
286	947
286	967
287	303
287	438
287	643
287	759
287	788
287	810
287	850
287	865
287	950
288	302
288	667
288	686
288	691
288	694
288	745
288	768
288	812
288	823
288	989
289	725
289	934
290	302
290	340
290	543
290	550
290	558
290	584
290	837
290	949
291	322
291	330
291	332
291	402
291	403
291	581
291	851
291	956
292	453
292	460
292	552
292	588
292	594
292	642
292	712
292	723
292	746
292	789
292	849
292	962
292	973
292	991
293	414
293	578
293	898
294	302
294	465
294	471
294	691
294	694
294	780
294	859
294	933
295	545
295	626
295	660
295	674
295	719
295	914
296	824
296	977
297	349
297	377
297	385
297	447
297	449
297	472
297	523
297	576
297	665
297	717
297	723
297	774
297	851
297	857
297	926
297	980
298	454
298	502
298	611
298	658
298	684
298	739
298	921
298	927
299	667
299	801
300	366
300	959
301	340
301	528
301	532
301	584
301	621
301	622
301	664
301	745
301	762
301	765
301	888
301	915
301	950
302	523
302	532
302	610
302	611
302	734
302	768
302	771
302	837
302	847
302	887
302	907
302	914
302	949
302	971
302	985
303	437
303	498
303	537
303	562
303	679
303	698
303	716
303	774
303	807
303	865
304	470
305	348
306	626
306	768
306	815
306	846
306	907
306	916
306	941
307	362
307	411
307	524
307	570
307	720
307	770
307	809
307	936
308	400
308	501
308	567
308	639
308	881
308	916
308	933
308	965
309	399
309	571
309	829
309	851
309	967
310	540
310	560
310	696
311	346
311	355
311	377
311	627
311	876
312	332
312	340
312	356
312	404
312	443
312	445
312	553
312	580
312	837
312	901
312	979
313	370
313	393
313	611
313	686
313	719
313	928
313	932
314	319
314	569
314	623
314	750
315	400
315	602
315	617
315	638
315	643
315	673
315	679
315	691
315	846
315	989
316	681
317	321
318	329
318	403
318	530
318	584
318	630
318	659
318	759
318	811
318	956
318	958
318	986
319	395
319	473
319	498
319	503
319	563
319	623
319	865
319	906
320	580
320	891
320	913
321	702
321	722
322	324
322	408
322	467
322	703
322	765
322	786
322	844
322	923
322	941
323	484
324	394
324	408
324	551
324	836
324	928
324	929
324	988
325	375
325	382
325	466
325	548
325	677
325	704
325	729
325	877
325	912
326	564
326	567
326	638
326	704
326	905
326	936
326	937
327	596
328	384
328	536
328	555
328	650
328	973
329	439
329	597
329	606
329	747
329	749
329	780
330	332
330	408
330	434
330	450
330	509
330	619
330	631
330	655
330	822
330	897
330	923
331	404
331	416
331	423
331	455
331	516
331	632
331	643
331	820
331	839
331	852
331	976
331	995
331	999
332	665
332	765
332	792
332	822
332	847
332	857
332	920
333	545
333	598
333	616
333	649
333	797
334	848
334	872
334	913
334	929
334	990
336	474
336	644
336	771
337	505
337	556
337	602
337	621
337	649
337	737
337	950
338	476
338	719
338	741
338	881
339	378
339	501
339	527
339	679
339	689
339	895
340	472
340	495
340	543
340	735
340	762
340	811
340	857
340	979
341	351
341	958
342	406
343	440
343	656
343	771
343	824
344	379
344	386
344	412
344	432
344	448
344	466
344	559
344	632
344	665
344	678
344	716
344	734
344	806
344	865
344	906
344	947
344	955
345	496
345	524
345	595
346	511
346	777
347	412
347	443
347	475
347	619
347	817
347	877
347	885
347	899
347	923
347	949
347	989
348	568
348	910
349	439
349	511
349	577
349	584
349	588
349	630
349	686
349	830
349	839
349	942
350	598
350	617
350	655
350	892
351	430
351	473
351	563
351	623
351	772
352	720
354	690
354	722
355	386
355	459
355	608
355	613
355	684
355	731
355	789
355	987
356	365
356	433
356	472
356	477
356	486
356	551
356	553
356	652
356	745
356	822
356	823
356	825
356	857
357	386
357	423
357	516
357	637
357	641
357	662
357	713
357	806
357	883
357	906
357	923
357	926
357	958
358	370
358	416
358	450
358	520
358	538
358	574
358	591
358	604
358	753
358	808
358	837
358	881
358	977
359	878
359	946
359	964
360	634
360	644
360	679
360	729
360	745
360	950
360	961
360	975
361	481
361	519
361	797
361	844
361	960
362	371
362	629
362	775
362	796
362	949
362	994
363	845
364	378
364	380
364	621
364	625
364	638
364	833
364	858
364	881
364	895
364	905
364	975
364	992
365	412
365	434
365	460
365	497
365	511
365	630
365	655
365	746
365	747
365	812
365	830
365	862
365	881
365	917
366	751
366	974
367	454
367	513
367	634
367	907
367	914
367	951
367	999
368	414
368	450
368	606
368	658
368	753
368	898
369	476
369	483
369	501
369	615
369	733
369	778
369	799
370	393
370	450
370	483
370	505
370	531
370	706
370	835
370	863
370	961
370	975
370	977
370	978
370	995
371	461
371	556
371	692
371	856
371	862
371	901
371	994
372	430
372	486
372	605
372	641
372	662
372	672
372	698
372	807
372	901
372	926
372	931
372	998
374	702
374	773
375	453
375	472
375	519
375	581
375	631
375	920
375	923
375	941
376	616
376	936
376	960
377	409
377	424
377	563
378	908
378	922
378	975
379	395
379	468
379	487
379	605
379	672
379	690
379	807
379	849
379	866
379	867
379	986
380	421
380	428
380	617
380	640
380	754
380	844
380	879
381	760
382	526
382	580
382	587
382	735
382	905
383	726
384	448
384	463
384	475
384	537
384	577
384	600
384	605
384	807
384	865
384	867
384	962
385	537
385	605
385	642
385	769
385	853
385	962
385	985
386	401
386	461
386	555
386	660
386	662
386	713
386	866
386	886
386	917
386	919
386	958
386	967
386	985
387	457
387	473
387	498
387	529
387	789
387	898
387	942
387	987
388	455
388	472
388	507
388	531
388	719
388	738
388	823
388	852
389	495
389	892
389	964
390	550
390	618
390	840
390	943
390	981
391	426
391	710
392	625
392	803
392	892
392	900
392	915
393	591
393	969
394	432
394	626
394	642
394	648
394	693
394	762
394	838
394	990
394	991
395	479
395	486
395	630
395	645
395	947
396	407
396	421
396	446
396	651
396	870
397	784
397	843
398	426
398	460
398	525
398	640
398	648
398	696
398	724
398	782
398	797
398	802
398	904
398	912
399	403
399	550
399	688
399	836
399	872
399	928
399	952
400	471
400	581
400	668
400	718
400	916
400	933
400	965
400	975
401	404
401	443
401	614
401	636
401	786
401	831
401	838
401	896
401	912
402	426
402	466
402	501
402	509
402	664
402	667
402	739
402	869
402	915
403	447
403	510
403	641
403	657
403	717
403	829
404	466
404	588
404	619
404	718
404	724
404	745
404	792
404	950
404	997
406	470
406	582
406	606
406	750
406	932
407	428
407	466
407	481
407	625
407	718
407	742
407	758
407	892
408	523
408	535
408	636
408	929
408	988
409	546
409	645
409	931
410	528
410	540
410	551
410	692
410	925
412	552
412	645
412	655
412	755
412	850
412	950
412	985
413	416
414	424
414	438
414	546
414	600
414	698
414	850
414	876
414	931
416	429
416	438
416	440
416	531
416	591
416	604
416	660
416	670
416	884
416	898
417	457
417	507
417	543
417	584
417	614
417	683
417	812
417	823
417	901
418	487
418	503
418	522
418	650
418	672
418	712
418	762
419	797
420	534
420	572
420	782
420	797
420	916
420	960
421	640
421	754
421	936
422	517
422	607
422	632
422	934
423	455
423	457
423	502
423	734
423	738
423	764
424	429
424	529
424	709
424	712
424	898
424	958
424	974
425	510
425	614
425	619
425	659
425	728
425	746
425	818
425	873
426	560
426	727
426	742
426	879
426	900
426	964
427	845
428	481
428	572
428	735
428	892
429	563
429	680
429	788
429	850
430	477
430	479
430	529
430	569
430	632
430	678
430	709
430	789
430	839
430	899
430	958
430	985
432	641
432	693
432	745
432	853
432	901
432	924
432	991
433	497
433	630
433	636
433	662
433	874
433	956
433	966
434	507
434	511
434	515
434	543
434	564
434	907
434	915
434	961
436	505
436	572
436	737
436	776
437	463
437	546
437	555
437	582
437	637
437	666
437	931
437	970
438	529
438	530
438	613
438	660
438	810
438	947
438	968
438	985
439	555
439	758
439	839
439	899
440	474
440	488
440	498
440	544
440	558
440	606
440	627
440	645
440	654
440	656
440	680
440	927
440	977
441	572
441	616
441	677
442	498
442	510
442	543
442	555
442	569
442	576
442	597
442	657
442	861
442	996
443	534
443	629
443	782
443	800
443	847
443	899
443	901
443	951
443	994
444	721
444	883
444	972
445	644
445	833
446	528
446	963
447	525
447	605
447	712
447	806
447	962
448	453
448	537
448	544
448	594
448	659
448	699
448	723
448	769
448	866
448	883
448	926
448	976
449	487
449	998
450	582
450	626
450	654
450	684
451	493
451	498
451	623
452	492
452	775
452	879
452	937
453	460
453	544
453	584
453	631
453	758
453	836
453	979
453	986
454	465
454	482
454	500
454	615
454	922
455	477
455	511
455	530
455	663
455	684
455	738
455	749
455	852
456	726
456	751
456	970
457	542
457	835
457	839
457	923
458	492
458	601
458	695
458	936
458	964
459	477
459	544
459	643
459	660
459	839
459	906
459	921
459	961
459	983
459	999
460	477
460	507
460	527
460	530
460	543
460	566
460	584
460	588
460	631
460	643
460	657
460	662
460	780
460	881
460	914
460	942
460	950
460	999
461	851
461	952
461	967
461	976
461	986
461	998
462	537
462	632
462	650
463	468
463	605
463	750
463	772
463	883
464	535
464	681
464	688
464	703
464	868
464	979
465	505
465	799
465	815
465	824
465	846
465	975
466	528
466	534
466	548
466	554
466	628
466	677
466	683
466	694
466	718
466	949
467	526
467	541
467	557
467	988
468	522
468	523
468	723
468	800
468	841
468	849
468	853
468	866
468	883
468	926
468	955
468	998
469	748
470	676
470	750
471	548
471	572
471	691
471	768
471	823
471	905
471	909
471	927
472	511
472	576
472	614
472	657
472	664
472	665
472	758
472	819
472	844
472	899
472	978
472	989
472	999
473	606
473	788
473	931
474	542
474	604
474	706
474	753
474	761
474	764
474	771
474	826
475	516
475	531
475	557
475	576
475	659
475	678
475	755
475	762
475	810
475	855
475	986
476	499
476	520
476	602
476	611
476	626
476	673
476	744
477	670
477	680
477	915
478	574
479	539
479	716
479	759
479	850
480	520
480	673
480	719
481	635
481	953
482	489
483	566
483	608
484	592
484	770
485	597
485	680
486	509
486	630
486	641
486	658
486	811
486	852
486	893
486	980
486	987
487	490
487	514
487	536
487	614
487	841
487	926
488	908
489	695
489	879
490	594
490	650
490	785
490	829
490	998
491	592
492	496
492	661
492	989
493	508
493	596
493	779
493	974
495	661
496	590
496	737
496	870
497	509
497	516
497	683
497	765
497	819
497	822
497	967
497	980
498	529
498	613
498	750
499	673
499	679
499	691
499	875
499	881
499	894
500	602
500	649
500	711
500	903
500	954
501	566
501	601
501	622
501	644
501	756
501	799
502	576
502	780
502	846
502	850
502	885
502	908
502	915
502	961
502	995
503	650
503	676
503	707
503	810
503	813
504	552
504	721
504	819
504	872
505	601
505	625
505	638
505	684
505	686
505	870
505	897
507	603
507	610
507	648
507	749
507	835
507	908
508	684
509	566
509	614
509	652
509	691
509	758
509	768
509	838
509	888
509	940
509	991
510	513
510	603
510	650
510	659
510	713
510	853
511	576
511	645
511	657
511	659
511	662
511	717
511	724
511	774
511	967
511	985
512	714
513	576
513	901
513	926
513	958
514	522
514	577
514	600
514	800
514	867
514	962
514	976
515	531
515	660
515	670
515	764
515	923
515	979
516	537
516	641
516	723
516	947
516	958
516	998
517	557
517	688
517	693
517	783
517	990
518	560
518	727
518	729
518	745
518	782
518	859
518	877
518	885
518	937
518	940
519	695
519	720
519	795
520	673
520	922
520	945
521	608
521	719
521	911
521	977
522	537
522	721
522	857
522	928
523	683
523	713
523	719
523	746
523	758
523	806
523	868
523	897
523	915
523	917
523	989
524	809
525	599
525	924
525	966
526	573
526	593
526	943
527	555
527	663
528	580
528	587
528	628
528	669
528	729
528	782
528	915
528	920
529	569
529	603
529	747
529	898
530	610
530	672
530	745
530	749
530	807
530	852
530	947
530	985
531	584
531	686
531	715
531	753
531	835
531	837
531	881
532	617
532	735
532	764
532	823
532	844
532	989
533	909
534	570
534	667
534	704
534	745
534	754
534	809
534	899
535	556
535	557
535	802
535	981
536	594
536	755
536	805
536	917
537	705
537	712
537	716
537	769
537	793
538	545
538	558
538	639
538	670
538	683
538	817
538	820
538	852
538	940
538	958
539	546
540	573
540	803
540	925
541	553
541	571
541	619
541	746
541	768
541	838
541	847
541	874
541	920
542	578
542	611
542	654
542	719
542	729
542	736
542	753
542	909
543	584
543	610
543	670
543	780
543	830
543	836
543	839
543	949
544	584
544	639
544	887
544	906
545	601
545	615
545	711
545	719
545	733
545	815
545	885
545	909
546	600
546	698
546	707
546	757
546	986
546	987
547	824
548	625
548	636
548	694
548	727
548	960
549	929
549	981
550	556
550	672
550	793
550	967
550	988
551	634
551	652
551	801
551	896
552	576
552	641
553	838
553	874
553	920
554	822
554	913
554	943
555	662
555	738
555	757
555	836
555	852
555	857
555	906
555	942
555	995
556	692
556	748
556	803
556	929
557	593
557	735
557	838
557	874
558	639
558	752
558	817
558	835
558	882
558	978
558	995
559	813
559	970
560	580
560	704
560	859
562	582
562	613
562	660
562	747
562	800
562	861
563	660
563	705
563	779
563	931
564	572
564	595
564	617
564	622
564	677
564	741
564	787
565	668
565	752
565	770
565	797
565	798
565	870
565	905
565	936
566	674
566	677
566	715
566	940
567	627
567	679
567	736
567	944
568	656
568	701
569	582
569	637
569	645
569	747
569	789
569	909
570	580
570	587
570	592
570	710
570	870
570	888
571	681
571	688
571	785
571	814
571	848
571	862
572	668
572	870
572	936
572	937
573	628
573	763
573	801
573	900
573	964
574	596
574	641
576	641
576	659
576	678
576	958
576	985
577	678
577	726
577	734
577	769
577	866
577	867
577	935
577	958
577	998
578	781
579	779
580	669
580	683
580	838
580	844
580	877
580	994
581	857
581	882
581	901
581	915
581	920
582	606
582	780
582	788
582	980
584	622
584	811
584	830
584	855
584	995
585	914
585	954
586	677
586	992
587	593
587	619
587	628
587	652
587	667
587	718
587	801
587	836
587	877
587	912
587	915
587	950
587	994
587	997
588	630
588	639
588	652
588	655
588	662
588	724
588	734
588	818
588	855
588	920
588	923
588	935
588	936
588	947
588	976
591	631
591	761
591	977
592	797
592	799
592	803
592	937
592	963
593	636
593	672
593	783
593	912
593	929
593	941
593	943
594	652
594	722
594	728
594	818
594	841
594	862
594	883
594	935
595	640
595	933
597	631
597	739
597	749
597	881
597	888
597	893
597	899
598	601
598	617
598	622
598	796
599	671
599	693
599	699
599	966
600	605
600	624
600	650
600	731
600	810
601	626
601	745
601	892
601	965
601	993
602	611
602	621
602	922
603	627
603	680
603	744
603	820
604	627
604	750
604	764
605	906
605	955
605	970
606	744
606	753
606	764
606	811
606	865
606	898
606	980
607	934
608	654
608	944
610	614
610	631
610	657
610	668
610	674
610	683
610	830
610	833
610	950
610	978
611	638
611	639
611	744
611	901
611	950
613	637
613	641
613	685
613	705
613	759
613	931
614	717
614	746
614	857
614	988
615	689
615	863
615	954
616	625
616	792
616	823
617	735
617	797
617	933
617	936
619	636
619	746
619	917
619	979
621	718
621	732
621	756
621	916
621	975
622	626
622	673
622	782
622	885
622	900
622	914
622	916
622	941
623	656
623	850
623	996
625	704
625	752
626	638
626	674
626	869
626	870
626	885
626	908
626	944
627	674
628	844
629	695
630	655
630	669
630	724
630	807
630	819
630	836
630	866
630	887
630	901
631	657
631	734
631	749
631	780
631	808
631	836
632	650
632	707
632	746
632	866
632	883
632	919
632	962
634	664
634	677
634	683
634	729
634	756
634	782
634	836
634	951
634	994
635	775
636	643
636	694
636	762
636	847
636	915
636	940
636	949
637	650
637	707
637	709
637	789
637	819
637	899
637	947
637	980
638	674
638	752
638	815
638	869
638	945
639	689
639	823
639	881
639	894
640	667
640	669
640	754
641	746
641	750
641	866
641	926
641	955
641	985
642	650
642	652
642	659
642	789
642	926
642	967
643	658
643	660
643	719
643	820
643	830
643	927
643	949
643	992
643	996
644	778
644	784
644	880
645	666
645	757
645	810
645	876
645	886
645	919
645	931
646	824
646	910
647	661
647	796
647	896
647	963
648	665
648	868
648	988
649	799
650	805
650	864
650	883
650	935
650	938
651	801
652	662
652	758
652	888
652	923
652	940
653	821
653	841
653	924
654	706
654	884
655	662
655	663
655	678
655	713
655	738
655	746
655	811
655	857
655	958
655	999
656	706
657	658
657	670
657	738
657	793
657	825
657	921
657	931
657	940
657	950
657	968
658	663
658	734
658	877
658	887
658	999
659	818
659	856
659	901
659	956
659	980
659	985
660	707
662	670
662	806
662	812
662	857
662	906
663	670
663	807
663	820
663	855
663	980
664	691
664	694
664	729
664	738
664	817
664	823
664	920
664	926
664	949
665	703
665	712
665	783
665	981
666	707
666	750
666	876
666	893
666	902
666	921
667	887
667	915
667	940
667	945
668	691
668	694
668	817
668	905
668	965
669	729
669	765
669	868
669	877
669	929
670	738
670	749
670	834
670	864
670	936
670	978
671	828
672	793
672	823
672	841
672	847
673	733
673	978
673	992
674	715
674	735
674	905
674	961
675	765
675	773
676	788
676	898
676	974
677	765
677	786
677	808
677	818
677	877
677	916
678	800
678	805
678	807
678	906
679	839
679	858
679	914
679	992
680	764
680	996
681	690
681	697
681	856
682	840
682	913
683	812
683	819
683	823
683	830
683	917
684	747
684	852
684	865
684	958
685	767
686	691
686	715
686	736
686	753
686	859
686	975
687	858
688	717
688	793
688	821
688	952
689	905
689	948
690	785
690	814
690	828
690	938
690	973
691	752
691	780
691	817
691	885
692	929
693	702
693	952
694	749
694	759
694	830
694	851
694	857
694	920
694	950
695	877
697	973
698	707
698	712
698	716
698	876
698	955
699	717
699	773
699	953
699	955
703	717
703	792
703	793
703	818
704	719
704	870
706	753
706	835
706	927
707	712
707	745
707	777
707	813
707	883
707	893
707	931
707	970
709	716
709	820
709	869
710	725
710	786
710	896
711	880
711	944
712	841
712	873
712	956
712	958
712	998
713	774
713	996
714	885
714	948
714	992
715	869
715	908
715	922
715	932
715	993
716	773
716	886
716	919
717	763
717	841
717	919
717	986
718	752
718	933
718	997
719	733
719	817
719	899
719	907
719	949
719	995
721	813
723	769
723	956
724	728
724	841
724	866
725	990
727	797
727	964
728	793
728	943
729	765
729	782
729	811
729	877
729	920
729	989
730	934
731	734
731	800
731	974
732	937
733	740
733	752
733	753
733	933
733	975
734	758
734	852
734	893
734	947
734	950
735	844
735	859
735	989
736	752
736	837
736	897
736	975
737	799
737	804
737	833
737	948
738	940
739	950
739	980
740	778
740	945
741	784
741	863
741	954
742	748
742	803
742	988
743	872
744	846
744	884
745	746
745	844
745	859
746	762
746	830
746	888
746	920
747	834
747	861
747	996
748	900
749	758
749	780
749	825
749	830
749	837
749	940
749	949
749	980
749	986
749	995
749	999
750	759
750	789
750	865
750	876
752	834
752	882
752	949
752	978
753	983
754	897
754	905
754	936
754	997
755	825
755	838
755	841
755	958
756	916
756	945
757	810
757	876
757	970
757	972
758	780
758	901
758	917
759	810
759	906
759	968
761	784
761	835
761	861
761	884
762	920
762	943
762	956
763	912
763	988
763	994
764	932
765	822
765	896
765	956
765	988
768	887
768	950
768	951
769	773
769	807
769	866
769	991
770	892
771	784
771	885
771	969
772	774
772	836
772	864
772	931
772	999
773	924
774	800
774	813
774	919
774	942
774	947
774	998
775	879
775	892
776	804
776	890
780	852
780	899
780	949
781	910
782	989
783	851
783	888
783	924
783	991
784	907
784	977
785	790
785	938
785	956
786	792
786	822
787	993
788	820
788	980
789	999
790	828
791	991
792	897
792	901
792	994
793	938
793	955
796	964
797	809
797	894
797	905
799	885
799	892
799	922
800	866
800	921
800	931
801	900
801	953
802	832
802	912
802	917
803	963
803	964
805	872
806	951
807	919
808	839
809	936
810	865
810	927
811	844
811	888
811	919
811	971
811	979
812	830
812	941
813	971
813	987
814	998
815	992
816	965
817	837
817	894
817	921
817	923
818	847
818	897
818	929
818	994
819	888
819	919
819	928
819	958
820	852
820	898
820	947
820	958
821	924
821	952
822	928
822	929
822	958
823	859
823	914
823	915
823	950
823	978
824	921
825	830
825	852
825	989
826	918
829	853
829	940
829	947
830	927
831	924
831	966
832	842
833	870
833	875
834	837
834	881
835	909
835	921
835	969
836	852
836	985
837	995
838	868
838	874
839	980
839	996
841	851
844	847
844	868
844	942
844	964
844	989
845	880
846	882
846	908
846	961
847	849
847	941
848	856
849	976
850	970
850	996
851	853
851	862
851	986
852	950
852	995
853	955
853	990
855	869
855	919
855	940
855	971
856	952
856	973
857	920
858	895
858	948
859	920
861	898
861	996
862	935
862	998
863	965
864	996
866	867
866	955
866	967
867	976
868	900
868	913
868	927
868	941
868	956
869	897
870	907
870	960
872	902
872	929
872	952
872	962
872	973
873	973
874	897
874	900
874	917
874	979
874	997
875	992
876	996
877	988
878	934
878	946
878	991
881	977
884	898
884	908
884	909
884	921
884	977
886	974
887	995
887	999
891	925
892	907
892	916
893	906
893	923
893	942
893	958
894	954
896	988
897	979
897	994
899	901
899	949
900	904
900	963
901	906
901	985
903	930
906	999
907	914
907	940
907	975
908	993
909	914
909	927
909	993
916	944
917	956
917	986
919	947
919	976
920	989
920	994
921	999
923	942
923	956
923	997
924	991
925	929
926	999
928	994
929	964
930	944
932	939
932	989
935	971
936	997
937	960
937	989
940	989
941	979
941	997
947	962
949	978
958	971
958	999
960	963
961	975
961	993
962	976
971	998
980	999
