1	197
1	217
1	250
1	391
1	655
1	687
1	792
2	226
2	316
2	386
2	798
3	113
3	609
3	688
3	691
3	708
3	733
3	766
4	36
4	51
4	77
4	125
4	128
4	230
4	299
4	306
4	351
4	404
4	428
4	437
4	635
4	651
4	685
4	824
4	850
4	960
4	989
5	132
5	225
5	297
5	479
5	646
5	789
6	45
6	52
6	203
6	213
6	216
6	518
6	611
6	612
6	839
6	888
6	971
6	972
6	978
7	123
7	179
7	228
7	299
7	315
7	374
7	377
7	432
7	440
7	491
7	570
7	663
7	796
7	862
8	79
8	131
8	316
8	350
8	428
8	680
8	715
8	798
8	811
8	823
8	922
9	161
9	348
9	366
9	453
9	470
9	474
9	488
9	542
9	642
9	698
9	704
9	738
9	891
10	41
10	139
10	146
10	488
10	586
10	704
10	851
10	894
10	987
11	848
12	47
12	61
12	85
12	152
12	194
12	200
12	217
12	299
12	320
12	346
12	370
12	385
12	428
12	518
12	635
12	694
12	731
12	750
12	752
12	758
12	781
12	824
12	877
12	978
13	38
13	352
13	813
14	120
14	147
15	397
15	460
15	576
15	815
15	833
15	834
15	933
15	941
16	101
16	159
16	174
16	237
16	255
16	300
16	316
16	360
16	546
16	777
16	829
17	19
17	74
17	306
17	334
17	524
17	538
17	564
17	581
17	670
17	705
17	796
17	870
17	892
17	963
18	30
18	125
18	133
18	161
18	165
18	216
18	274
18	353
18	363
18	404
18	460
18	488
18	542
18	594
18	618
18	779
18	833
18	837
18	851
19	86
19	125
19	163
19	168
19	187
19	207
19	234
19	315
19	345
19	458
19	488
19	650
19	758
19	781
19	816
20	40
20	120
20	562
20	888
21	59
22	112
22	360
22	561
22	647
22	970
23	87
23	164
24	108
24	144
24	243
24	328
24	383
24	707
24	732
24	792
24	803
24	804
24	866
24	910
25	166
25	169
25	191
25	355
25	737
26	28
26	55
26	88
26	153
26	502
26	567
26	640
26	708
26	852
26	949
27	46
27	47
27	70
27	98
27	217
27	221
27	236
27	306
27	336
27	390
27	431
27	528
27	532
27	538
27	758
27	777
27	842
27	943
28	35
28	502
28	601
29	310
29	890
30	47
30	148
30	246
30	415
30	565
30	645
30	656
30	946
31	227
31	398
31	541
31	555
31	563
31	589
31	993
32	101
32	289
32	486
32	546
32	694
32	711
32	836
33	680
33	939
34	72
34	158
34	172
34	399
34	621
34	713
34	808
34	825
34	928
34	956
34	963
35	50
35	88
35	403
35	574
35	595
35	651
35	653
35	702
35	716
35	724
35	786
35	849
35	917
35	934
35	963
36	91
36	101
36	104
36	152
36	206
36	231
36	387
36	390
36	415
36	470
36	570
36	815
36	973
36	994
37	85
37	100
37	178
37	324
37	382
37	411
37	560
37	797
37	815
37	953
38	83
38	423
38	692
38	745
38	764
38	770
39	231
39	307
39	385
39	409
39	424
39	430
39	493
39	505
39	532
39	695
39	959
40	116
40	176
40	250
40	461
40	895
40	950
41	162
41	231
41	348
41	485
41	524
41	617
41	685
41	694
41	797
41	858
41	875
41	918
41	922
41	989
42	53
42	83
42	209
42	240
42	268
42	322
42	338
42	449
43	81
43	92
43	95
43	244
43	361
43	371
43	397
43	584
43	880
43	888
43	920
43	962
43	969
43	990
44	83
44	240
44	423
44	545
44	663
44	934
44	988
45	91
45	507
45	528
45	541
45	592
45	644
45	687
45	734
45	993
46	104
46	266
46	569
46	577
46	611
46	679
46	710
47	51
47	85
47	96
47	115
47	119
47	200
47	206
47	231
47	340
47	353
47	494
47	510
47	565
47	642
47	694
47	710
47	777
47	826
48	335
49	98
49	205
49	227
49	235
49	457
49	465
49	510
49	577
49	800
49	896
49	952
50	322
50	497
50	512
50	536
50	768
50	778
50	788
50	885
50	920
50	930
51	104
51	210
51	214
51	390
51	485
51	510
51	626
51	731
51	817
51	989
52	76
52	244
52	347
52	383
52	540
52	621
52	650
52	672
52	885
52	921
52	965
53	123
53	134
53	192
53	244
53	301
53	306
53	326
53	375
53	458
53	527
53	586
53	595
53	775
53	804
53	816
53	932
53	960
54	131
54	281
54	321
54	486
54	845
54	958
56	196
56	253
56	706
56	778
57	100
57	186
57	229
57	633
57	881
57	909
58	66
58	356
58	531
58	544
58	591
58	666
58	803
58	841
59	107
59	792
59	856
59	957
60	73
60	77
60	173
60	180
60	299
60	404
60	448
60	489
60	538
60	678
60	913
60	984
61	86
61	121
61	126
61	217
61	314
61	430
61	505
61	526
61	579
61	589
61	780
61	787
61	793
61	800
61	896
61	951
62	148
62	237
62	664
62	789
62	820
62	961
63	321
63	571
63	587
63	593
63	668
63	970
64	107
64	318
64	478
64	534
64	623
65	154
65	986
66	72
66	333
66	369
66	469
66	483
66	605
66	651
66	732
66	788
66	874
66	883
66	910
67	587
68	165
68	189
68	207
68	270
68	343
68	489
68	783
68	862
68	941
68	960
68	988
69	74
69	115
69	203
69	236
69	326
69	340
69	345
69	383
69	422
69	505
69	542
69	618
69	694
69	767
69	773
69	775
69	872
70	161
70	178
70	205
70	217
70	230
70	348
70	510
70	570
70	611
70	616
70	634
70	695
71	98
71	144
71	257
71	258
71	340
71	375
71	440
71	592
71	617
71	645
71	775
71	777
71	868
71	877
71	971
71	973
72	76
72	141
72	176
72	264
72	461
72	585
72	597
72	713
72	717
72	825
72	968
72	981
72	990
72	992
73	105
73	173
73	277
73	309
73	366
73	389
73	431
73	460
73	498
73	519
73	581
73	633
73	678
73	820
73	887
74	76
74	92
74	207
74	306
74	345
74	370
74	453
74	469
74	470
74	491
74	509
74	610
74	689
74	691
74	760
74	763
74	783
74	871
74	901
74	969
75	747
76	247
76	509
76	520
76	522
76	584
76	598
76	691
76	784
76	796
77	99
77	104
77	161
77	206
77	334
77	353
77	390
77	420
77	455
77	541
77	586
77	641
77	673
77	679
77	772
77	779
77	914
77	943
77	973
78	208
78	302
78	440
78	447
78	559
78	782
78	814
78	900
79	212
79	664
80	82
80	203
80	469
80	492
80	527
80	653
80	804
80	819
80	825
80	866
80	965
80	986
81	103
81	176
81	323
81	568
81	863
81	866
81	930
81	949
82	124
82	125
82	214
82	506
82	801
82	959
82	978
83	138
83	413
83	414
83	449
83	471
83	522
83	536
83	593
83	615
83	678
83	692
83	745
83	855
84	171
84	406
85	119
85	179
85	193
85	240
85	257
85	299
85	340
85	367
85	371
85	424
85	540
85	597
85	758
85	826
85	914
85	932
86	108
86	203
86	328
86	351
86	363
86	388
86	457
86	506
86	532
86	572
86	584
86	612
86	617
86	630
86	679
86	682
86	695
86	914
86	973
87	108
87	120
87	238
87	273
87	333
87	609
87	717
87	737
87	965
87	986
88	303
88	419
88	500
88	580
88	615
88	658
88	920
89	297
89	476
89	569
89	842
90	840
91	132
91	192
91	200
91	209
91	228
91	266
91	294
91	482
91	574
91	610
91	616
91	618
91	627
91	644
91	773
91	824
91	850
91	868
91	874
91	914
91	932
91	941
91	951
91	994
92	105
92	168
92	235
92	274
92	418
92	471
92	538
92	582
92	616
92	635
92	672
92	901
92	969
93	151
93	165
93	285
93	425
93	563
93	816
93	846
93	973
94	378
94	439
95	134
95	192
95	249
95	252
95	253
95	264
95	338
95	345
95	374
95	383
95	497
95	540
95	653
95	707
95	710
95	746
95	777
95	803
95	921
95	930
95	981
95	989
95	990
95	999
96	185
96	357
96	650
96	718
96	972
97	398
97	479
97	599
97	619
97	864
97	922
98	107
98	248
98	300
98	318
98	577
98	739
98	844
98	943
99	150
99	289
99	346
99	629
99	700
99	781
99	833
99	837
100	102
100	307
100	368
100	489
100	644
100	809
100	944
101	266
101	284
101	425
101	546
101	624
101	665
101	694
101	779
101	843
102	128
102	147
102	241
102	287
102	472
102	560
102	581
102	594
102	633
102	676
102	752
102	862
102	876
102	882
102	896
103	176
103	188
103	492
103	580
103	609
103	688
103	808
103	895
104	265
104	308
104	353
104	366
104	428
104	430
104	440
104	510
104	518
104	626
104	664
104	679
104	758
104	824
105	133
105	151
105	178
105	187
105	211
105	259
105	307
105	313
105	416
105	433
105	491
105	529
105	610
105	633
105	669
105	802
105	815
105	833
105	834
105	924
106	175
106	270
106	400
106	418
106	594
106	659
106	730
106	877
106	960
107	246
107	405
107	493
107	631
107	979
108	123
108	286
108	347
108	450
108	584
108	643
108	712
108	732
108	867
108	921
109	275
109	281
109	436
109	513
109	596
109	647
109	753
109	837
109	845
109	970
109	998
110	115
110	197
110	227
110	236
110	493
110	570
110	577
110	696
110	734
110	769
110	842
111	310
111	718
112	452
112	560
112	773
112	976
113	219
113	838
114	184
114	234
114	251
114	365
114	470
114	489
114	491
114	538
114	629
114	658
114	662
114	794
114	850
114	874
114	913
114	978
115	119
115	168
115	210
115	231
115	248
115	266
115	340
115	416
115	470
115	641
115	689
115	758
115	796
115	797
115	867
115	913
115	967
115	971
115	989
115	994
116	434
117	401
117	512
117	768
117	770
117	778
119	233
119	313
119	346
119	363
119	376
119	478
119	507
119	626
119	629
119	630
119	685
119	779
119	794
119	824
119	877
119	989
120	172
120	310
120	450
120	543
120	617
120	632
120	867
120	921
121	177
121	214
121	236
121	605
121	650
121	696
121	728
121	780
121	986
122	347
123	203
123	205
123	288
123	292
123	363
123	473
123	527
123	544
123	598
123	739
123	767
123	892
123	900
123	963
124	193
124	217
124	218
124	258
124	300
124	359
124	409
124	424
124	458
124	547
124	603
124	673
124	720
124	734
124	790
124	875
124	893
125	137
125	187
125	228
125	258
125	294
125	353
125	371
125	375
125	424
125	437
125	535
125	574
125	630
125	689
125	721
125	724
125	826
125	917
126	214
126	225
126	247
126	424
126	430
126	505
126	532
126	541
126	551
126	563
126	565
126	817
126	875
126	952
126	967
126	968
127	245
128	175
128	270
128	448
128	515
128	581
128	678
128	784
129	133
129	165
129	307
129	343
129	466
129	551
129	594
129	676
129	752
129	833
129	843
129	934
129	994
130	260
130	341
130	414
130	449
130	849
130	878
131	624
132	174
132	258
132	390
132	424
132	431
132	470
132	525
132	611
132	680
132	833
132	913
132	914
132	939
132	973
132	987
132	995
133	207
133	448
133	594
133	633
133	683
133	779
134	235
134	273
134	286
134	341
134	384
134	412
134	534
134	595
134	687
134	710
134	712
134	732
134	847
134	865
134	874
134	940
134	965
135	860
136	167
136	305
136	394
137	168
137	209
137	228
137	240
137	326
137	478
137	515
137	560
137	843
137	901
138	442
138	568
138	713
138	999
139	146
139	193
139	231
139	320
139	412
139	417
139	462
139	565
139	772
139	959
140	407
140	743
141	158
141	170
141	323
141	374
141	450
141	469
141	549
141	568
141	737
141	898
142	235
142	364
142	490
142	544
142	638
142	648
142	656
142	661
142	954
143	254
143	278
143	521
143	631
143	704
143	857
144	369
144	525
144	591
144	614
144	717
144	803
144	854
144	889
144	965
145	587
146	429
146	534
146	607
146	619
146	840
147	208
147	240
147	299
147	400
147	402
147	550
147	730
147	862
147	882
147	901
148	161
148	233
148	237
148	420
148	671
148	715
148	820
148	851
148	887
149	483
149	558
149	703
149	945
150	189
150	420
150	455
150	680
150	789
150	851
151	184
151	257
151	665
151	678
151	814
151	862
152	234
152	299
152	300
152	334
152	428
152	440
152	660
152	758
152	865
152	868
152	913
152	914
152	956
152	969
152	999
153	312
154	925
155	445
155	755
156	210
156	218
156	247
156	359
156	363
156	392
156	409
156	527
156	648
156	731
156	780
156	803
156	965
156	990
157	265
157	362
157	520
157	793
157	886
158	176
158	182
158	250
158	568
158	597
158	706
158	804
159	386
159	853
159	953
160	209
160	249
160	284
160	299
160	400
160	402
160	404
160	511
160	740
160	850
160	917
161	162
161	163
161	178
161	220
161	226
161	266
161	300
161	485
161	694
161	725
161	756
161	772
161	797
161	877
161	914
161	924
162	206
162	231
162	485
162	494
162	565
162	758
162	797
162	971
163	179
163	194
163	207
163	221
163	299
163	404
163	542
163	595
163	763
163	816
163	846
163	891
164	492
165	181
165	274
165	296
165	425
165	431
165	485
165	907
166	265
166	271
166	327
166	392
166	608
166	636
166	728
166	793
166	873
166	971
166	974
167	305
168	230
168	234
168	284
168	299
168	347
168	351
168	357
168	474
168	685
168	741
168	758
168	781
168	794
168	914
168	921
168	923
168	959
169	355
169	751
169	818
170	192
170	422
170	509
170	527
170	568
170	614
170	650
170	713
170	781
170	889
170	898
171	246
171	258
171	355
171	421
171	521
171	611
171	879
171	985
172	182
172	228
172	280
172	501
172	537
172	737
172	808
172	866
172	883
172	981
173	216
173	257
173	284
173	489
173	495
173	538
173	581
173	594
173	752
173	779
173	850
173	994
174	237
174	284
174	494
174	532
174	551
175	251
175	276
175	311
175	338
175	361
175	403
175	515
175	560
175	615
175	735
175	745
175	885
176	228
176	238
176	432
176	568
176	605
176	609
176	679
176	713
176	775
176	788
176	804
176	826
176	854
176	863
176	866
176	982
177	314
177	348
177	985
178	309
178	345
178	384
178	478
178	479
178	485
178	700
178	772
178	797
178	815
178	973
179	180
179	260
179	274
179	294
179	299
179	326
179	340
179	343
179	437
179	440
179	448
179	478
179	535
179	850
179	900
179	932
180	294
180	324
180	353
180	471
180	741
180	763
180	777
180	816
180	839
180	871
180	891
180	984
181	249
181	284
181	313
181	402
181	532
181	567
181	582
181	594
181	762
181	834
182	183
182	492
182	520
182	575
182	821
182	996
183	218
183	328
183	408
183	910
183	990
184	231
184	299
184	464
184	529
184	560
184	633
184	738
184	833
184	882
184	926
184	933
185	271
185	525
185	544
185	589
185	600
185	638
185	693
185	731
185	773
185	791
185	841
185	940
186	376
186	402
186	678
186	753
187	206
187	244
187	274
187	424
187	491
187	673
187	712
187	750
187	763
187	773
187	777
187	834
187	850
187	865
187	885
187	914
187	943
188	535
188	567
188	702
188	721
188	740
188	776
188	885
188	904
188	962
188	980
188	984
189	237
189	289
189	296
189	309
189	474
191	355
191	610
191	631
191	709
191	985
192	257
192	301
192	470
192	542
192	572
192	672
192	712
192	773
192	908
192	924
193	194
193	214
193	225
193	278
193	300
193	357
193	429
193	440
193	466
193	505
193	673
193	739
193	765
193	831
193	961
193	971
193	973
194	284
194	340
194	363
194	383
194	491
194	660
194	672
194	752
194	794
194	850
194	870
197	349
197	364
197	608
197	769
197	952
197	961
197	967
197	977
198	243
198	261
198	300
198	473
198	493
198	629
198	661
198	942
199	261
199	394
199	748
200	206
200	440
200	489
200	505
200	524
200	542
200	627
200	645
200	673
200	679
200	775
200	824
200	896
201	227
201	283
201	314
201	335
201	354
201	572
201	859
201	911
202	659
202	764
202	860
203	213
203	288
203	383
203	392
203	473
203	540
203	627
203	816
203	892
203	907
203	942
203	968
203	986
204	368
204	762
205	248
205	300
205	308
205	351
205	540
205	577
205	611
205	616
205	758
205	817
205	875
205	943
206	284
206	308
206	353
206	432
206	494
206	505
206	537
206	542
206	616
206	629
206	645
206	656
206	673
206	679
206	850
206	868
206	896
206	959
206	967
206	978
206	984
207	428
207	536
207	538
207	556
207	581
207	629
207	683
207	779
207	784
207	826
207	851
208	302
208	330
208	400
208	449
209	314
209	374
209	460
209	572
209	600
209	635
209	650
209	676
209	683
209	738
209	867
209	877
209	978
210	217
210	457
210	465
210	525
210	577
210	617
210	651
210	761
210	787
210	915
211	270
211	302
211	376
211	403
211	560
211	596
211	633
211	763
211	815
211	868
211	889
211	923
212	664
212	995
213	218
213	288
213	359
213	392
213	507
213	605
213	648
213	720
213	780
213	796
213	801
213	804
213	839
213	847
213	859
213	916
213	955
213	972
214	300
214	317
214	474
214	577
214	858
214	874
214	967
214	972
215	238
215	733
215	821
216	311
216	448
216	472
216	741
216	835
216	846
216	884
217	292
217	457
217	465
217	618
217	734
217	735
217	875
217	968
218	356
218	525
218	603
218	666
218	720
218	723
218	746
218	841
218	940
218	965
219	568
219	580
219	644
219	808
220	231
220	233
220	285
220	376
220	420
220	421
220	685
220	820
220	829
220	837
220	987
221	256
221	348
221	532
221	645
221	682
221	914
223	314
223	650
223	660
223	703
223	773
223	859
223	872
225	246
225	256
225	297
225	462
226	455
226	521
226	631
226	894
227	398
227	467
227	599
227	761
227	844
227	940
227	948
228	249
228	336
228	458
228	470
228	505
228	556
228	572
228	585
228	639
228	651
228	660
228	775
228	794
228	868
228	896
228	943
228	984
229	382
229	411
229	834
229	845
230	244
230	284
230	343
230	357
230	486
230	521
230	542
230	662
230	679
230	815
230	874
230	875
230	957
231	348
231	351
231	429
231	485
231	630
231	753
231	772
231	789
231	961
233	284
233	289
233	308
233	346
233	348
233	363
233	430
233	485
233	494
233	592
233	611
233	641
233	820
233	851
233	858
233	943
234	257
234	346
234	400
234	402
234	460
234	509
234	529
234	540
234	627
234	641
234	750
234	760
234	826
234	896
234	913
234	932
234	994
235	243
235	248
235	261
235	392
235	442
235	510
235	577
235	655
235	682
235	790
236	297
236	385
236	592
236	682
236	911
237	296
237	376
237	474
237	486
237	488
237	720
237	738
237	837
238	264
238	396
238	399
238	632
238	658
238	796
239	275
239	747
239	806
240	241
240	311
240	341
240	372
240	501
240	644
240	698
240	705
240	763
240	880
240	901
240	902
241	245
241	311
241	735
241	740
241	994
242	282
242	347
242	402
242	512
242	560
242	668
242	677
242	721
243	286
243	364
243	507
243	544
243	557
243	655
243	708
243	841
244	247
244	315
244	424
244	440
244	505
244	510
244	547
244	550
244	557
244	645
244	663
244	672
244	775
244	917
244	920
244	956
244	963
246	317
246	334
246	398
246	939
247	385
247	439
247	473
247	682
247	767
247	796
247	819
247	854
248	340
248	377
248	390
248	391
248	412
248	465
248	598
248	626
248	657
248	793
249	313
249	343
249	365
249	371
249	471
249	540
249	672
249	716
249	750
249	862
249	865
249	917
250	378
250	537
250	737
250	866
250	928
250	996
251	260
251	277
251	343
251	402
251	416
251	452
251	460
251	482
251	512
251	567
251	571
251	630
251	644
251	662
251	672
251	963
252	408
252	584
252	598
252	698
252	790
252	819
252	839
253	338
253	492
253	537
253	681
253	796
253	816
253	846
253	883
253	969
253	982
254	905
255	298
255	410
255	711
256	258
256	521
256	563
256	570
256	646
256	790
256	975
257	320
257	345
257	467
257	478
257	570
257	627
257	673
257	765
257	783
257	797
257	830
257	868
257	921
257	932
258	329
258	363
258	424
258	431
258	460
258	494
258	523
258	656
258	765
258	943
258	981
259	296
259	665
259	877
259	941
260	291
260	452
260	488
260	535
260	571
260	721
260	730
260	752
260	969
260	988
260	999
261	364
261	589
261	634
261	872
263	373
263	539
263	561
263	876
264	273
264	460
264	597
264	598
264	620
264	621
264	639
264	666
264	720
264	732
264	848
264	852
264	863
265	317
265	421
265	463
265	579
265	642
265	646
266	345
266	346
266	430
266	433
266	542
266	586
266	654
266	673
266	756
266	868
266	987
267	271
267	379
267	613
267	718
268	341
268	640
268	760
268	912
268	969
269	276
269	323
269	326
269	365
269	371
269	601
269	702
269	707
269	721
269	854
269	902
269	917
270	436
270	472
270	574
270	969
271	648
271	979
272	848
273	605
273	638
273	643
273	780
273	819
273	839
273	859
273	871
273	882
273	986
274	320
274	333
274	428
274	478
274	488
274	633
274	662
274	678
274	738
274	772
274	878
275	976
276	326
276	371
276	402
276	403
276	538
276	567
276	644
276	825
277	299
277	350
277	353
277	685
277	911
278	357
278	485
278	505
278	589
278	656
278	682
278	756
278	858
278	943
280	323
280	328
280	434
280	537
280	639
280	643
280	681
280	717
280	852
282	472
282	934
283	356
283	600
283	638
283	674
283	780
283	859
283	940
283	979
284	365
284	662
284	764
284	882
284	932
284	942
284	998
285	301
285	416
285	486
285	606
285	645
285	683
285	779
285	833
285	834
285	850
285	877
285	901
285	923
285	924
286	369
286	432
286	450
286	515
286	597
286	620
286	791
286	807
286	854
286	874
287	302
287	446
287	594
287	746
287	762
288	335
288	353
288	367
288	409
288	489
288	507
288	544
288	618
288	639
288	695
288	773
288	800
288	801
288	872
289	382
289	420
289	519
289	756
290	511
291	456
291	522
291	539
291	545
291	740
291	860
292	625
292	732
292	819
292	966
293	525
293	543
293	859
294	301
294	370
294	416
294	471
294	510
294	574
294	630
294	698
294	707
294	900
294	962
295	520
295	895
295	949
295	956
296	332
296	685
296	946
297	349
297	405
297	603
297	894
297	915
298	498
298	887
299	326
299	345
299	351
299	353
299	385
299	397
299	400
299	460
299	471
299	582
299	627
299	758
299	776
299	826
299	877
299	884
300	473
300	521
300	551
300	577
300	584
300	611
300	626
300	696
300	830
300	951
301	366
301	371
301	650
301	712
301	794
301	914
301	963
302	325
303	339
303	708
304	332
305	729
306	324
306	404
306	491
306	560
306	576
306	698
306	750
306	941
307	330
307	338
307	428
307	519
307	560
307	678
307	814
308	355
308	390
308	494
308	642
308	739
308	858
309	351
309	694
309	715
309	918
309	961
310	562
310	950
311	423
311	581
311	835
311	845
311	862
311	885
311	891
311	900
311	920
312	399
312	401
312	745
312	890
313	425
313	482
313	521
313	560
313	759
313	762
313	777
313	815
313	845
313	877
313	984
314	528
314	564
314	595
314	661
314	687
314	729
314	972
315	323
315	397
315	399
315	620
315	645
315	689
315	785
315	850
316	417
316	937
317	318
317	364
317	463
317	565
317	696
317	915
318	493
318	608
318	642
318	682
318	729
318	769
318	800
319	561
319	944
320	351
320	489
320	577
320	586
320	616
320	630
320	738
320	765
320	850
320	877
320	914
320	960
320	967
320	973
320	989
321	539
321	561
321	762
322	576
322	880
322	991
323	408
323	440
323	595
323	658
323	666
323	723
323	888
324	402
324	471
324	576
324	644
324	665
324	678
324	730
324	735
324	752
324	855
324	877
324	884
324	891
324	901
324	907
324	908
325	576
325	813
325	897
326	346
326	367
326	383
326	582
326	627
326	651
326	672
326	739
326	826
326	871
326	885
326	889
326	908
327	362
327	792
327	810
328	450
328	543
328	614
328	910
329	364
329	440
329	462
329	579
329	607
329	611
329	629
329	858
330	471
330	516
330	735
330	740
330	901
331	748
331	822
331	906
332	553
333	527
333	614
333	644
333	666
333	672
333	693
333	780
333	788
334	387
334	489
334	563
334	779
334	862
334	877
334	907
334	923
335	387
335	465
335	689
335	773
335	780
335	816
335	846
335	868
336	376
336	437
336	532
336	657
336	679
336	695
336	752
336	756
336	781
336	850
336	942
336	972
337	354
337	672
337	793
337	919
337	971
338	340
338	416
338	432
338	442
338	491
338	501
338	540
338	556
338	620
338	653
338	686
338	783
338	874
338	943
339	381
339	459
340	437
340	453
340	592
340	629
340	645
340	656
340	672
340	750
340	842
340	874
340	994
341	403
341	413
341	535
341	692
341	771
342	533
343	582
343	633
343	835
343	923
343	984
345	363
345	383
345	409
345	440
345	493
345	584
345	610
345	611
345	638
345	689
345	872
346	474
346	662
346	669
346	980
347	401
347	453
347	457
347	540
347	651
347	658
347	698
347	741
347	767
347	862
347	870
347	960
347	984
348	429
348	488
348	851
348	943
348	967
349	358
349	493
349	939
349	985
350	474
350	777
350	797
350	851
350	918
350	924
351	376
351	416
351	523
351	630
351	679
351	694
351	720
351	802
351	851
351	901
351	988
352	764
353	375
353	402
353	542
353	571
353	635
353	752
353	775
353	868
353	994
354	608
354	800
354	943
355	421
355	787
355	915
355	975
356	392
356	412
356	450
356	527
356	584
356	650
356	839
356	841
356	854
356	859
356	940
356	942
356	993
357	421
357	551
357	656
357	666
357	915
357	987
359	597
359	603
359	620
359	717
359	803
359	816
359	955
359	968
360	361
360	515
360	539
360	615
360	721
360	724
360	878
361	403
361	585
361	716
361	741
361	776
362	886
362	948
363	387
363	415
363	586
363	592
363	656
363	683
363	830
364	467
364	613
364	648
364	729
364	761
364	792
364	911
364	915
364	940
365	419
365	497
365	516
365	528
365	677
365	770
365	778
365	784
365	874
365	988
366	376
366	462
366	565
366	800
366	830
366	973
366	994
367	383
367	428
367	615
367	657
367	659
367	705
367	826
367	980
367	984
368	495
368	805
368	909
368	933
369	371
369	450
369	772
369	804
369	896
369	982
370	470
370	491
370	501
370	509
370	610
370	621
370	644
370	663
370	670
370	707
370	721
370	885
370	904
370	930
371	442
371	458
371	576
371	620
371	639
371	686
371	707
371	760
371	803
371	963
372	402
372	471
372	486
372	489
372	616
372	753
372	789
372	802
374	403
374	658
374	784
374	788
374	885
375	501
375	528
375	663
375	760
375	783
375	784
375	803
375	839
375	863
375	892
376	429
376	524
376	565
376	679
376	704
376	837
377	422
377	432
377	527
377	572
377	618
377	625
377	686
377	781
377	790
377	791
377	796
377	804
377	816
377	854
377	889
377	928
377	963
378	674
378	717
378	737
378	965
379	438
379	467
379	514
379	550
379	723
379	742
379	743
379	807
380	414
380	783
380	813
381	492
381	522
381	702
381	721
382	561
382	953
383	568
383	572
383	672
383	796
383	801
383	804
383	871
383	888
384	424
384	497
384	626
384	662
384	687
384	867
384	942
384	963
385	390
385	430
385	440
385	505
385	507
385	526
385	645
385	710
385	775
385	783
385	932
385	943
385	978
386	832
387	505
387	595
387	598
387	618
387	651
387	672
387	720
387	767
387	921
387	963
388	463
388	939
389	853
390	421
390	541
390	556
390	642
390	858
390	952
390	967
391	737
391	743
391	746
391	925
391	955
392	525
392	543
392	579
392	655
392	728
392	942
393	776
395	848
396	576
396	713
396	778
396	891
396	895
397	515
397	763
397	850
397	920
397	960
397	963
398	951
398	967
398	974
399	500
399	580
399	585
399	609
399	778
399	869
399	895
400	449
400	567
400	574
400	633
400	676
400	782
400	833
400	900
400	926
401	512
401	536
401	764
401	869
401	912
401	999
402	491
402	529
402	576
402	582
402	705
402	724
402	784
402	833
402	941
403	500
403	529
403	536
403	539
403	581
403	702
403	741
403	869
403	880
403	921
404	471
404	730
404	855
404	914
404	924
405	421
405	463
405	476
405	769
405	787
405	948
405	952
405	975
406	623
406	664
406	879
407	493
407	499
407	608
407	634
408	469
408	598
408	643
408	696
408	712
408	743
408	819
408	916
409	453
409	467
409	473
409	525
409	666
409	687
409	801
409	872
409	979
410	851
411	606
411	834
412	437
412	564
412	612
412	731
412	790
413	516
413	562
413	604
413	639
413	776
413	962
413	988
414	419
414	459
414	585
414	677
414	705
414	785
414	920
415	667
415	840
416	441
416	478
416	488
416	542
416	662
416	669
416	815
416	836
416	847
416	987
417	772
417	823
417	929
418	522
418	529
418	556
418	596
418	752
419	497
419	550
419	691
419	852
419	969
420	462
420	894
420	987
421	555
421	729
421	761
421	911
421	975
421	977
422	432
422	537
422	621
422	847
422	880
422	942
423	512
423	692
423	813
423	899
423	904
423	999
424	473
424	491
424	505
424	565
424	626
424	670
424	769
424	790
424	793
424	868
424	885
424	943
425	526
425	551
425	680
425	836
425	837
425	987
425	998
428	529
428	576
428	630
428	669
428	724
428	758
428	779
428	826
428	846
428	855
428	876
429	563
429	642
429	675
429	704
429	973
430	494
430	551
430	610
430	616
430	617
430	629
430	633
430	672
430	673
430	694
430	710
430	750
431	611
431	656
431	858
431	967
432	458
432	537
432	620
432	621
432	721
432	956
433	606
433	678
434	717
434	819
434	895
434	996
435	536
435	692
436	452
436	472
436	582
436	909
436	933
436	944
436	970
437	489
437	501
437	598
437	629
437	642
437	651
437	779
437	794
437	825
437	833
437	923
437	984
438	703
438	945
439	729
439	791
439	965
440	467
440	505
440	510
440	610
440	695
440	781
440	842
440	943
440	978
441	546
442	458
442	501
442	585
442	612
442	713
442	784
442	865
442	866
442	870
442	877
442	990
443	476
443	879
443	992
444	684
444	788
445	452
446	758
446	836
446	845
446	909
447	707
448	478
448	501
448	593
448	616
448	802
448	876
448	988
449	568
449	571
449	763
449	786
450	469
450	527
450	584
450	597
450	614
450	653
450	687
450	801
450	803
450	854
451	654
452	539
452	877
452	900
452	926
452	944
452	947
453	581
453	630
453	672
453	689
453	777
453	791
453	839
453	842
453	978
455	551
455	914
455	918
455	958
457	542
457	679
457	758
457	826
457	868
457	932
457	989
458	467
458	527
458	580
458	620
458	801
458	816
458	847
459	575
459	912
460	538
460	676
460	785
460	862
461	795
461	893
461	955
462	570
462	638
462	656
462	886
463	481
463	493
463	569
463	607
463	623
463	800
463	939
463	985
464	466
464	529
464	725
464	811
464	998
465	467
465	547
465	579
465	682
465	874
465	972
466	582
466	753
466	802
467	527
467	616
467	729
467	731
467	743
467	971
467	972
468	704
468	811
468	812
468	823
469	528
469	625
469	666
469	718
469	724
469	775
469	821
469	839
469	854
469	866
469	965
469	991
470	485
470	635
470	694
470	738
470	772
470	960
470	973
470	987
471	515
471	560
471	594
471	611
471	653
471	891
471	959
472	604
472	668
472	677
472	692
472	813
472	891
473	541
473	547
473	551
473	592
473	621
473	629
473	656
473	801
473	839
474	486
474	569
474	606
474	694
474	850
475	488
475	606
475	690
475	832
476	554
476	607
476	831
477	554
477	906
478	494
478	534
478	540
478	635
478	673
478	738
478	758
478	797
478	855
478	918
479	894
479	995
480	578
480	764
480	950
482	567
482	571
482	662
482	741
482	917
482	963
482	987
483	742
484	811
485	488
485	542
485	605
485	700
485	738
485	772
485	779
485	967
486	670
486	673
486	794
486	858
486	967
488	519
488	642
488	758
488	797
488	943
488	973
488	994
488	998
489	626
489	762
489	815
489	914
490	632
490	795
490	804
490	850
490	883
490	938
491	670
491	760
491	833
491	907
491	926
491	990
491	994
492	550
492	609
492	773
493	608
493	687
493	761
493	932
493	952
493	961
493	975
494	635
494	679
494	756
494	772
494	961
495	809
495	876
495	933
497	580
497	597
497	601
497	639
497	663
497	746
497	788
497	866
497	938
497	955
497	963
497	982
498	834
498	881
499	534
500	601
500	639
500	650
500	707
500	902
501	505
501	540
501	598
501	650
501	653
501	746
501	783
501	984
502	786
502	890
503	894
504	813
505	532
505	611
505	612
505	629
505	643
505	656
505	696
505	824
505	875
505	888
505	889
505	914
506	521
506	532
506	544
506	641
506	656
506	695
506	720
506	783
506	875
506	888
506	914
506	971
506	978
507	800
507	801
507	867
507	889
507	942
508	583
509	556
509	629
509	650
509	653
509	691
509	835
509	870
509	969
510	704
510	767
510	940
510	952
510	972
511	668
512	601
512	920
513	747
513	853
514	841
514	945
515	574
515	576
515	581
515	593
515	653
515	705
515	730
515	835
515	846
516	730
516	813
516	855
516	923
518	529
518	607
518	626
518	630
518	651
518	683
518	685
518	804
518	826
518	875
518	888
518	979
519	711
519	714
519	843
519	914
520	562
520	580
520	821
521	563
521	577
521	608
521	631
521	858
522	536
522	538
522	601
522	604
522	897
522	969
523	563
524	586
524	612
524	618
524	635
524	679
524	720
524	738
524	767
524	797
524	816
524	877
524	923
525	703
525	743
525	841
525	856
525	859
525	873
525	955
525	989
526	544
526	629
526	657
526	682
526	803
526	984
527	610
527	628
527	638
527	767
527	775
527	791
527	819
527	874
527	942
527	955
527	965
528	572
528	584
528	592
528	595
528	689
528	816
528	847
528	871
528	885
528	888
528	896
528	898
529	753
531	567
531	650
531	717
531	732
531	841
531	863
531	910
531	921
531	965
531	982
532	627
532	685
532	701
532	877
533	547
533	591
533	757
534	636
534	844
534	932
534	952
535	536
535	659
535	745
535	870
536	735
536	882
536	902
537	584
537	691
537	816
537	863
538	571
538	670
538	697
538	741
538	746
538	814
538	901
538	914
538	941
538	960
539	647
539	941
540	585
540	598
540	604
540	617
540	670
540	785
540	824
540	839
540	863
540	871
540	955
540	960
540	963
540	990
541	660
541	734
541	800
541	855
541	875
541	908
541	977
542	621
542	627
542	641
542	656
542	781
542	790
542	833
542	842
542	914
543	628
543	717
543	910
543	954
544	773
544	780
544	801
544	875
544	888
544	911
544	942
545	556
545	640
546	829
546	853
547	612
547	618
547	780
547	875
547	925
547	942
547	971
549	795
549	928
550	615
550	778
550	865
550	871
550	969
551	857
554	579
554	748
554	774
554	797
555	607
555	613
555	685
556	574
556	663
556	716
556	785
556	917
557	572
557	584
557	632
557	639
557	651
557	712
557	746
557	790
557	825
557	847
557	888
557	928
557	982
557	986
557	990
557	996
558	717
558	742
558	804
558	807
558	893
558	938
559	561
559	594
559	814
559	947
560	663
560	702
560	724
560	735
560	759
560	763
560	833
560	835
560	926
560	960
560	963
561	947
562	708
562	770
562	808
563	680
563	727
564	608
564	955
565	675
565	772
565	820
565	858
567	677
567	741
567	759
567	776
567	782
567	891
568	990
569	736
569	936
570	913
571	576
571	662
571	907
572	650
572	801
572	803
572	854
572	888
572	896
572	914
574	707
574	760
574	923
574	962
574	963
575	898
576	581
576	895
577	634
577	739
577	817
577	932
577	952
578	708
579	600
579	710
579	817
579	908
580	770
580	778
580	852
580	990
581	586
581	724
581	741
581	752
581	763
581	846
581	882
581	885
581	891
582	676
582	763
582	781
582	830
582	907
583	806
584	629
584	650
584	763
584	773
584	785
584	803
584	819
584	889
584	896
584	913
584	955
584	984
585	621
585	653
585	788
585	880
585	934
585	956
585	981
586	815
586	987
587	590
588	795
588	807
588	966
589	608
589	974
591	643
591	803
591	892
591	938
592	689
592	779
592	816
592	842
592	874
592	932
592	990
593	750
593	828
593	900
594	633
594	670
594	705
594	933
594	998
595	598
595	618
595	650
595	695
595	707
595	720
595	746
595	783
595	803
595	804
595	819
595	826
595	839
595	896
596	752
596	933
596	944
597	621
597	632
597	804
597	854
597	863
597	981
597	982
598	612
598	629
598	638
598	720
598	731
598	839
598	955
599	831
599	931
599	977
600	674
600	919
600	940
600	942
601	686
601	721
601	912
601	941
601	999
603	674
603	968
604	677
604	724
604	740
604	745
604	828
604	876
605	655
605	790
605	816
605	880
605	896
607	936
608	634
608	911
608	972
608	993
609	938
610	750
610	769
610	847
610	868
610	874
610	908
610	973
610	981
611	617
611	645
611	772
611	783
611	891
611	943
611	959
611	967
611	978
612	775
612	791
612	801
612	859
612	874
612	984
614	807
614	847
614	848
614	893
615	705
615	899
615	901
615	984
616	617
616	772
616	817
616	913
616	967
617	626
617	627
617	663
617	773
617	783
617	833
617	868
617	875
617	984
617	986
618	648
618	650
618	656
618	790
618	888
618	896
618	943
618	959
619	631
620	621
620	775
620	785
620	888
620	930
620	932
621	689
621	713
621	746
621	842
621	889
621	932
622	823
622	937
623	879
623	985
624	918
625	718
625	728
625	874
625	895
625	952
625	965
626	629
626	664
626	682
626	739
626	960
627	630
627	698
627	729
627	738
627	767
627	783
627	846
627	892
628	674
628	703
628	718
628	743
628	780
628	807
629	673
629	689
629	773
629	826
629	830
630	651
630	660
630	662
630	669
630	689
630	739
630	777
630	783
630	797
630	815
630	824
630	858
630	882
630	912
630	930
630	960
630	984
631	646
631	714
631	931
632	778
632	866
632	938
632	996
633	683
633	833
633	926
633	998
635	765
635	779
635	794
635	797
635	959
635	973
635	984
636	787
636	974
638	791
639	658
639	702
639	707
639	824
639	852
639	880
639	982
639	990
640	869
641	781
641	837
641	884
641	960
641	987
642	653
642	683
642	842
642	868
642	972
643	717
643	732
643	759
643	928
643	981
644	653
644	705
644	721
644	794
644	870
644	885
644	920
644	963
644	969
645	657
645	658
645	695
645	758
645	765
645	794
645	802
645	874
645	984
646	654
646	831
646	922
646	995
648	651
648	695
648	696
648	720
648	817
648	867
648	984
649	764
650	672
650	731
650	773
650	866
650	896
650	955
651	763
651	777
651	867
651	880
651	888
651	932
653	707
653	785
653	870
653	962
655	751
655	810
655	873
656	657
656	679
656	683
656	756
656	769
656	777
656	847
656	932
656	951
657	662
657	711
657	767
657	797
657	932
658	663
658	888
658	892
658	904
659	782
659	813
659	860
659	949
660	790
660	800
660	913
660	932
661	919
662	862
662	877
663	854
663	963
664	831
664	840
664	918
664	939
665	802
665	834
667	879
669	724
669	739
669	815
669	830
669	914
670	691
670	815
670	912
670	999
672	691
672	695
672	803
672	819
672	871
673	676
673	683
673	777
673	851
673	874
673	913
673	946
674	742
674	780
674	919
675	858
675	894
676	885
677	782
678	862
678	907
678	926
679	738
679	801
679	858
679	875
680	922
682	695
682	801
682	819
682	844
682	868
682	942
683	689
683	765
683	826
683	842
683	877
683	888
683	959
684	795
686	716
686	784
686	788
686	826
686	902
686	907
686	980
686	984
687	717
687	804
687	873
688	950
689	767
689	847
689	867
689	892
689	904
691	713
691	746
691	863
691	892
691	896
691	917
692	708
693	873
693	886
694	913
694	924
694	973
694	987
694	994
695	739
695	758
695	783
695	801
695	868
695	892
695	968
696	952
696	986
697	699
698	760
698	816
698	846
698	849
699	766
700	959
701	736
701	977
701	985
702	730
703	742
703	848
704	772
704	789
704	797
704	959
705	724
705	735
705	776
705	814
705	835
705	878
705	933
705	962
707	855
707	865
707	871
708	890
709	781
709	974
710	720
710	955
711	829
711	843
711	923
712	718
712	775
712	803
712	819
712	871
712	956
712	981
712	986
713	842
713	863
714	761
714	967
716	721
716	760
716	825
716	839
716	930
718	807
718	873
718	972
720	756
720	801
720	847
720	872
720	874
720	888
720	968
720	993
721	901
722	909
723	807
723	940
724	735
724	763
724	782
724	835
724	907
728	942
728	964
728	979
730	735
730	814
730	912
731	872
731	971
731	993
732	746
732	778
732	854
733	821
734	993
735	941
735	980
736	769
736	793
737	848
737	854
737	870
737	883
737	921
737	956
738	835
738	877
738	994
739	743
739	951
739	978
741	745
741	752
741	785
741	896
741	934
741	981
742	757
742	791
742	792
742	997
743	791
743	942
743	993
745	771
745	902
745	934
745	969
746	796
746	854
746	870
746	885
746	888
746	889
746	990
748	792
748	822
750	758
750	784
750	963
750	984
751	919
752	753
752	762
752	833
752	850
752	962
753	843
753	845
753	926
753	998
756	820
756	959
758	784
758	794
758	842
758	884
758	921
758	978
758	989
759	779
759	814
759	926
759	933
760	846
760	900
761	972
762	809
762	944
763	804
763	891
763	899
763	901
763	902
763	934
763	962
764	776
765	875
765	932
767	781
767	867
767	955
767	984
771	969
772	777
772	851
772	967
773	801
773	839
773	863
773	867
773	888
774	903
775	847
775	866
775	867
775	968
775	993
776	860
776	890
776	899
776	912
777	868
777	978
777	982
777	994
778	849
778	855
778	956
779	877
780	856
781	790
781	874
781	908
781	914
781	972
782	814
782	882
783	826
783	866
783	870
783	871
783	907
784	877
785	846
785	885
785	917
787	873
787	951
787	972
788	895
788	928
788	930
788	982
789	815
789	946
790	841
790	842
790	968
791	807
791	816
791	872
791	993
792	919
792	979
794	830
794	896
795	992
796	825
796	865
796	888
796	930
797	874
797	924
797	987
798	946
800	872
800	961
800	967
801	816
802	835
802	901
803	824
803	867
803	968
804	841
804	867
804	928
807	910
807	986
808	992
809	814
809	909
809	953
810	964
813	849
813	920
814	815
814	846
815	820
815	824
815	830
815	923
815	994
816	968
817	844
817	915
817	952
817	967
817	987
819	859
819	955
820	913
823	924
824	830
824	917
824	932
824	987
825	880
825	904
826	850
826	855
826	960
828	860
828	988
829	843
829	894
829	998
830	875
830	913
830	973
831	879
831	931
833	837
833	884
833	901
834	837
834	845
835	880
835	963
836	845
836	855
836	924
837	913
839	928
839	955
840	857
841	916
841	981
842	866
842	932
842	986
844	894
844	942
845	998
846	862
846	889
846	902
846	962
847	868
847	889
850	963
851	896
852	949
852	955
852	956
853	887
853	944
853	953
854	928
854	981
854	982
855	907
855	926
855	960
856	979
857	936
859	965
862	890
862	917
866	867
866	888
866	889
866	892
867	871
867	938
867	965
868	902
868	914
868	941
868	968
868	984
870	880
870	882
872	911
872	916
872	986
873	886
873	979
874	965
875	951
875	959
876	970
877	891
877	908
877	913
877	952
877	960
877	973
879	936
880	885
880	917
880	980
882	899
883	927
883	954
883	966
884	901
884	960
885	963
885	984
887	958
889	955
890	999
891	998
892	955
893	895
893	954
896	917
898	900
900	980
900	988
901	926
902	912
903	964
904	920
904	956
905	936
908	978
909	944
910	916
910	997
913	958
913	973
914	973
915	951
918	973
919	942
921	981
921	992
922	995
923	926
924	998
925	954
930	934
930	997
932	959
936	985
938	965
938	996
942	971
942	972
943	994
945	997
946	958
947	970
948	974
951	961
955	965
957	975
957	985
965	986
965	993
966	997
967	972
967	973
973	994
980	990
