0	29
0	35
0	124
0	130
0	158
0	452
0	583
0	658
0	669
0	897
0	995
1	252
1	327
1	422
1	790
1	909
1	954
1	989
2	104
2	246
2	467
2	647
2	652
2	679
3	34
3	55
3	56
3	98
3	130
3	171
3	178
3	221
3	268
3	294
3	383
3	385
3	393
3	453
3	473
3	615
3	740
3	777
3	928
4	32
4	62
4	194
4	460
4	514
4	605
4	653
4	677
4	688
4	710
4	792
4	929
5	68
5	76
5	129
5	131
5	230
5	312
5	494
5	533
5	553
5	631
5	649
5	688
5	907
5	921
6	939
7	65
7	436
7	466
7	785
8	70
8	232
8	351
8	362
8	379
8	449
8	457
8	523
8	607
8	609
8	620
8	630
8	643
8	701
8	741
8	766
8	768
8	811
8	854
8	914
8	932
8	940
8	982
8	983
8	990
9	217
9	221
9	243
9	308
9	429
9	452
9	849
10	26
10	270
10	518
10	661
10	742
10	813
10	853
11	248
11	381
11	530
11	627
11	781
11	857
12	145
12	175
12	388
12	447
12	464
12	583
12	604
12	841
12	956
12	974
13	19
13	41
13	152
13	199
13	202
13	221
13	339
13	393
13	977
13	999
15	74
15	626
16	23
16	45
16	113
16	228
16	249
16	321
16	418
16	435
16	520
16	568
16	583
16	585
16	698
16	788
16	888
17	38
17	54
17	142
17	282
17	530
17	627
17	662
17	753
17	871
17	984
18	131
18	171
18	489
18	527
18	544
18	550
18	674
18	675
18	701
18	766
18	801
18	825
18	934
18	977
19	457
19	678
19	780
20	174
20	242
20	361
20	407
20	504
20	555
20	619
20	656
20	718
20	763
20	961
21	101
21	406
22	84
22	292
22	400
22	503
22	641
22	740
22	793
22	835
22	889
22	994
23	91
23	160
23	258
23	278
23	280
23	334
23	463
23	535
23	548
23	609
23	748
23	758
23	781
23	801
23	852
23	955
23	958
23	998
25	700
25	861
26	57
26	94
26	165
26	249
26	553
26	590
26	629
26	667
26	837
26	852
26	962
27	201
27	214
27	281
27	544
27	615
27	744
27	853
27	991
28	103
28	111
28	205
28	315
28	343
28	417
28	677
28	757
28	925
29	44
29	63
29	131
29	235
29	376
29	393
29	418
29	553
29	579
29	583
29	897
29	955
30	128
30	135
30	143
30	183
30	225
30	237
30	282
30	298
30	608
30	662
30	761
31	98
31	99
31	160
31	177
31	232
31	241
31	268
31	376
31	412
31	415
31	437
31	489
31	554
31	727
31	772
31	835
31	977
32	57
32	76
32	239
32	303
32	321
32	368
32	515
32	528
32	545
32	553
32	568
32	772
32	781
32	886
33	360
33	930
34	50
34	118
34	193
34	362
34	454
34	541
34	575
34	600
34	680
34	748
34	810
34	829
34	865
34	932
34	964
34	983
35	189
35	205
35	266
35	291
35	295
35	301
35	457
35	740
35	897
36	117
36	363
36	614
36	893
36	965
38	68
38	125
38	162
38	190
38	209
38	224
38	378
38	467
38	487
38	533
38	633
38	695
38	853
38	907
39	142
39	167
39	298
39	483
39	516
39	627
39	629
39	663
39	772
39	871
39	952
40	208
40	327
40	821
40	825
40	831
40	836
40	865
40	899
41	580
41	584
41	586
41	665
41	766
41	951
41	993
42	94
42	129
42	209
42	248
42	270
42	312
42	320
42	378
42	533
42	661
42	726
42	747
42	857
42	871
43	673
44	194
44	221
44	239
44	292
44	345
44	357
44	533
44	605
44	610
44	679
44	782
44	846
45	219
45	471
45	570
45	685
45	705
45	729
46	218
46	286
46	302
46	313
46	449
46	475
46	642
46	665
46	875
46	892
46	954
47	68
47	88
47	113
47	172
47	258
47	263
47	310
47	411
47	456
47	536
47	622
47	639
47	668
47	680
47	716
47	769
47	870
47	914
47	991
48	441
48	517
48	870
48	964
49	233
49	463
49	618
49	719
50	54
50	128
50	129
50	139
50	181
50	289
50	404
50	521
50	587
50	720
50	754
51	78
51	124
51	131
51	181
51	199
51	213
51	228
51	268
51	296
51	301
51	354
51	492
51	528
51	550
51	645
51	671
51	739
51	856
51	923
52	110
52	180
52	547
52	636
52	640
52	770
52	798
52	951
52	983
52	987
53	87
53	220
53	258
53	281
53	365
53	842
53	921
54	139
54	144
54	350
54	393
54	424
54	480
54	528
54	641
54	676
54	784
54	817
54	835
54	911
54	923
55	221
55	245
55	417
55	426
55	471
55	551
55	619
55	638
55	889
56	134
56	139
56	228
56	268
56	306
56	366
56	390
56	477
56	492
56	713
56	727
56	779
56	814
56	917
56	982
57	115
57	135
57	239
57	289
57	330
57	410
57	518
57	553
57	661
57	712
57	747
57	813
57	901
57	952
58	99
58	172
58	336
58	397
58	403
58	517
58	536
58	555
58	591
58	613
58	654
58	718
58	730
59	159
59	198
59	262
59	384
59	564
59	885
59	952
60	74
60	197
60	584
61	180
61	208
61	557
61	575
61	684
61	865
61	950
62	108
62	128
62	335
62	679
62	806
62	888
62	905
63	76
63	179
63	228
63	273
63	314
63	368
63	577
63	595
63	639
63	650
63	848
63	900
63	922
63	940
63	998
64	86
64	438
64	537
65	159
65	186
65	333
65	370
65	690
66	666
67	302
67	380
67	865
67	892
67	963
68	289
68	510
68	517
68	521
68	594
68	609
68	619
68	702
68	943
69	70
69	88
69	261
69	331
69	346
69	562
69	569
69	623
69	670
69	821
69	868
69	951
69	954
69	991
70	263
70	348
70	356
70	396
70	415
70	443
70	489
70	497
70	554
70	557
70	582
70	620
70	630
70	674
70	680
70	864
71	121
71	136
71	291
71	309
71	371
71	447
71	457
71	499
71	644
71	724
71	828
71	858
71	887
72	83
72	254
72	365
73	163
73	192
73	420
73	689
73	712
74	284
74	491
74	499
74	589
74	750
75	94
75	236
75	259
75	262
75	270
75	816
75	871
75	897
76	188
76	300
76	334
76	482
76	515
76	577
76	613
76	684
76	720
76	842
76	894
76	921
76	943
77	122
78	105
78	150
78	481
78	644
78	723
78	896
78	976
79	121
79	132
79	707
79	782
79	826
79	962
80	282
80	321
80	460
80	464
80	539
80	662
80	753
80	823
80	850
80	907
80	918
80	984
81	202
81	363
81	793
82	313
82	443
82	444
82	449
82	580
82	642
82	803
82	865
82	928
82	942
82	996
83	169
83	182
84	107
84	130
84	257
84	383
84	449
84	563
84	642
84	671
84	717
84	917
84	933
85	466
85	552
85	593
85	869
86	589
87	113
87	369
87	468
87	763
87	831
87	833
88	186
88	199
88	286
88	362
88	415
88	554
88	560
88	619
88	630
88	670
88	671
88	799
88	810
88	914
88	920
88	983
89	93
89	436
89	468
89	939
91	209
91	334
91	555
91	596
91	629
91	650
91	847
92	127
93	297
93	361
93	567
93	769
93	822
93	824
93	922
93	950
94	125
94	160
94	525
94	627
94	871
94	910
94	930
95	223
96	428
96	619
96	668
96	692
96	709
96	716
96	769
96	842
96	920
96	948
97	161
97	359
97	462
97	527
97	586
97	589
97	597
97	717
97	738
97	975
98	102
98	258
98	291
98	339
98	374
98	385
98	412
98	415
98	442
98	699
99	113
99	174
99	278
99	286
99	289
99	428
99	566
99	620
99	630
99	640
99	643
99	708
99	886
99	962
99	990
99	991
99	998
100	132
100	292
100	418
100	426
100	714
101	256
102	562
102	865
102	912
102	934
103	226
103	418
103	426
103	429
103	430
104	162
104	820
105	124
105	181
105	314
105	366
105	393
105	464
105	515
105	531
105	589
105	664
105	669
105	707
105	848
105	896
105	978
106	171
106	245
106	733
106	746
107	200
107	251
107	303
107	447
107	449
107	450
107	492
107	510
107	550
107	589
107	607
107	658
107	671
107	699
107	708
107	772
107	821
107	898
107	954
107	977
108	111
108	256
108	420
108	578
108	806
109	195
109	399
109	422
109	444
109	446
109	511
109	522
109	637
109	683
109	691
109	827
109	862
109	954
109	963
109	999
110	179
110	222
110	232
110	262
110	454
110	457
110	639
110	708
110	781
110	894
111	204
111	677
111	732
111	874
111	905
112	246
112	360
112	420
112	652
112	760
112	767
113	258
113	316
113	620
113	639
113	674
113	676
113	693
113	868
113	929
113	993
114	156
114	168
114	300
114	350
114	477
115	129
115	349
115	392
115	487
115	518
115	535
115	747
116	174
116	184
116	392
116	555
116	573
117	765
118	123
118	263
118	331
118	377
118	411
118	419
118	454
118	547
118	549
118	609
118	615
118	771
118	809
118	829
118	838
119	138
119	152
119	188
119	216
119	362
119	412
119	569
119	582
119	599
119	630
119	676
119	759
119	769
119	770
119	801
119	825
120	686
121	136
121	269
121	291
121	393
121	523
121	658
121	733
121	740
121	888
121	902
122	271
122	284
123	128
123	178
123	286
123	342
123	353
123	377
123	620
123	623
123	643
123	693
123	775
123	795
123	825
124	133
124	345
124	418
124	424
124	639
124	733
124	856
124	896
124	983
125	135
125	166
125	395
125	544
125	591
125	758
126	142
126	194
126	196
126	235
126	241
126	314
126	389
126	418
126	530
126	538
126	786
126	804
126	826
126	888
126	923
126	962
126	995
127	233
127	341
127	814
128	134
128	144
128	183
128	222
128	303
128	306
128	435
128	641
128	662
128	739
128	761
128	789
129	151
129	201
129	226
129	262
129	340
129	469
129	591
130	152
130	171
130	288
130	311
130	332
130	527
130	701
130	775
130	836
130	887
130	977
131	142
131	150
131	151
131	160
131	239
131	321
131	410
131	520
131	528
131	759
131	823
131	850
131	902
131	927
132	146
132	296
132	408
132	461
132	490
132	782
132	929
133	160
133	222
133	268
133	437
133	473
133	478
133	645
133	676
133	716
133	772
133	777
133	868
133	888
133	921
133	940
134	144
134	216
134	342
134	381
134	401
134	404
134	415
134	698
134	727
134	759
134	848
134	978
134	993
135	166
135	239
135	298
135	368
135	461
135	515
135	521
135	553
135	568
135	747
135	758
135	959
135	979
136	285
136	417
136	482
136	604
136	658
136	779
136	873
137	159
138	180
138	250
138	316
138	327
138	362
138	377
138	383
138	443
138	549
138	554
138	829
138	859
138	954
138	990
139	258
139	398
139	528
139	662
139	698
139	727
139	799
139	800
139	812
139	823
139	868
139	872
139	908
140	270
140	312
140	360
140	451
140	857
140	871
141	174
141	299
141	361
141	407
141	543
141	567
141	769
141	808
142	187
142	579
142	804
142	877
143	196
143	320
143	732
143	800
143	819
143	823
143	997
144	289
144	314
144	368
144	378
144	410
144	566
144	609
144	772
144	788
144	900
144	902
144	927
145	205
145	383
145	714
145	757
146	539
146	677
146	733
146	883
147	429
147	495
147	701
147	791
148	802
148	828
148	956
150	175
150	371
150	453
150	478
150	481
150	549
150	678
150	775
150	835
150	846
150	858
150	896
151	209
151	225
151	330
151	591
151	608
151	612
151	726
151	819
151	853
151	907
151	952
152	161
152	313
152	411
152	560
152	569
152	875
153	217
153	257
153	266
153	390
153	480
153	481
153	641
153	644
153	749
153	873
153	896
154	290
155	317
155	352
155	387
155	403
155	513
155	573
155	722
155	957
155	969
156	177
156	291
156	292
156	321
156	755
156	804
156	823
156	840
156	936
157	237
157	282
157	357
157	647
157	669
157	804
157	850
158	163
158	177
158	228
158	256
158	292
158	538
158	546
158	641
158	733
158	908
159	880
160	209
160	289
160	389
160	396
160	630
160	669
160	702
160	777
160	837
160	908
160	958
161	233
161	586
161	719
161	862
161	963
163	308
163	672
163	729
163	800
164	193
164	319
164	329
164	410
164	472
164	536
164	769
164	904
164	932
165	176
165	310
165	334
165	384
165	395
165	409
166	239
166	293
166	334
166	348
166	437
166	907
166	923
167	224
167	242
167	518
167	553
167	577
167	667
167	690
168	295
168	308
168	911
168	917
168	959
168	986
168	994
169	703
171	457
171	477
171	598
171	772
171	835
171	868
171	992
172	208
172	255
172	310
172	324
172	327
172	392
172	440
172	575
172	659
172	692
172	768
172	904
172	987
173	603
174	190
174	242
174	370
174	554
174	690
174	895
174	944
175	291
175	306
175	325
175	415
175	713
175	727
175	974
176	207
176	299
176	704
176	940
176	948
177	189
177	266
177	292
177	372
177	437
177	492
177	531
177	669
177	698
177	720
177	721
177	784
177	786
177	911
177	995
178	228
178	339
178	353
178	457
178	548
178	612
178	671
178	801
178	802
178	812
178	829
178	864
179	216
179	229
179	283
179	371
179	393
179	412
179	419
179	452
179	491
179	657
179	916
180	188
180	367
180	411
180	734
180	833
180	838
180	854
180	940
181	345
181	389
181	544
181	546
181	710
181	720
181	748
181	921
182	231
182	318
182	448
182	542
183	259
183	262
183	312
183	627
183	818
183	984
184	361
184	370
184	487
184	516
184	611
184	878
185	195
185	592
185	778
186	521
186	533
186	595
186	596
186	612
186	781
186	869
186	917
186	922
186	952
187	236
187	239
187	395
187	871
187	943
187	944
188	356
188	566
188	619
188	668
188	769
188	771
188	824
188	870
188	920
188	958
189	491
189	509
189	679
189	698
189	777
189	832
189	846
190	293
190	299
190	397
190	524
190	535
190	555
190	564
190	587
190	744
190	758
190	781
190	842
191	209
191	236
191	373
191	381
191	404
191	553
191	568
191	760
191	819
191	941
192	971
193	250
193	261
193	273
193	310
193	427
193	472
193	545
193	547
193	599
193	640
193	643
193	693
193	701
193	797
193	870
193	996
194	357
194	530
194	539
194	546
194	653
194	782
194	883
194	902
194	918
194	959
195	438
195	522
195	942
196	509
196	535
196	590
196	747
196	782
196	792
196	818
196	850
196	990
197	274
197	359
197	444
197	522
197	574
197	750
197	919
197	951
198	567
198	636
198	709
198	808
199	245
199	288
199	353
199	366
199	492
199	582
199	598
199	675
199	698
199	798
199	799
199	889
199	940
200	353
200	366
200	402
200	442
200	561
200	651
200	825
201	224
201	270
201	381
201	533
201	585
201	606
201	813
202	294
202	412
202	691
202	919
202	956
202	975
203	252
203	297
203	334
203	468
203	573
203	576
204	294
204	366
204	398
204	426
204	473
204	503
204	605
204	658
204	800
204	823
204	846
204	873
205	429
205	484
205	755
205	949
205	994
206	696
207	318
207	411
207	555
207	654
207	787
208	600
208	885
208	947
208	951
209	330
209	381
209	515
209	525
209	553
209	901
210	224
210	333
210	436
210	470
210	612
210	649
210	667
210	690
210	877
210	926
211	442
211	456
211	460
211	531
211	577
211	688
211	788
211	848
211	850
211	954
211	962
212	787
212	833
213	614
214	224
214	456
214	583
214	595
214	629
214	781
214	842
214	922
215	843
215	875
216	464
216	492
216	531
216	657
216	670
216	710
216	720
216	784
216	786
216	810
216	812
216	842
216	848
216	870
216	916
216	940
216	958
216	990
216	998
217	238
217	266
217	418
217	514
217	713
217	724
218	252
218	374
218	380
218	450
218	723
218	756
218	765
218	776
218	809
218	829
218	963
219	418
220	254
220	299
220	338
220	365
220	392
220	512
220	541
220	569
220	607
220	619
221	235
221	286
221	294
221	295
221	306
221	307
221	385
221	782
221	846
222	232
222	401
222	544
222	576
222	583
222	761
222	775
222	794
222	817
222	842
223	474
223	564
223	606
223	880
224	230
224	330
224	373
224	515
224	596
224	847
224	869
224	922
225	237
225	404
225	568
225	883
225	997
226	256
226	300
226	473
226	806
226	883
226	906
228	393
228	435
228	456
228	463
228	478
228	528
228	638
228	645
228	676
228	710
228	727
228	777
228	799
228	896
228	897
228	995
229	949
230	264
230	487
230	525
230	585
230	629
230	697
230	728
230	877
230	880
231	367
232	280
232	334
232	356
232	393
232	437
232	549
232	557
232	569
232	599
232	630
232	680
232	699
232	801
232	980
232	983
233	444
233	972
234	255
234	559
234	607
234	737
234	935
234	972
234	973
235	321
235	464
235	662
235	772
235	908
235	918
235	984
236	259
236	330
236	349
236	368
236	373
236	744
236	781
236	813
236	819
236	871
236	877
236	922
237	804
237	915
238	751
238	905
239	583
239	596
239	627
239	710
239	853
239	924
240	431
240	567
240	576
241	285
241	366
241	385
241	449
241	476
241	499
241	575
241	579
241	582
241	701
241	835
241	977
242	273
242	397
242	440
242	504
242	536
242	703
243	266
243	418
243	430
243	484
243	677
243	812
243	959
245	450
245	457
245	480
245	482
245	607
245	812
245	845
245	864
245	917
245	980
246	432
246	647
246	767
248	270
248	298
248	596
248	742
248	747
248	813
248	819
249	269
249	291
249	321
249	345
249	376
249	439
249	587
249	645
249	664
249	678
249	970
250	261
250	319
250	348
250	472
250	562
250	619
250	640
250	844
251	252
251	313
251	355
251	375
251	444
251	453
251	511
251	561
251	765
251	766
251	865
251	928
252	405
252	502
252	592
252	764
252	862
252	963
253	364
253	382
253	722
254	512
254	764
254	904
255	282
255	331
255	358
255	419
255	478
255	547
255	560
255	575
255	616
255	659
255	671
255	843
255	912
255	947
256	308
256	482
256	490
256	514
256	557
256	712
256	714
256	733
256	757
256	804
256	902
257	418
257	426
257	605
257	994
258	280
258	401
258	415
258	437
258	442
258	489
258	639
258	759
258	810
258	811
258	821
258	955
258	992
259	298
259	421
259	487
259	608
259	633
259	728
259	852
259	857
259	877
259	888
260	397
260	649
261	310
261	443
261	682
261	693
261	770
261	811
261	833
261	838
261	843
261	913
261	932
262	591
262	629
262	633
262	693
263	278
263	327
263	376
263	401
263	435
263	594
263	615
263	619
263	645
263	708
263	716
263	786
263	789
263	825
263	886
263	955
263	993
264	360
264	421
264	451
264	585
264	877
265	346
265	575
265	778
265	948
265	951
265	954
266	306
266	315
266	357
266	546
266	579
266	652
266	733
266	782
266	902
266	920
268	345
268	439
268	457
268	835
268	841
268	856
269	345
269	484
269	679
269	680
269	823
269	929
270	395
270	484
270	631
270	633
271	488
271	505
272	313
272	618
273	358
273	365
273	409
273	548
273	613
273	668
273	682
273	693
273	807
273	844
273	847
273	932
273	955
274	502
274	665
274	803
274	899
275	394
276	567
276	822
276	895
277	949
277	967
278	316
278	356
278	538
278	547
278	595
278	599
278	651
278	771
278	810
278	845
278	900
278	982
279	367
279	448
279	575
279	764
279	885
280	381
280	469
280	515
280	577
280	583
280	674
280	727
280	788
280	794
280	886
280	900
280	910
280	914
280	962
281	456
281	469
281	535
281	682
281	748
281	769
281	794
281	847
281	901
281	943
281	947
281	964
282	401
282	473
282	507
282	579
282	669
282	742
282	786
282	826
282	857
282	923
282	924
283	291
283	301
283	306
283	424
283	426
283	439
283	447
283	546
283	757
283	849
283	986
283	995
284	359
284	476
285	301
285	426
285	471
285	714
285	873
285	959
285	985
286	449
286	569
286	586
286	683
286	699
286	756
286	801
286	932
286	966
288	476
288	508
288	574
288	858
288	977
289	298
289	314
289	321
289	348
289	435
289	515
289	568
289	587
289	748
289	779
289	900
289	922
290	819
291	371
291	393
291	604
291	812
291	832
291	846
291	856
291	896
291	986
292	306
292	311
292	350
292	452
292	538
292	546
292	662
292	936
292	999
293	395
293	712
293	761
293	804
293	853
294	301
294	437
294	499
294	583
294	733
294	799
294	848
294	856
294	913
294	970
295	393
295	426
295	439
295	463
295	733
295	759
295	796
295	805
295	835
295	846
295	975
296	484
296	490
296	503
296	931
297	431
297	436
297	939
298	641
298	753
298	819
298	910
298	937
298	941
299	403
299	440
299	567
299	643
299	668
299	718
300	905
300	984
301	491
301	494
301	528
301	530
301	662
301	688
301	698
301	755
301	757
302	331
302	446
302	489
302	589
302	774
302	777
302	809
302	881
302	992
303	340
303	396
303	401
303	531
303	539
303	852
303	871
303	894
303	908
303	914
304	359
304	502
304	759
304	881
304	972
305	352
305	496
306	335
306	350
306	390
306	412
306	418
306	604
306	751
306	757
306	823
307	412
307	415
307	449
307	574
307	586
307	765
308	503
308	662
308	931
309	385
309	400
309	430
309	841
309	956
310	472
310	504
310	547
310	562
310	615
310	648
310	768
310	844
310	868
311	402
311	644
311	740
311	860
311	933
312	470
312	518
312	533
312	742
312	747
312	857
312	869
312	962
312	984
313	332
313	453
313	622
313	683
313	825
313	945
314	315
314	333
314	404
314	509
314	568
314	577
314	620
314	640
314	701
314	720
314	784
314	995
315	357
315	484
315	579
315	598
315	662
315	705
315	714
315	755
315	817
315	936
316	327
316	379
316	472
316	844
316	860
316	954
318	448
318	957
319	407
319	516
319	536
319	545
319	613
319	650
319	668
319	787
319	808
319	992
320	907
320	924
320	941
321	357
321	520
321	560
321	653
321	670
321	710
321	850
321	902
321	929
321	958
321	984
322	407
323	695
324	403
324	407
324	504
324	808
324	833
324	987
325	335
325	390
325	417
325	430
325	746
325	976
326	968
327	369
327	427
327	504
327	560
327	758
327	768
327	854
327	875
327	892
327	928
328	353
328	356
328	377
328	454
328	463
328	587
328	643
328	645
328	648
328	670
328	680
328	682
328	810
328	811
328	829
328	914
328	983
329	351
329	353
329	640
329	810
329	862
329	916
329	932
329	951
330	348
330	494
330	517
330	535
331	405
331	475
331	572
331	598
331	776
331	865
331	913
331	933
331	989
332	385
332	492
332	508
332	574
332	626
332	832
332	917
332	933
333	396
333	494
333	533
333	567
333	690
333	816
333	922
334	428
334	548
334	758
334	844
334	907
334	943
334	944
334	955
335	400
335	495
335	602
335	749
336	443
336	455
336	547
336	659
336	787
336	913
336	973
338	395
338	518
338	663
339	377
339	439
339	595
339	750
339	801
339	856
339	921
340	401
340	421
340	470
340	577
340	667
340	670
340	853
341	399
341	537
342	351
342	356
342	366
342	393
342	427
342	456
342	615
342	619
342	620
342	626
342	708
342	733
342	766
342	779
342	810
342	835
342	865
342	993
342	999
343	570
343	931
343	968
344	498
344	753
344	888
345	437
345	551
345	608
345	698
345	782
345	826
345	897
345	902
346	599
346	754
346	865
346	892
347	505
347	840
347	967
348	384
348	469
348	475
348	545
348	664
348	769
348	900
348	958
349	393
349	530
349	639
349	781
349	813
349	818
349	819
349	903
349	922
350	390
350	398
350	412
350	424
350	430
350	442
350	473
350	708
350	755
350	777
350	846
351	457
351	639
351	727
351	766
351	795
351	821
351	825
351	862
351	887
352	632
353	478
353	623
353	671
353	683
353	691
353	699
353	754
353	756
353	775
353	777
353	825
353	845
353	917
353	920
353	993
354	687
354	700
354	861
354	985
356	362
356	472
356	489
356	510
356	520
356	640
356	651
356	657
356	676
356	701
356	748
356	799
356	845
356	898
356	955
356	982
357	437
357	590
357	610
357	755
357	817
357	874
357	905
357	918
357	924
357	995
358	547
358	554
358	575
358	600
358	833
359	660
359	719
360	534
360	695
360	857
360	891
361	394
361	625
361	646
361	667
361	684
361	718
361	822
362	547
362	575
362	594
362	842
362	904
362	950
363	447
363	462
363	602
364	441
364	573
364	769
364	808
364	824
365	554
365	670
365	948
366	523
366	660
366	701
366	716
366	765
366	766
367	989
368	404
368	579
368	639
368	730
368	748
368	894
368	907
368	958
369	764
370	552
370	629
370	664
370	690
370	816
370	822
370	901
370	944
370	969
371	551
371	604
371	622
371	733
371	746
371	780
371	889
372	464
372	482
372	638
372	641
372	676
372	850
372	911
372	918
372	927
372	980
373	487
373	501
373	633
373	760
373	800
373	816
373	819
374	511
374	562
374	592
374	875
375	462
375	956
376	396
376	478
376	548
376	587
376	630
376	794
376	808
376	821
376	852
376	859
376	870
376	958
377	389
377	439
377	442
377	443
377	562
377	615
377	683
377	734
377	754
377	838
377	859
377	916
377	928
377	933
377	943
378	389
378	410
378	483
378	608
378	837
378	842
378	894
378	924
378	984
379	483
379	562
379	734
379	809
379	833
379	942
380	444
380	560
380	811
380	996
381	410
381	518
381	553
381	590
381	596
381	747
381	871
381	901
381	907
381	997
382	391
382	722
383	388
383	462
383	580
383	642
383	929
384	487
384	518
384	596
384	661
384	895
385	415
385	549
385	622
385	674
385	832
385	858
386	899
388	708
388	733
388	835
388	970
389	401
389	670
389	676
389	682
389	701
389	716
389	777
389	812
389	868
389	912
390	430
390	499
390	604
390	925
390	929
390	994
392	555
392	730
392	843
392	922
393	610
393	768
393	835
393	933
394	878
395	535
395	585
395	663
395	724
395	907
396	410
396	671
396	693
396	716
396	720
396	808
396	900
396	943
396	958
396	964
397	882
398	546
398	713
398	746
398	780
398	936
399	422
399	719
400	746
400	835
400	974
401	492
401	559
401	568
401	648
401	657
401	701
401	759
401	779
401	810
401	978
401	982
402	475
402	549
402	737
402	889
403	441
403	595
403	613
403	657
403	833
404	608
404	886
404	907
404	935
404	962
405	519
405	637
405	803
405	814
406	736
407	411
407	441
407	613
407	709
407	718
407	807
407	824
407	944
408	520
408	757
408	896
408	998
409	516
409	646
409	807
409	822
409	824
409	900
409	927
409	955
410	553
410	710
410	914
410	990
411	475
411	562
411	859
411	948
412	423
412	738
412	765
412	836
412	977
413	687
414	725
415	615
415	641
415	674
415	682
415	832
415	914
416	500
416	636
416	758
416	787
417	757
417	986
418	430
418	452
418	598
418	605
418	610
418	679
418	713
418	852
418	872
419	463
419	569
419	587
419	720
419	741
419	768
419	811
419	875
419	904
419	943
419	948
419	982
420	490
420	534
420	706
420	903
421	470
421	487
421	518
421	742
421	821
421	869
421	907
422	522
422	814
423	471
423	724
423	836
424	439
424	477
424	491
424	528
424	544
424	872
424	915
426	477
426	484
426	551
426	605
426	658
426	755
426	929
426	959
427	443
427	912
427	935
428	567
428	619
428	995
429	570
429	705
429	729
429	804
430	471
430	602
430	644
430	705
430	727
430	733
430	849
430	873
431	554
432	767
433	563
433	574
433	580
433	999
434	468
434	543
434	573
434	947
435	528
435	544
435	786
435	800
435	868
435	894
435	903
435	927
435	964
437	531
437	538
437	582
437	648
437	771
437	868
437	941
437	959
438	522
438	665
438	678
438	945
438	972
439	473
439	551
439	872
439	894
439	994
440	654
440	709
440	904
441	576
441	961
442	457
442	492
442	549
442	550
442	559
442	594
442	639
442	739
442	873
442	916
442	943
443	569
443	651
443	734
443	764
443	797
443	801
443	841
443	858
443	912
444	511
444	655
444	875
444	904
444	951
446	522
446	592
446	601
446	637
447	462
447	584
447	644
447	740
449	511
449	675
449	801
449	810
449	886
449	912
449	933
449	951
450	511
450	607
450	637
450	940
450	954
451	853
452	491
452	546
452	641
452	713
452	836
452	923
452	986
453	828
454	566
454	619
454	651
454	684
454	734
454	904
454	958
455	764
456	482
456	531
456	566
456	582
456	594
456	619
456	676
456	810
456	829
456	852
456	908
456	927
457	544
457	549
457	641
457	671
457	675
457	777
457	821
457	889
457	980
458	488
458	604
459	622
459	680
460	539
460	610
460	758
460	812
460	871
460	888
460	923
461	591
461	712
461	760
462	537
462	802
462	919
462	976
463	547
463	559
463	668
463	674
463	676
463	684
463	692
463	693
463	770
463	801
463	829
463	864
463	886
463	900
463	916
463	982
463	993
464	546
464	698
464	739
464	759
464	794
464	817
464	894
465	988
466	852
467	689
467	721
467	732
467	745
467	910
468	576
468	632
468	882
469	576
469	664
469	758
469	898
470	525
470	548
470	564
470	593
470	596
470	612
470	629
470	649
470	816
470	952
471	514
471	604
471	605
471	840
471	849
472	547
472	692
472	768
472	787
472	898
472	913
472	947
472	955
473	707
473	733
473	755
473	872
475	550
475	569
475	789
475	838
475	875
475	904
475	912
475	942
475	987
475	996
476	584
476	828
477	528
477	653
477	698
477	786
477	812
477	994
478	577
478	586
478	676
478	779
478	825
478	868
478	943
478	983
480	491
480	492
480	499
480	598
480	674
480	733
480	759
480	775
480	794
480	812
481	514
482	490
482	610
482	755
482	782
482	812
482	826
482	995
483	667
483	689
483	747
483	813
483	891
484	755
484	883
484	888
484	936
485	498
485	529
486	969
487	568
487	826
487	853
487	921
489	607
489	642
489	671
489	693
489	701
489	754
489	794
489	841
489	998
490	755
490	883
490	902
491	549
491	610
491	641
491	723
491	772
492	620
492	829
492	900
492	940
493	843
494	548
494	552
494	612
494	619
494	739
494	816
494	833
494	907
494	944
495	604
495	705
495	749
495	751
496	831
497	560
497	600
497	798
497	865
497	898
497	951
497	966
498	826
499	549
499	678
499	733
499	775
499	802
499	832
499	974
500	770
500	867
501	524
501	555
502	637
502	719
502	814
502	899
503	724
503	873
503	874
503	986
503	994
504	616
504	682
505	968
507	579
507	866
508	586
508	673
508	772
508	828
509	538
509	748
509	857
509	915
509	971
510	619
510	650
510	748
510	759
510	833
510	844
510	914
510	920
510	921
510	948
510	982
510	990
511	592
511	643
511	665
511	708
511	766
511	892
511	934
511	945
511	999
512	885
513	636
513	703
513	855
514	578
514	662
514	817
514	994
515	716
515	788
516	567
516	612
516	646
516	718
516	878
516	895
517	650
518	524
518	650
518	661
518	871
518	944
520	528
520	568
520	640
520	667
520	710
520	826
520	835
520	908
521	718
521	922
522	665
522	803
522	899
523	881
524	895
525	871
525	901
526	564
527	563
528	657
528	675
528	676
528	716
528	779
528	894
528	900
528	970
528	978
528	983
530	627
530	823
530	888
530	905
531	676
531	716
531	739
531	788
531	811
531	837
531	847
531	907
531	980
533	564
533	596
533	795
534	930
535	545
535	629
535	794
535	811
535	901
535	942
536	560
536	569
536	600
536	609
536	650
536	741
536	787
536	795
536	844
537	563
538	551
538	605
538	662
538	745
538	785
538	799
538	864
538	914
539	688
539	713
539	717
539	743
539	896
540	722
541	545
541	609
541	704
541	943
541	955
541	958
541	991
542	797
543	576
543	758
543	808
544	598
544	683
544	698
544	701
544	739
544	845
544	886
544	892
544	921
544	940
544	983
544	990
544	993
545	615
545	692
545	709
545	869
546	732
546	936
546	985
547	620
547	829
547	987
548	575
548	582
548	663
548	709
548	744
548	923
549	701
549	801
549	841
550	569
550	620
550	642
550	683
550	766
550	920
550	976
551	641
551	805
551	896
552	663
552	747
552	880
553	747
553	943
554	651
554	693
554	769
554	920
554	987
555	619
555	650
555	769
555	808
557	595
557	623
557	639
557	683
557	699
557	734
557	844
557	848
557	913
557	916
557	940
557	982
559	594
559	640
559	657
559	701
559	702
559	716
559	821
559	825
559	829
559	848
559	904
559	920
560	811
560	859
560	865
560	875
560	912
560	942
560	987
561	774
561	827
561	928
562	600
562	650
562	717
562	754
562	913
563	638
563	889
564	744
564	816
564	922
566	620
566	639
566	648
566	674
566	727
566	770
566	772
566	801
566	837
566	866
566	964
566	991
567	587
567	682
567	709
567	744
567	807
567	847
567	922
567	950
568	661
568	894
568	901
568	918
568	921
568	923
569	572
569	680
569	754
569	854
569	875
569	912
569	920
570	685
570	806
572	809
572	860
572	912
573	957
575	587
575	599
575	659
575	932
575	948
575	954
575	992
576	646
577	630
577	724
577	726
577	768
577	777
577	835
577	850
577	854
577	868
577	888
577	897
577	991
578	610
578	874
578	985
579	693
579	788
579	800
579	848
580	825
580	933
582	639
582	645
582	648
582	771
582	848
582	854
582	908
582	932
582	983
583	595
583	739
583	755
583	775
583	779
583	799
583	804
583	842
583	933
584	614
584	660
584	887
584	974
585	661
585	697
585	877
586	737
586	934
586	945
587	682
587	837
587	865
587	920
587	950
589	597
589	655
589	673
589	862
589	977
589	988
590	689
590	853
590	866
590	915
590	962
591	629
594	741
594	766
594	772
594	779
594	821
594	870
595	648
595	670
595	676
595	720
595	838
595	886
595	900
595	921
595	950
595	998
596	667
596	927
597	666
597	711
598	680
598	727
598	777
598	835
598	896
598	994
599	651
599	683
599	698
599	810
599	835
599	845
599	854
599	887
599	898
600	838
601	913
603	797
603	951
604	707
604	925
605	610
605	755
605	929
606	667
607	892
607	934
608	707
608	866
608	874
608	970
609	619
609	670
609	768
609	809
609	829
609	913
610	658
610	688
610	836
610	897
610	997
611	851
612	785
612	824
612	853
612	952
613	692
613	795
613	808
614	765
614	832
614	974
615	630
615	640
615	657
615	674
615	683
615	727
615	768
615	770
615	801
615	810
615	904
615	982
616	843
616	973
619	664
619	684
619	692
619	758
619	781
619	898
619	914
619	948
620	630
620	645
620	674
620	759
620	811
620	845
620	854
620	921
620	935
620	993
622	639
622	643
622	660
622	693
622	812
622	977
623	683
623	699
623	754
623	801
623	859
623	876
623	934
623	945
625	957
627	761
627	819
627	823
627	924
628	867
628	884
629	646
629	744
629	819
630	699
630	717
630	886
630	916
630	932
631	817
631	906
632	656
632	807
633	744
633	747
633	761
633	907
636	668
636	692
636	955
637	860
637	912
637	963
638	726
638	766
638	902
639	648
639	671
639	708
639	777
639	794
639	799
639	864
639	898
639	917
640	676
640	741
640	838
640	854
640	948
641	657
641	840
642	717
642	838
642	976
643	670
643	671
643	699
643	734
643	770
643	809
643	825
643	845
643	942
643	970
644	727
644	750
644	858
645	648
645	676
645	699
645	727
645	983
646	831
646	902
647	930
648	662
648	755
648	772
648	821
648	835
648	897
649	728
649	839
650	659
650	682
650	708
650	730
650	758
650	770
650	781
650	838
650	868
650	920
651	664
651	734
651	845
651	859
651	865
651	916
651	935
651	942
651	982
652	672
652	706
652	830
652	923
653	658
653	712
653	743
653	823
653	959
653	962
654	831
655	793
655	963
655	972
657	708
657	739
657	868
658	678
658	755
659	681
659	765
660	919
661	695
661	712
661	728
661	869
662	789
662	800
662	832
662	900
662	927
662	941
662	998
663	728
664	684
664	702
664	708
664	857
664	943
665	860
667	853
667	907
667	910
667	952
667	995
668	682
668	704
668	859
668	987
669	698
669	745
669	826
669	888
669	897
669	923
670	684
670	693
670	837
670	870
670	886
670	921
670	942
670	958
670	987
671	674
671	699
671	717
671	741
672	762
673	780
674	789
674	799
674	810
674	916
674	940
674	955
674	958
674	980
674	983
675	772
675	799
675	887
675	970
676	727
676	759
676	940
676	978
677	745
677	804
677	806
677	883
678	784
679	806
679	874
680	701
680	825
680	950
681	815
682	739
682	897
682	900
682	964
683	829
683	865
683	934
683	982
684	716
684	748
684	768
684	771
684	810
684	904
684	940
684	943
684	964
684	983
687	700
687	806
687	906
688	707
688	713
688	846
689	712
689	830
689	903
691	719
691	756
691	841
691	933
691	942
692	709
692	807
692	943
692	958
693	716
693	727
693	810
693	886
693	920
693	932
693	943
694	965
697	742
697	785
697	810
697	853
697	877
698	708
698	811
698	813
698	929
698	941
699	886
699	987
699	993
700	883
701	708
701	772
701	825
701	898
702	743
702	868
702	914
702	943
702	950
704	758
704	795
704	961
706	930
707	872
707	883
707	897
708	793
708	835
708	842
708	961
708	977
708	978
709	795
710	777
710	837
710	891
710	936
710	962
710	991
711	735
712	903
712	910
712	937
713	733
713	800
714	849
714	978
716	770
716	775
716	788
716	811
716	886
716	887
716	888
716	904
716	928
716	945
716	970
717	723
717	837
717	848
717	864
717	887
718	744
719	738
720	744
720	771
720	786
721	755
721	830
721	903
723	750
723	832
723	841
723	887
723	889
723	919
723	977
724	796
726	761
726	857
727	759
727	789
727	812
727	838
727	845
728	747
728	857
728	926
728	948
729	985
730	973
732	792
732	804
732	826
732	908
732	959
733	846
733	864
733	936
734	748
734	754
734	904
736	949
737	928
737	999
739	897
739	908
739	998
740	812
741	798
741	875
744	944
745	782
745	888
746	757
746	889
746	965
747	857
747	927
747	941
747	952
748	952
748	993
748	998
750	933
753	866
753	927
754	789
754	838
754	898
754	913
754	917
754	934
754	935
755	835
755	977
756	821
756	825
757	873
758	808
758	852
758	964
759	914
759	921
759	980
761	818
762	830
763	808
764	833
764	885
764	973
767	806
768	772
768	821
768	829
768	886
768	947
768	955
768	982
768	991
769	822
769	833
769	838
769	842
769	920
769	955
770	797
770	859
770	904
771	819
771	947
771	950
772	777
772	864
772	894
772	908
772	917
772	993
774	776
774	790
774	942
774	972
775	856
777	847
777	927
777	980
779	788
779	921
779	964
779	970
780	802
780	812
780	925
780	986
781	927
781	958
782	804
782	923
783	881
784	788
784	902
784	908
784	995
785	822
785	829
786	800
786	817
786	941
786	995
787	843
787	904
787	947
787	987
787	989
788	841
788	921
788	970
789	798
789	845
789	917
789	940
789	983
791	967
792	818
793	976
794	799
794	991
797	920
797	989
798	809
798	825
798	865
798	942
799	909
799	933
799	980
800	872
800	952
801	825
801	983
801	992
803	827
803	992
804	850
804	861
804	897
804	984
806	902
809	875
809	932
809	954
809	992
810	875
810	885
810	983
810	990
810	993
811	886
811	894
811	932
812	858
812	995
813	900
813	907
813	910
813	940
813	952
814	860
814	988
815	960
816	950
817	888
817	918
817	962
817	995
819	910
819	922
821	856
821	934
821	993
822	944
822	984
824	882
826	894
826	902
826	962
827	860
827	890
829	838
829	859
829	900
832	841
832	848
832	889
833	912
833	973
833	987
834	863
834	915
835	864
835	923
837	922
837	943
838	844
838	859
838	900
838	914
838	920
838	955
840	879
842	870
842	901
843	859
843	966
843	996
844	868
844	885
844	939
845	898
845	928
845	945
845	955
846	873
847	987
849	908
849	929
849	959
850	861
850	915
850	984
852	894
852	901
852	911
852	924
854	859
854	898
854	909
856	868
856	902
856	940
856	970
856	978
856	984
857	871
857	910
858	864
859	870
859	875
859	904
859	996
864	928
864	933
865	875
865	892
865	951
865	960
866	918
868	894
868	955
870	987
870	989
871	894
871	937
873	968
873	986
875	954
877	926
880	926
885	935
886	914
886	920
886	955
886	970
886	998
887	935
888	997
888	998
889	896
890	909
891	910
891	952
892	966
892	980
894	923
894	940
896	980
897	984
898	954
898	955
899	989
903	930
904	919
904	947
904	978
907	952
908	927
909	951
910	952
911	962
912	992
914	947
915	971
916	920
916	943
916	970
918	923
920	947
921	980
923	997
924	952
927	970
928	942
928	975
928	977
929	986
931	985
932	950
935	992
935	996
942	954
942	992
943	955
947	950
947	982
948	982
954	996
956	972
956	976
957	987
970	978
980	991
980	993
982	998
983	990
985	986
987	990
