0	333
0	363
0	389
0	447
0	549
0	573
0	624
0	667
0	801
0	870
0	928
0	989
1	16
1	102
1	104
1	280
1	282
1	298
1	502
1	553
1	715
1	745
1	819
1	878
1	886
2	5
2	65
2	115
2	117
2	221
2	251
2	302
2	378
2	437
2	532
2	747
2	750
2	779
2	854
2	859
2	898
2	984
3	16
3	70
3	102
3	182
3	192
3	289
3	333
3	708
3	823
3	858
3	893
3	996
4	31
4	64
4	82
4	150
4	225
4	243
4	315
4	374
4	381
4	524
4	535
4	568
4	581
4	660
4	716
4	740
4	751
4	781
4	835
4	883
4	922
5	591
5	600
5	738
5	747
6	169
6	174
6	224
6	235
6	253
6	383
6	418
6	543
6	681
6	798
6	802
6	850
6	886
6	940
6	974
7	24
7	35
7	413
7	454
7	466
7	474
7	686
7	694
7	765
7	864
7	927
8	111
8	124
8	186
8	268
8	325
8	514
8	644
8	660
8	704
8	956
9	21
9	131
9	135
9	226
9	284
9	305
9	357
9	371
9	381
9	486
9	497
9	615
9	683
9	733
9	757
9	783
10	172
10	200
10	233
10	239
10	253
10	263
10	266
10	285
10	397
10	398
10	464
10	507
10	518
10	566
10	769
10	880
10	896
10	928
11	17
11	527
11	622
11	777
11	993
12	61
12	323
12	474
12	532
12	583
12	993
13	305
13	339
13	468
13	577
13	636
13	652
13	766
13	845
14	59
14	100
14	187
14	250
14	338
14	378
14	379
14	505
14	622
14	627
14	645
15	42
15	48
15	95
15	123
15	157
15	244
15	695
15	966
16	87
16	169
16	237
16	357
16	548
16	722
16	758
16	769
16	805
17	22
17	88
17	259
17	428
17	505
17	842
18	31
18	152
18	202
18	285
18	331
18	435
18	439
18	524
18	556
18	681
18	828
18	880
18	924
18	996
19	90
19	145
19	277
19	368
19	371
19	444
19	608
19	707
19	711
19	876
19	965
20	121
20	206
20	316
20	346
20	356
20	405
20	506
20	551
20	615
20	683
20	789
20	822
20	876
20	904
21	107
21	205
21	223
21	236
21	291
21	334
21	403
21	540
21	564
21	616
21	638
21	660
21	664
21	823
21	893
21	948
21	952
21	961
22	187
22	203
22	481
22	598
22	662
22	883
23	194
23	335
23	340
23	427
23	499
23	504
23	650
23	657
23	665
23	689
23	791
23	872
23	956
23	965
24	86
24	295
24	330
24	592
24	618
24	686
24	826
25	256
26	53
26	100
26	115
26	283
26	299
26	481
26	505
26	527
26	552
26	618
26	856
26	889
26	929
28	60
28	67
28	147
28	238
28	293
28	303
28	441
28	446
28	606
28	645
28	683
28	762
28	781
28	846
28	881
28	945
28	994
29	80
29	563
29	744
29	926
30	122
30	123
30	162
30	276
30	715
30	735
30	915
30	917
31	98
31	196
31	284
31	358
31	449
31	482
31	486
31	509
31	535
31	684
31	782
31	824
31	835
31	947
31	948
32	168
32	405
32	608
32	616
32	632
32	640
32	690
32	765
32	797
32	927
32	958
33	147
33	166
33	309
33	350
33	470
33	520
33	558
33	774
33	824
33	892
33	893
33	925
33	996
33	997
34	147
34	196
34	250
34	303
34	313
34	323
34	362
34	407
34	556
34	581
34	584
34	607
34	762
34	864
34	894
34	964
35	44
35	61
35	129
35	149
35	210
35	234
35	373
35	451
35	477
35	536
35	626
35	686
35	690
35	779
35	785
35	826
35	843
35	861
35	864
36	65
36	198
36	245
36	622
36	829
36	861
36	898
37	52
37	527
37	600
37	697
38	99
38	185
38	237
38	294
38	490
38	509
38	553
38	560
38	589
38	633
38	665
38	681
38	689
38	707
38	763
38	799
38	828
38	961
39	179
39	672
39	874
40	55
40	97
40	122
40	183
40	258
40	310
40	320
40	548
40	701
40	760
40	828
40	845
41	148
41	200
41	289
41	308
41	441
41	639
41	698
41	907
41	931
42	55
42	64
42	97
42	257
42	289
42	327
42	407
42	436
42	464
42	766
42	821
42	875
43	103
43	149
43	252
43	278
43	291
43	382
43	387
43	426
43	581
43	605
43	688
43	753
43	773
43	785
43	786
43	812
44	176
44	218
44	225
44	374
44	437
44	629
44	711
44	712
44	779
44	785
44	799
44	864
45	126
45	145
45	173
45	208
45	277
45	337
45	743
45	872
46	153
46	168
46	415
46	608
46	961
47	546
47	862
48	410
48	760
49	100
49	241
49	318
49	694
49	806
49	855
49	874
49	930
50	137
50	348
50	367
50	445
50	852
50	879
50	922
51	68
51	124
51	246
51	311
51	315
51	737
51	767
51	965
52	203
52	217
52	259
52	470
52	627
52	668
52	741
53	183
53	249
53	291
53	343
53	357
53	397
53	418
53	433
53	501
53	603
53	624
53	722
53	805
53	883
54	65
54	352
54	419
54	515
54	588
55	423
55	485
55	681
55	715
55	805
55	895
56	384
56	772
56	822
57	234
57	461
57	540
57	560
57	629
57	721
57	753
57	868
58	82
58	84
58	382
58	390
58	710
58	847
58	851
59	112
59	114
59	288
59	361
59	379
59	420
59	450
59	518
59	560
59	654
59	796
59	829
59	880
59	979
60	134
60	362
60	363
60	461
60	481
60	762
60	850
60	916
61	442
61	773
61	913
61	934
62	177
62	259
62	391
62	596
62	712
62	724
62	747
62	770
62	855
63	121
63	277
63	356
63	491
63	523
63	593
63	616
63	633
63	809
63	904
63	985
64	67
64	298
64	311
64	347
64	436
64	574
64	798
64	878
65	67
65	100
65	177
65	330
65	352
65	462
65	515
65	607
65	618
65	686
65	747
65	786
65	817
66	227
66	324
66	567
66	701
66	780
66	845
67	108
67	147
67	293
67	317
67	530
67	582
67	585
67	921
67	928
68	223
68	242
68	507
68	545
68	726
68	802
68	807
68	967
69	74
69	105
69	125
69	127
69	190
69	207
69	371
69	638
69	961
69	985
70	71
70	124
70	541
70	565
70	715
70	872
70	968
71	95
71	460
71	647
71	783
72	237
72	258
72	397
72	416
72	594
72	597
72	630
72	641
72	666
72	670
72	870
72	882
72	891
72	892
72	914
72	932
72	953
72	958
72	963
72	964
73	108
73	185
73	266
73	449
73	527
73	578
73	658
73	728
73	763
73	816
73	896
73	979
74	153
74	415
74	486
74	675
74	684
74	772
74	946
74	992
76	193
76	744
76	849
77	167
78	148
78	487
78	728
78	802
79	223
79	239
79	273
79	308
79	501
79	603
79	652
79	653
79	736
79	803
79	852
79	909
80	414
80	565
80	693
80	730
80	803
80	849
80	968
82	783
83	112
83	322
83	501
83	573
83	744
83	750
84	131
84	351
84	407
84	509
84	549
84	564
84	637
84	689
84	708
84	710
84	737
84	870
84	947
84	961
84	997
85	119
85	188
85	455
85	470
85	698
85	702
85	833
86	234
86	264
86	289
86	299
86	407
86	451
86	472
86	496
86	585
86	641
86	763
86	826
86	829
86	976
87	183
87	205
87	223
87	381
87	397
87	417
87	435
87	780
87	850
87	880
87	928
87	943
89	164
89	995
90	108
90	198
90	264
90	314
90	341
90	377
90	467
90	655
90	789
90	796
90	859
91	130
91	145
91	375
91	624
91	655
91	675
91	707
91	737
91	751
91	876
91	943
91	962
91	985
93	108
93	172
93	292
93	304
93	308
93	329
93	398
93	418
93	489
93	537
93	597
93	834
93	920
93	940
93	994
94	158
94	999
95	163
95	243
95	254
95	257
95	439
95	494
95	636
95	652
95	653
95	666
95	701
95	715
95	730
95	802
95	878
96	219
96	263
96	304
96	359
96	363
96	372
96	481
96	557
96	578
96	651
96	676
96	889
96	998
97	204
97	330
97	410
97	573
97	716
97	780
97	803
98	102
98	107
98	165
98	166
98	169
98	646
98	722
98	878
98	902
99	189
99	271
99	374
99	444
99	467
99	547
99	613
99	632
99	690
99	881
100	363
100	379
100	696
100	781
100	894
101	186
101	922
102	166
102	192
102	202
102	380
102	479
102	531
102	573
102	604
102	637
102	730
102	811
102	870
102	902
103	129
103	210
103	238
103	252
103	263
103	303
103	378
103	381
103	413
103	451
103	483
103	584
103	612
103	621
103	742
103	779
103	906
103	962
103	964
104	244
104	535
104	682
104	701
104	821
104	968
105	107
105	208
105	334
105	371
105	500
105	549
105	742
105	872
105	888
105	947
106	245
106	444
106	659
106	690
106	706
106	843
107	166
107	258
107	315
107	329
107	367
107	592
107	605
107	689
107	708
107	887
107	961
107	972
108	249
108	332
108	355
108	540
108	566
108	578
108	605
108	630
108	656
108	676
108	702
108	713
108	777
108	796
108	798
108	889
109	345
109	364
109	682
109	944
111	197
111	367
111	614
111	852
112	211
112	220
112	234
112	236
112	281
112	307
112	314
112	421
112	423
112	557
112	578
112	585
112	592
112	605
112	683
112	691
112	721
112	867
112	868
112	893
112	925
112	932
113	157
113	414
113	460
113	746
113	760
114	261
114	434
114	530
114	655
114	832
115	217
115	338
115	359
115	450
115	505
115	539
115	781
115	855
115	874
116	283
116	433
116	618
116	762
116	850
116	994
117	450
117	532
117	537
117	540
117	676
117	686
117	799
117	898
118	395
118	405
118	434
118	502
118	956
118	997
119	146
119	213
119	561
119	833
121	245
121	506
121	515
121	613
121	765
121	960
122	160
122	273
122	332
122	565
122	735
122	821
122	968
123	160
123	414
123	460
123	966
124	166
124	663
124	767
124	803
124	821
124	908
124	925
124	958
125	145
125	234
125	294
125	499
125	550
125	737
125	748
126	519
126	560
126	617
127	315
127	445
127	551
127	564
127	681
127	737
127	740
127	789
127	797
128	181
128	245
128	331
128	374
128	375
128	477
128	520
128	743
128	799
128	831
128	871
128	985
128	993
129	185
129	207
129	243
129	250
129	275
129	281
129	291
129	334
129	341
129	449
129	519
129	829
130	148
130	152
130	255
130	258
130	285
130	310
130	333
130	364
130	398
130	693
130	782
130	798
130	883
130	953
131	268
131	375
131	388
131	486
131	509
131	589
131	665
131	681
131	733
131	952
132	716
133	176
133	189
133	385
133	511
133	613
133	719
133	813
133	865
133	876
134	195
134	200
134	365
134	470
134	507
134	756
135	375
135	467
135	475
135	589
135	638
135	665
135	774
135	858
135	961
135	963
136	269
137	609
137	671
137	888
137	973
138	168
138	286
138	405
138	413
138	511
138	605
138	690
138	706
138	765
138	843
138	985
139	476
139	478
140	559
140	833
142	473
142	499
142	550
142	593
142	608
142	633
142	675
142	748
142	765
142	768
142	852
142	946
143	639
143	988
144	354
144	496
144	861
144	919
145	190
145	368
145	511
145	704
145	757
145	809
145	844
145	872
146	188
146	224
146	397
146	438
146	569
146	736
146	807
146	833
146	907
147	214
147	257
147	441
147	530
147	543
147	670
147	673
147	756
147	762
147	769
147	812
147	882
147	945
148	513
148	562
148	673
148	702
148	736
148	756
148	931
149	263
149	271
149	291
149	355
149	483
149	579
149	584
149	606
149	688
149	697
150	225
150	362
150	407
150	624
150	797
150	831
150	923
150	925
151	884
152	191
152	249
152	284
152	358
152	550
152	739
152	782
152	801
152	808
152	883
152	892
152	893
152	952
152	962
152	994
153	340
153	557
153	704
153	910
154	328
154	907
154	967
155	865
155	905
156	977
157	347
157	410
157	895
158	604
158	978
159	178
159	239
159	310
159	433
159	438
159	464
159	673
159	693
159	718
159	756
159	850
160	244
160	257
160	327
160	332
160	479
160	652
160	728
161	188
161	227
161	332
161	561
161	574
162	213
162	856
162	909
162	967
162	986
163	308
163	553
163	563
163	594
163	780
163	986
164	366
164	384
164	661
164	761
164	839
165	182
165	268
165	309
165	548
165	577
165	605
165	816
165	883
165	902
165	943
165	969
165	997
166	220
166	305
166	407
166	421
166	517
166	653
166	655
166	811
166	893
167	595
167	686
167	720
167	747
168	218
168	275
168	291
168	295
168	520
168	612
168	632
168	685
168	715
168	742
168	751
168	791
168	799
168	927
168	947
168	989
169	214
169	322
169	329
169	461
169	676
169	816
169	859
169	893
169	931
170	174
170	211
170	233
170	239
170	288
170	436
170	507
170	569
170	683
170	718
171	617
171	869
172	215
172	235
172	243
172	253
172	341
172	573
172	651
172	677
172	769
172	808
172	880
172	963
172	994
173	196
173	337
173	340
173	371
173	401
173	550
173	689
173	737
173	797
173	844
173	847
174	202
174	215
174	418
174	518
174	540
174	543
174	567
174	597
174	860
174	932
174	953
175	267
175	474
175	495
175	631
175	842
175	903
176	184
176	218
176	451
176	491
176	600
176	624
176	632
176	775
176	839
177	483
177	539
177	717
177	920
178	651
178	753
178	816
178	867
178	881
178	906
178	959
179	217
179	274
179	428
179	461
179	649
179	832
180	415
180	457
180	468
181	184
181	268
181	422
181	511
181	632
181	684
181	706
181	797
182	289
182	357
182	577
182	581
182	682
182	707
182	726
182	730
182	745
182	828
182	860
182	878
183	289
183	311
183	339
183	589
183	666
183	708
183	805
184	189
184	198
184	454
184	528
184	775
185	205
185	234
185	243
185	294
185	315
185	358
185	416
185	423
185	531
185	541
185	608
185	683
185	711
185	751
185	774
185	835
185	943
186	458
186	614
186	675
186	956
186	973
187	201
187	203
187	261
187	741
187	810
188	239
188	256
188	433
188	455
188	505
188	718
188	929
189	250
189	463
189	713
189	817
189	975
190	196
190	325
190	371
190	400
190	408
190	478
190	614
190	650
190	675
190	804
190	844
190	911
190	992
191	194
191	307
191	486
191	490
191	500
191	625
191	691
191	704
191	733
191	922
191	925
191	989
192	204
192	231
192	301
192	395
192	436
192	479
192	482
192	556
192	558
192	689
192	710
192	745
192	878
192	902
193	249
193	309
193	339
193	460
193	573
193	708
193	758
193	849
193	878
193	996
194	371
194	403
194	660
194	768
194	844
194	941
195	365
196	403
196	426
196	553
196	615
196	751
196	757
196	799
196	843
196	951
196	985
196	997
197	767
198	303
198	323
198	355
198	361
198	409
198	442
198	466
198	515
198	536
198	557
198	686
198	727
198	930
198	964
199	239
199	540
199	732
199	787
200	253
200	292
200	363
200	438
200	546
200	673
200	677
200	776
200	816
200	854
200	907
201	215
201	239
201	379
201	418
201	420
201	578
201	584
201	599
201	781
201	846
201	998
202	220
202	350
202	553
202	666
202	689
202	707
202	742
202	883
202	892
202	958
202	963
202	969
203	420
203	762
203	786
203	832
204	289
204	457
204	509
204	716
204	733
204	782
204	824
204	936
204	943
205	374
205	382
205	407
205	573
205	638
205	642
205	694
205	719
205	740
205	843
205	876
205	887
205	975
206	396
206	405
206	443
206	674
206	813
207	234
207	284
207	351
207	423
207	463
207	511
207	520
207	751
207	801
208	268
208	304
208	315
208	371
208	458
208	550
208	689
208	789
208	887
208	911
209	473
209	809
209	869
209	973
210	241
210	341
210	467
210	483
210	578
210	646
210	729
210	763
210	829
210	864
210	912
210	964
210	987
211	293
211	308
211	433
211	438
211	544
211	673
212	386
212	643
213	276
213	716
213	891
213	986
214	227
214	253
214	441
214	543
214	567
214	677
214	702
214	796
214	816
214	850
214	880
214	994
215	314
215	377
215	583
215	618
215	724
215	984
216	261
216	420
216	442
216	530
216	669
216	829
216	846
216	854
216	892
216	918
216	958
217	222
217	391
217	456
217	526
218	225
218	278
218	331
218	426
218	581
218	667
218	713
218	719
218	739
218	757
218	775
218	831
218	835
218	864
218	985
219	303
219	372
219	519
219	588
219	641
219	645
219	676
219	724
219	781
219	829
219	842
219	880
219	881
219	953
219	987
219	993
219	994
220	293
220	320
220	324
220	357
220	381
220	556
220	560
220	568
220	601
220	641
220	697
220	882
220	925
220	997
221	252
221	295
221	540
221	607
221	656
221	782
222	623
222	677
223	227
223	242
223	574
223	728
223	736
223	879
223	907
224	288
224	293
224	304
224	566
224	589
224	676
224	798
224	880
224	906
224	918
225	234
225	409
225	437
225	467
225	578
225	615
225	642
225	711
225	712
225	753
225	785
225	799
225	843
225	927
225	934
225	963
225	964
226	258
226	285
226	293
226	311
226	365
226	397
226	398
226	556
226	750
226	845
227	370
227	383
227	480
227	537
227	800
227	909
227	917
228	277
228	396
228	523
228	593
228	749
228	827
228	946
229	427
229	999
231	257
231	289
231	312
231	345
231	490
231	501
231	758
231	767
231	968
232	508
232	626
232	674
232	865
232	904
233	261
233	436
233	438
233	455
233	562
233	574
233	736
233	756
233	926
234	238
234	403
234	475
234	483
234	519
234	621
234	727
234	731
234	843
234	948
235	344
235	494
235	566
235	693
235	880
236	243
236	249
236	285
236	307
236	311
236	315
236	325
236	336
236	381
236	434
236	435
236	509
236	548
236	713
236	785
236	858
236	912
236	943
236	953
237	437
237	641
237	648
237	739
237	798
237	799
237	824
237	883
237	928
237	950
237	963
238	278
238	284
238	409
238	442
238	491
238	606
238	773
238	826
238	856
238	987
239	530
239	554
239	654
239	769
239	974
240	277
240	422
241	355
241	359
241	481
241	547
241	552
241	732
242	332
242	464
242	634
242	949
242	967
242	996
243	281
243	307
243	331
243	423
243	464
243	524
243	541
243	578
243	642
243	685
243	782
243	868
243	893
243	925
243	962
243	981
244	249
244	460
244	479
244	482
244	498
244	678
244	821
244	924
244	978
245	295
245	299
245	413
245	465
245	674
245	713
245	923
245	941
245	960
246	345
246	348
246	457
246	497
246	502
246	704
246	710
246	814
247	399
247	444
247	694
248	366
248	508
248	761
249	284
249	285
249	721
249	769
249	824
249	896
249	948
250	271
250	292
250	304
250	314
250	462
250	489
250	567
250	621
250	712
250	721
250	727
250	812
250	945
251	302
251	303
251	379
251	385
251	387
251	409
251	483
251	536
251	773
251	775
252	350
252	409
252	581
252	583
252	648
252	651
252	688
252	729
252	747
253	377
253	398
253	433
253	584
253	676
253	769
253	829
253	953
254	292
254	397
254	436
254	548
254	641
254	670
254	745
254	796
254	860
254	892
254	915
254	928
255	309
255	374
255	589
255	831
255	870
256	635
256	802
256	931
257	282
257	294
257	395
257	482
257	666
257	758
257	767
257	922
257	924
257	968
258	311
258	531
258	543
258	553
258	708
258	742
258	801
258	824
258	948
259	261
259	316
259	591
259	724
259	812
260	839
260	930
261	294
261	302
261	363
261	454
261	544
261	622
261	651
261	676
261	808
261	832
261	863
261	921
261	962
262	457
263	278
263	389
263	437
263	477
263	483
263	547
263	612
263	724
263	789
263	948
263	964
263	981
264	555
264	615
264	626
264	923
265	620
266	341
266	357
266	437
266	439
266	461
266	560
266	566
266	578
266	651
266	782
266	828
266	856
266	863
266	963
267	352
267	378
267	779
267	842
267	854
267	882
268	325
268	335
268	447
268	713
270	279
270	349
271	277
271	291
271	299
271	426
271	472
271	520
271	621
271	683
271	737
271	822
271	826
271	906
271	927
271	964
273	406
273	563
273	646
273	652
273	897
273	966
274	493
274	668
274	764
275	278
275	331
275	564
275	612
275	684
275	707
275	831
275	941
276	313
276	548
276	900
277	315
277	356
277	408
277	550
277	608
277	876
277	911
278	281
278	288
278	341
278	378
278	442
278	483
278	518
278	540
278	584
278	727
278	799
278	820
278	871
278	975
279	705
280	325
280	427
280	460
280	509
280	847
280	900
280	991
281	286
281	369
281	397
281	483
281	685
281	750
281	781
281	859
281	867
281	921
281	928
281	979
281	994
282	350
282	381
282	436
282	548
282	589
282	646
282	715
282	805
283	383
283	762
283	915
283	921
284	309
284	313
284	333
284	357
284	358
284	388
284	389
284	439
284	509
284	568
284	621
284	624
284	666
284	708
284	721
284	807
284	825
284	852
284	868
284	963
285	288
285	329
285	395
285	398
285	553
285	624
285	859
285	870
285	914
285	917
286	323
286	421
286	789
286	825
287	672
288	292
288	310
288	314
288	329
288	341
288	418
288	518
288	544
288	597
288	685
288	769
289	339
289	421
289	457
289	766
289	792
289	828
289	878
289	908
289	912
289	947
289	966
289	996
290	901
291	385
291	467
291	511
291	537
291	763
291	765
291	785
291	789
292	344
292	582
292	656
292	769
292	979
292	994
293	462
293	481
293	530
293	597
293	777
293	850
293	860
293	958
294	325
294	335
294	368
294	497
294	614
294	644
294	844
294	872
294	961
295	474
295	475
295	540
295	601
295	626
295	651
295	676
295	870
295	881
295	964
295	987
296	623
297	619
297	659
298	410
298	435
298	469
298	531
298	716
298	766
298	996
299	314
299	629
299	667
299	690
299	713
299	773
299	779
299	812
299	826
300	465
300	595
300	616
300	690
301	311
301	333
301	339
301	388
301	558
301	641
301	852
301	956
301	978
302	303
302	355
302	359
302	373
302	399
302	697
302	738
302	930
302	934
303	378
303	407
303	409
303	418
303	483
303	540
303	547
303	630
303	640
303	648
303	727
303	779
304	341
304	369
304	379
304	544
304	655
304	658
304	880
304	892
304	940
304	979
305	309
305	333
305	335
305	541
305	683
305	711
305	722
306	411
306	412
307	486
307	490
307	637
307	743
307	751
307	835
307	876
308	310
308	322
308	332
308	561
308	652
308	756
308	807
308	850
308	886
309	333
309	357
309	421
309	666
309	722
309	801
309	805
309	835
309	847
309	870
310	455
310	716
310	730
310	897
310	967
311	381
311	421
311	423
311	439
311	509
311	568
311	605
311	681
311	811
311	847
311	912
312	390
312	448
312	502
312	792
313	421
313	603
313	634
313	653
313	728
313	803
313	883
313	886
314	363
314	543
314	585
314	693
314	750
314	786
314	799
314	878
314	906
314	928
315	336
315	358
315	497
315	557
315	653
315	742
315	785
315	804
315	824
315	831
315	835
316	349
316	373
316	399
316	409
316	540
316	588
316	606
316	734
316	919
317	330
317	509
317	529
317	656
317	686
317	691
317	750
317	816
317	863
317	972
318	407
318	471
318	537
318	645
318	686
318	993
319	526
319	623
320	395
320	577
320	646
320	715
320	730
320	758
320	792
320	908
320	972
320	996
321	390
321	473
321	523
321	809
322	417
322	436
322	652
322	803
322	986
323	349
323	355
323	377
323	626
323	686
323	694
323	727
323	753
323	763
323	959
324	362
324	513
324	553
324	605
324	693
324	722
324	736
324	883
324	892
325	331
325	335
325	340
325	587
325	625
325	996
327	512
327	652
327	746
327	897
328	628
329	420
329	535
329	541
329	543
329	557
329	564
329	667
329	669
329	688
329	798
329	800
329	816
329	880
329	896
329	914
329	928
330	483
330	513
330	701
330	843
330	864
330	927
330	959
330	981
331	334
331	374
331	389
331	449
331	550
331	633
331	684
331	740
331	742
331	748
331	950
331	961
331	989
332	807
332	915
332	917
333	357
333	388
333	457
333	497
333	592
333	666
333	801
333	803
333	858
333	981
334	382
334	405
334	685
335	368
335	385
335	657
335	666
335	712
335	739
335	804
335	826
335	876
335	904
335	927
335	951
335	972
336	375
336	486
336	554
336	641
336	689
336	801
336	823
337	425
337	445
337	500
337	644
337	657
337	922
337	941
337	947
337	969
338	352
338	369
338	688
338	724
338	777
338	786
338	832
338	959
339	364
339	425
339	509
339	558
339	730
340	408
340	615
340	625
340	644
340	675
340	911
340	942
341	355
341	362
341	363
341	416
341	564
341	669
341	832
341	859
341	906
341	952
341	962
342	376
342	443
342	719
342	813
343	569
343	652
343	701
343	707
343	708
343	716
343	845
344	438
344	597
344	718
344	780
344	796
344	883
344	915
345	388
345	425
345	445
345	500
345	652
345	852
345	879
345	991
346	365
346	438
346	485
346	562
346	574
346	673
346	798
346	924
347	362
347	464
347	513
347	582
347	638
347	641
347	751
347	769
347	801
347	882
347	887
347	912
348	434
348	514
348	644
348	671
348	737
348	879
348	922
349	474
349	913
350	364
350	365
350	553
350	556
350	670
350	718
350	782
350	785
350	824
350	912
350	936
351	610
351	653
351	728
351	847
351	956
352	442
352	515
352	555
352	580
352	705
352	734
352	795
352	836
352	898
353	442
353	493
353	539
353	754
354	376
354	454
354	700
354	793
355	450
355	579
355	591
355	738
355	786
355	789
355	846
355	934
356	405
356	422
356	616
356	755
356	772
356	813
357	421
357	568
357	650
357	666
357	745
357	801
357	824
357	969
357	984
358	389
358	423
358	553
358	624
358	653
358	683
358	870
358	943
358	953
359	786
360	586
361	624
361	651
361	669
361	676
361	724
362	397
362	557
362	569
362	573
362	655
362	681
362	694
362	882
362	892
362	915
363	433
363	530
363	544
363	560
363	584
363	618
363	622
363	658
363	677
363	914
363	940
363	974
364	410
364	517
364	666
364	695
364	758
364	805
364	883
365	397
365	414
365	455
365	803
365	807
365	828
365	917
365	936
366	459
366	661
367	671
367	708
368	477
368	497
368	613
368	638
368	789
368	809
369	372
369	461
369	462
369	658
369	750
369	842
369	889
369	894
369	962
370	483
370	489
370	524
370	540
370	585
370	630
370	694
370	712
370	867
370	952
370	969
371	375
371	389
371	504
371	637
371	684
371	797
371	835
371	956
371	965
372	416
372	600
372	601
372	618
372	676
372	777
372	781
372	894
372	933
372	940
372	953
372	959
373	442
373	784
373	838
373	977
374	382
374	519
374	524
374	557
374	592
374	691
374	706
374	739
374	789
374	799
374	844
374	880
374	959
374	972
375	380
375	445
375	477
375	504
375	592
375	683
375	739
375	751
375	774
375	785
375	941
376	446
376	466
377	461
377	462
377	599
377	601
377	686
377	769
377	889
377	940
377	972
377	984
378	552
378	834
378	894
378	998
379	420
379	537
379	584
379	591
379	686
379	781
380	405
380	422
380	589
380	632
380	633
380	683
380	690
380	804
380	927
380	960
381	500
381	740
381	893
381	946
381	962
382	495
382	513
382	557
382	581
382	597
382	605
382	630
382	656
382	667
382	691
382	870
382	958
382	972
382	981
382	985
383	480
383	505
384	508
384	661
384	761
384	822
384	905
385	422
385	426
385	444
385	491
385	506
385	686
385	719
385	757
385	779
385	785
385	804
385	822
385	871
386	492
386	611
387	533
387	601
387	633
387	729
387	974
387	987
388	434
388	550
388	695
388	835
389	401
389	467
389	558
389	681
389	733
389	804
389	972
390	851
391	776
391	862
391	920
392	417
392	522
393	709
394	803
395	398
395	434
395	435
395	548
395	573
395	642
395	722
395	728
395	883
395	912
396	608
396	831
396	985
397	416
397	464
397	543
397	618
397	641
397	798
397	828
397	860
397	863
397	928
398	530
398	560
398	769
399	446
399	629
399	688
399	729
399	871
399	993
400	408
400	432
400	492
400	706
401	511
401	587
401	637
401	667
401	683
401	767
403	463
403	490
403	843
403	861
404	433
404	639
404	662
404	970
404	988
405	465
405	478
405	528
405	616
405	664
405	804
405	822
406	610
406	652
406	819
406	949
407	416
407	543
407	548
407	564
407	581
407	605
407	701
407	768
407	774
407	868
407	870
407	928
407	972
408	476
408	608
408	690
408	911
409	442
409	451
409	532
409	607
409	688
409	734
409	765
409	836
409	894
409	930
410	565
410	895
410	966
411	703
413	612
413	686
413	695
413	871
413	876
413	906
413	987
414	460
414	565
414	652
414	760
414	978
415	851
415	942
416	550
416	801
416	825
416	867
416	932
417	435
417	735
417	860
417	891
418	461
418	513
418	518
418	566
418	601
418	769
418	868
418	880
419	442
419	515
419	532
419	588
419	591
419	697
419	826
420	471
420	540
420	560
420	578
420	656
420	681
420	691
420	850
420	940
421	439
421	638
421	733
421	805
421	835
421	924
422	465
422	503
422	593
422	613
422	704
422	911
423	439
423	646
423	702
423	737
423	739
423	893
423	950
425	733
425	745
425	879
425	968
426	475
426	483
426	519
426	629
426	632
426	633
426	712
426	779
427	468
427	479
427	549
427	778
427	991
428	527
428	552
428	874
429	433
429	518
430	466
432	680
433	455
433	507
433	569
433	673
433	732
433	756
433	834
433	909
434	558
434	695
434	823
434	922
434	956
434	978
435	716
435	782
435	883
436	553
436	634
436	828
437	442
437	475
437	557
437	582
437	597
437	624
437	711
437	727
437	826
437	906
437	960
437	964
438	702
438	718
438	722
438	756
438	918
439	490
439	535
439	692
439	796
439	860
439	912
439	936
440	982
441	522
441	846
442	515
442	579
442	583
442	606
442	618
442	686
442	734
442	763
442	930
442	934
443	592
443	657
443	730
443	843
443	864
443	946
444	690
444	960
445	549
445	624
445	684
445	811
445	823
445	827
446	836
447	549
447	564
447	588
447	684
447	704
447	745
447	757
447	785
447	872
447	876
448	548
448	609
448	757
448	956
449	475
449	551
449	589
449	629
449	817
450	618
450	649
451	595
451	700
451	839
452	949
453	508
453	772
454	508
454	510
454	700
455	574
455	736
455	843
456	696
456	741
457	514
457	671
457	767
457	888
457	989
458	514
458	564
458	576
458	827
458	910
458	965
459	508
460	924
461	537
461	578
461	581
461	592
461	676
461	727
461	776
461	856
461	859
461	882
461	914
461	930
461	932
462	600
462	816
462	984
463	510
463	528
463	556
463	606
463	648
463	975
464	470
464	537
464	702
464	796
464	892
464	953
465	508
465	612
465	633
465	813
465	913
465	989
466	775
467	520
467	581
467	633
467	742
467	757
468	538
468	610
468	852
469	535
469	567
469	769
470	480
470	631
470	776
470	917
471	495
471	977
472	568
472	633
472	713
472	972
473	778
474	626
474	729
474	732
474	738
474	836
474	964
475	577
475	605
475	750
475	799
475	831
475	843
475	870
475	962
476	625
476	748
476	797
476	911
476	946
477	499
477	506
477	660
477	675
477	684
477	876
478	523
478	965
479	553
479	652
479	708
479	722
479	943
479	968
480	529
481	582
481	655
481	776
481	816
481	832
481	890
483	629
483	755
483	779
483	822
483	867
483	953
483	964
484	662
484	833
484	970
485	750
485	949
486	650
486	665
486	743
486	783
486	835
488	775
489	592
489	641
489	854
489	859
489	908
489	928
489	940
490	541
490	577
490	650
490	733
490	773
490	808
490	814
490	883
490	961
490	981
491	606
491	612
491	755
491	779
491	812
491	964
492	611
492	869
493	627
493	699
493	786
494	603
494	798
494	936
495	874
495	934
496	506
496	528
496	626
496	700
497	519
497	558
497	587
497	646
497	740
497	792
497	887
497	992
498	760
498	897
498	949
499	550
499	675
499	851
499	910
499	951
500	604
500	614
500	671
500	708
500	805
500	872
500	941
501	545
501	574
501	718
501	722
501	878
501	915
501	936
502	514
502	671
502	908
503	608
503	650
503	671
503	946
504	587
504	835
504	876
504	956
504	961
505	732
505	854
505	861
506	621
506	690
506	691
507	832
508	813
508	822
509	514
509	541
509	624
509	707
509	870
509	883
510	528
510	820
511	528
511	550
511	660
511	757
511	871
511	951
512	604
512	652
512	897
512	900
512	957
513	518
513	543
513	581
513	816
513	882
513	892
513	950
514	710
514	749
514	888
514	941
514	947
515	591
515	607
515	648
515	719
516	809
517	577
517	733
517	780
517	892
517	943
518	601
518	642
518	658
518	808
518	824
518	914
518	921
518	945
518	969
519	876
519	979
520	985
521	877
521	957
522	529
522	833
523	593
523	614
523	853
523	992
524	535
524	605
524	685
524	740
524	789
524	963
524	969
524	981
526	862
527	598
527	618
527	631
527	747
527	834
527	929
527	993
528	616
528	640
528	711
528	719
528	755
528	765
529	798
530	578
530	846
530	880
531	568
531	655
531	669
531	726
532	580
532	686
532	729
532	861
532	894
532	930
533	595
533	836
533	864
534	542
535	708
535	719
535	892
535	928
536	588
536	676
536	713
536	826
536	842
537	599
537	721
537	756
537	846
537	860
537	863
537	881
537	918
537	925
537	940
537	953
537	974
539	777
539	786
540	551
540	752
540	921
540	945
541	568
541	683
541	693
541	730
541	792
541	856
541	997
543	656
543	718
543	763
543	781
543	816
543	914
544	553
544	578
544	641
544	816
544	881
544	945
544	974
545	678
546	717
546	754
546	818
546	862
547	555
547	632
547	669
547	688
547	694
547	742
547	763
547	785
547	804
547	864
547	958
547	964
548	553
548	560
548	573
548	603
548	909
548	912
548	936
549	564
549	844
549	961
550	667
550	748
550	768
550	791
550	960
551	629
551	712
551	753
551	755
551	765
551	789
551	817
551	843
553	670
553	682
553	728
553	928
554	568
554	652
554	654
554	685
554	932
555	606
555	686
555	688
555	773
555	934
556	605
556	681
556	693
556	782
556	785
556	824
556	828
556	835
556	915
556	924
556	981
557	581
557	585
557	592
557	605
557	669
557	774
557	923
557	925
557	927
557	969
558	644
558	739
558	743
558	990
559	678
560	592
560	601
560	641
560	655
560	785
560	963
561	678
561	833
561	907
562	833
562	907
563	878
564	568
564	581
564	656
564	684
564	689
564	757
564	835
564	843
564	893
565	660
565	715
565	730
565	811
565	888
566	598
566	662
566	670
566	850
566	940
567	693
567	798
567	841
567	880
568	664
568	691
568	718
568	845
568	858
568	883
568	925
568	947
568	963
569	867
569	883
569	914
569	959
569	994
570	780
570	788
571	744
571	926
572	705
573	577
573	693
573	730
573	852
573	915
573	922
573	943
574	698
574	803
574	909
574	915
574	936
575	884
576	973
577	730
577	978
578	585
578	618
578	642
578	669
578	702
578	750
578	805
578	906
578	907
579	600
579	934
580	606
580	651
580	686
580	688
580	747
580	959
581	630
581	656
581	660
581	681
581	829
581	859
581	952
582	769
582	892
582	945
582	953
582	962
583	622
583	984
583	993
584	585
584	607
584	618
584	662
584	669
584	750
584	776
584	781
584	889
584	894
585	691
585	702
585	753
585	786
585	863
586	627
586	795
586	855
587	733
587	852
587	941
587	956
587	989
588	626
588	629
589	630
589	641
589	648
589	670
589	782
589	825
589	831
589	923
589	952
589	963
591	906
591	913
592	743
592	773
592	804
592	870
592	883
592	928
592	969
594	602
595	775
595	836
597	656
597	718
597	816
597	972
598	627
598	998
599	786
599	918
600	747
600	781
600	881
601	607
601	762
601	994
603	716
603	860
603	908
603	915
604	759
605	624
605	656
605	958
606	626
606	648
606	697
606	770
606	773
606	854
606	987
607	727
607	734
607	763
607	817
607	894
607	959
607	987
608	632
608	657
608	748
608	778
609	695
609	877
609	922
610	821
610	924
610	966
611	680
611	869
612	613
612	629
612	664
612	712
612	742
612	763
613	659
613	674
613	690
613	772
614	644
614	708
614	710
614	758
614	766
614	858
615	644
615	656
615	657
615	660
615	825
615	831
615	960
616	813
618	622
618	648
618	676
618	846
618	993
619	772
621	630
621	779
621	820
621	825
621	858
621	893
621	959
622	718
622	940
623	837
624	707
624	740
624	792
624	811
624	870
624	952
624	961
624	985
625	851
625	877
626	784
626	951
626	959
627	699
628	635
628	687
628	967
629	684
629	752
629	826
630	859
630	867
630	969
632	713
632	753
632	816
632	921
633	664
633	765
633	789
633	870
634	726
634	807
634	821
634	948
636	845
637	667
637	707
637	737
637	751
637	774
637	950
637	961
638	685
638	691
638	785
638	835
638	893
638	923
638	952
640	664
641	828
641	896
641	943
641	985
642	693
642	750
642	928
642	958
643	853
644	743
644	922
644	947
644	965
644	990
645	658
645	747
645	777
645	846
645	898
645	928
646	685
646	825
646	859
646	868
647	783
648	752
648	753
648	785
648	864
650	660
650	739
650	809
650	989
651	769
651	829
651	921
652	726
652	736
652	996
653	745
653	811
653	845
654	702
654	816
654	986
655	750
656	677
656	769
656	925
656	981
657	684
657	768
657	844
657	927
657	941
657	960
658	670
658	914
658	921
660	707
660	740
660	789
660	887
660	927
662	810
664	684
664	789
665	695
665	851
666	708
666	730
666	887
666	996
667	721
667	728
667	824
667	835
667	883
667	925
667	947
668	834
668	938
669	685
669	751
669	867
669	872
669	953
669	962
670	722
670	728
670	807
671	767
671	965
671	968
672	790
672	937
673	687
673	780
673	833
673	841
673	880
674	684
674	690
674	719
675	989
676	842
676	959
677	816
680	848
681	708
681	712
681	751
681	835
681	893
681	981
682	703
682	895
682	968
683	691
683	713
683	745
683	868
683	870
683	948
683	997
684	689
684	751
684	774
684	961
684	972
684	985
685	691
685	707
685	730
685	743
685	753
685	799
685	893
685	925
686	930
686	964
688	729
688	747
688	777
688	979
689	737
689	887
689	908
689	942
690	960
691	711
691	722
691	757
691	779
691	804
691	811
692	990
693	871
693	914
693	948
693	972
694	763
694	773
694	871
694	906
695	758
695	844
695	912
695	932
696	717
696	776
696	832
696	929
698	798
698	840
699	938
699	977
700	729
701	707
701	878
701	902
701	912
702	909
702	945
702	972
703	957
704	985
704	992
706	772
707	751
707	801
707	948
707	985
708	740
708	803
708	852
708	902
710	743
711	721
711	750
711	789
711	871
711	876
711	930
711	964
713	740
713	763
713	797
713	962
714	735
715	733
716	805
717	862
718	756
718	858
719	975
720	854
721	812
721	832
721	871
722	780
724	998
725	873
725	916
726	802
727	786
727	829
727	930
727	987
729	775
729	836
729	898
730	735
730	936
730	996
731	738
731	817
731	842
731	927
732	863
733	811
733	847
733	868
734	812
735	819
735	821
735	900
736	962
737	757
737	792
737	814
737	922
737	941
737	965
738	977
739	757
739	910
740	835
740	847
740	887
740	893
740	925
740	947
740	952
740	981
742	743
742	774
742	789
742	797
742	843
742	858
742	859
742	882
742	952
743	774
743	950
743	958
744	746
745	782
745	801
745	807
745	858
745	947
745	948
746	967
748	843
748	904
749	973
749	981
750	769
750	798
750	825
750	841
750	975
751	763
751	774
751	804
751	880
751	887
751	947
751	952
753	774
753	785
753	808
753	863
753	927
753	962
753	979
753	997
754	837
755	903
756	800
756	816
756	868
756	931
756	945
757	843
757	870
757	876
757	906
757	951
758	936
758	952
760	966
761	903
762	800
762	890
762	945
763	872
764	937
766	902
767	922
768	797
768	923
769	969
770	829
770	934
771	862
772	911
773	812
773	829
773	859
773	923
774	817
774	950
774	962
774	997
775	806
775	839
775	913
776	829
776	890
776	974
776	984
777	787
777	836
777	894
778	814
778	992
779	785
779	870
779	871
779	975
780	878
780	950
781	842
781	855
781	863
781	894
781	934
781	959
782	801
782	997
784	913
785	923
786	832
786	984
787	874
787	928
787	929
788	926
789	831
789	871
789	941
789	950
789	985
790	874
791	817
791	831
791	906
791	942
791	947
792	825
792	902
792	991
795	913
796	805
796	882
796	958
796	964
797	814
797	887
797	985
798	882
798	914
799	835
799	864
799	870
799	928
799	972
799	975
799	999
801	811
801	876
801	963
802	907
802	917
803	821
804	871
804	941
804	950
807	986
808	829
808	859
808	921
808	962
808	969
808	987
809	947
810	857
810	890
811	893
811	910
811	947
812	871
812	928
812	979
814	910
814	961
815	875
815	879
816	880
816	953
818	834
820	843
820	910
821	886
821	897
821	968
823	956
823	961
824	883
824	892
824	912
824	915
824	952
824	958
825	843
825	923
825	981
826	964
828	886
828	914
828	932
828	963
831	985
832	854
832	889
832	938
834	920
834	970
835	870
835	893
835	942
835	985
836	861
836	898
837	933
837	998
839	861
839	913
841	845
841	856
841	896
841	909
842	859
842	880
842	889
842	898
842	979
843	963
844	961
844	989
845	956
847	877
847	950
849	895
851	888
851	910
852	893
853	942
854	889
854	994
856	908
856	909
856	986
857	862
857	916
858	882
859	959
860	878
860	883
860	896
860	936
861	874
861	913
862	984
862	988
863	987
863	994
864	927
868	880
868	925
868	928
868	943
870	979
871	927
871	960
871	975
872	992
873	939
873	998
875	900
877	879
877	992
878	882
878	922
879	908
879	943
879	991
880	994
882	923
882	928
886	908
886	912
887	956
888	922
888	973
889	894
890	974
891	907
892	940
892	979
893	952
893	958
894	964
894	984
894	993
896	915
896	917
897	912
900	957
901	939
902	979
902	996
904	955
908	915
909	936
911	989
912	917
912	985
914	953
914	963
915	936
918	929
918	974
918	993
918	994
921	953
923	969
923	975
923	985
924	966
925	952
930	969
932	963
937	971
939	980
941	972
947	956
947	989
949	996
951	964
952	963
956	989
957	991
958	961
958	962
959	989
961	992
963	994
965	983
968	978
972	981
975	987
979	987
981	997
989	992
993	994
993	996
