0	143
0	203
0	252
0	342
0	539
0	661
0	716
0	867
1	60
1	579
1	617
1	824
2	23
2	211
2	304
2	505
2	560
2	616
2	622
2	743
2	753
2	833
2	861
2	874
2	983
3	31
3	48
3	119
3	140
3	373
3	506
3	527
3	670
3	721
3	732
3	774
3	816
3	872
4	105
4	166
4	171
4	500
4	597
4	879
4	888
4	947
5	73
5	152
5	182
5	394
5	420
5	429
5	434
5	549
5	632
5	786
5	957
5	998
6	368
6	441
7	68
7	84
7	181
7	269
7	461
7	497
7	800
7	908
7	940
9	34
9	75
9	123
9	382
9	443
9	486
9	491
9	505
9	793
9	813
9	875
9	895
10	40
10	100
10	765
11	249
11	302
11	541
11	697
11	781
11	976
11	984
12	59
12	206
12	262
12	420
12	507
12	509
12	535
12	612
12	759
13	54
13	521
13	597
13	651
13	812
14	189
14	275
14	418
14	616
14	659
14	727
14	823
15	185
15	200
15	203
15	289
15	294
15	434
15	485
15	561
15	588
15	662
15	664
15	684
15	734
15	787
15	807
15	846
15	850
15	867
15	933
16	106
16	154
16	212
16	230
16	274
16	334
16	350
16	430
16	551
16	777
16	850
16	903
17	77
17	80
17	128
17	136
17	150
17	577
17	581
17	779
17	791
18	120
18	498
19	114
19	169
19	214
19	248
19	373
19	795
20	78
20	136
20	182
20	240
20	251
20	338
20	354
20	431
20	434
20	527
20	543
20	584
20	695
20	759
20	820
20	877
20	882
21	510
22	24
22	317
22	517
22	583
22	606
22	656
22	719
22	725
22	789
22	899
22	936
23	103
23	108
23	289
23	397
23	463
23	523
23	562
23	585
23	690
23	807
24	28
24	267
24	273
24	347
24	395
24	489
24	836
24	931
24	971
25	216
25	643
25	863
26	37
26	74
26	210
26	402
26	576
26	823
26	881
26	894
27	47
27	87
27	227
27	269
27	281
27	328
27	343
27	461
27	497
27	516
27	677
27	736
27	804
27	868
27	870
28	231
28	273
28	298
28	314
28	339
28	423
28	453
28	541
28	649
28	712
28	784
28	788
29	213
29	633
29	802
29	958
30	36
30	64
30	93
30	101
30	234
30	287
30	381
30	406
30	424
30	468
30	699
30	711
30	864
30	949
31	121
31	143
31	156
31	270
31	286
31	373
31	472
31	732
31	801
31	816
31	915
32	169
32	214
32	658
32	709
32	805
32	901
32	937
33	148
33	276
33	399
33	592
33	726
33	730
34	48
34	97
34	100
34	155
34	208
34	209
34	273
34	328
34	562
34	585
34	587
34	641
34	650
34	668
34	680
34	686
34	729
34	756
34	850
34	860
34	862
34	893
34	947
34	964
35	761
36	100
36	108
36	234
36	557
36	578
36	650
36	668
36	700
36	707
36	745
36	813
36	883
37	74
37	154
37	168
37	304
37	486
37	647
38	339
38	357
38	421
38	470
38	656
38	700
38	704
38	750
38	781
38	828
39	477
40	122
40	149
40	182
40	192
40	240
40	274
40	403
40	512
40	534
40	542
40	548
40	624
40	639
40	690
40	692
40	700
40	794
40	822
40	828
40	904
40	916
40	919
40	933
40	939
40	959
40	993
41	154
41	263
41	337
41	375
41	397
41	505
41	576
41	647
41	684
41	691
41	794
41	816
41	988
42	113
42	293
42	301
42	373
42	440
42	593
42	769
42	783
42	787
42	816
42	827
42	847
43	200
43	369
43	394
43	419
43	439
43	492
43	509
43	632
43	702
43	726
43	782
43	854
44	79
44	119
44	123
44	168
44	821
44	823
45	104
45	205
45	234
45	351
45	385
45	458
45	463
45	495
45	502
45	557
45	568
45	682
45	848
45	885
45	956
46	122
46	466
46	573
46	747
47	109
47	240
47	266
47	290
47	556
47	574
47	870
48	85
48	342
48	457
48	550
48	657
48	720
48	721
49	111
49	118
49	178
49	203
49	225
49	259
49	421
49	555
49	675
49	736
49	753
49	830
49	896
49	945
49	982
50	90
50	100
50	103
50	111
50	178
50	259
50	338
50	382
50	438
50	561
50	575
50	588
50	641
50	664
50	713
50	725
50	743
50	801
50	860
50	862
50	974
50	982
50	983
51	181
51	234
51	371
51	617
51	824
51	879
52	152
52	386
52	392
52	408
52	612
52	625
52	646
52	676
52	937
53	63
53	179
53	216
53	221
53	308
53	313
53	327
53	453
53	754
53	899
53	924
54	84
54	181
54	312
54	362
54	366
54	521
54	613
54	773
54	811
54	960
55	715
56	250
56	273
56	274
56	313
56	444
56	538
56	590
56	592
56	822
56	826
56	958
56	976
57	112
57	217
57	430
57	434
57	538
57	575
57	599
57	611
57	777
57	839
57	851
57	880
57	933
58	273
58	283
58	299
58	317
58	384
58	417
58	584
58	596
58	613
58	767
58	785
58	887
58	911
59	79
59	99
59	360
59	471
59	488
59	557
59	558
59	562
59	575
59	671
59	750
59	896
59	923
59	934
59	945
60	222
60	343
60	450
60	574
60	602
60	719
60	810
60	940
61	147
61	195
61	332
61	357
61	613
61	754
61	767
61	840
62	100
62	103
62	163
62	290
62	338
62	369
62	371
62	385
62	463
62	521
62	562
62	580
62	587
62	614
62	628
62	804
62	848
63	81
63	112
63	122
63	147
63	206
63	216
63	255
63	333
63	372
63	592
63	746
63	905
64	68
64	109
64	201
64	208
64	219
64	351
64	645
64	722
65	602
65	651
65	843
65	908
67	155
67	362
68	155
68	271
68	530
68	556
68	645
68	820
69	488
69	554
69	727
69	999
70	151
70	219
70	381
70	412
70	688
70	727
70	797
71	742
72	154
72	159
72	256
72	449
72	482
72	484
72	622
72	655
72	675
72	827
72	844
72	970
73	163
73	200
73	204
73	250
73	313
73	465
73	507
73	632
73	726
74	184
74	252
74	286
74	306
74	337
74	563
74	776
74	825
75	105
75	256
75	407
75	416
75	436
75	478
75	495
75	680
75	686
75	690
75	737
75	745
75	760
75	767
75	801
75	884
75	904
75	930
75	945
75	959
77	130
77	204
77	231
77	245
77	425
77	427
77	564
78	122
78	141
78	147
78	200
78	249
78	327
78	345
78	372
78	465
78	474
78	724
78	786
78	984
78	993
79	99
79	119
79	157
79	219
79	346
79	378
79	443
79	484
79	491
79	506
79	557
79	653
79	750
80	136
80	161
80	415
80	428
80	534
80	606
80	702
80	759
80	762
80	789
80	848
81	145
81	200
81	216
81	308
81	334
81	509
81	637
81	730
81	792
81	939
82	128
82	150
82	384
82	428
82	577
82	584
82	671
82	809
82	909
83	175
83	192
83	205
83	209
83	561
83	569
83	580
83	668
83	745
83	788
83	856
83	875
83	883
83	956
84	390
84	602
84	635
84	644
84	651
84	868
85	146
85	359
85	389
85	472
85	475
85	572
85	657
85	763
85	858
85	875
86	167
86	183
86	593
86	618
86	638
86	639
86	700
86	845
86	893
86	910
86	939
87	266
87	284
87	516
87	677
87	699
87	701
87	711
87	801
87	978
88	181
88	524
88	574
88	597
88	617
88	804
89	418
89	484
89	554
89	823
89	953
90	291
90	400
90	556
90	834
90	999
91	292
91	342
91	437
91	502
91	588
91	616
91	807
91	846
91	893
91	989
92	101
92	321
92	371
92	458
92	623
92	701
92	949
92	986
92	987
93	101
93	266
93	290
93	815
95	123
95	126
95	141
95	200
95	217
95	328
95	417
95	481
95	547
95	548
95	650
95	746
95	762
95	933
95	982
96	193
96	195
96	230
96	294
96	443
96	549
96	646
96	681
96	771
96	774
96	844
96	846
96	918
96	966
97	157
97	175
97	219
97	319
97	400
97	412
97	451
97	548
97	576
97	599
97	682
97	696
97	893
97	896
97	956
97	978
97	989
98	173
98	264
98	283
98	298
98	819
98	917
99	108
99	109
99	175
99	320
99	353
99	371
99	417
99	562
99	896
99	922
99	964
100	256
100	291
100	334
100	488
100	548
100	550
100	650
100	667
100	690
100	693
100	696
100	733
100	760
100	883
100	904
100	945
100	965
100	982
100	999
101	674
101	678
101	986
102	106
102	212
102	293
102	329
102	359
102	506
102	575
102	618
102	681
102	716
102	771
102	867
102	895
102	896
102	910
102	916
102	937
102	967
103	111
103	488
103	575
103	641
103	682
103	875
103	884
103	927
104	113
104	118
104	121
104	178
104	263
104	306
104	421
104	434
104	532
104	612
104	616
104	646
104	664
104	675
104	681
104	700
104	745
104	794
104	821
104	830
104	875
104	982
105	209
105	281
105	451
105	461
105	464
105	504
105	602
105	667
105	677
105	707
105	757
105	804
105	839
105	840
105	856
105	883
105	887
106	243
106	250
106	252
106	277
106	370
106	403
106	534
106	541
106	551
106	595
106	599
106	600
106	641
106	806
106	873
106	939
106	974
107	109
107	416
107	504
107	587
107	617
107	642
107	693
107	699
107	756
108	118
108	123
108	175
108	259
108	421
108	491
108	682
108	684
108	769
109	155
109	228
109	359
109	393
109	458
109	736
109	745
109	800
109	964
111	172
111	289
111	306
111	328
111	486
111	527
111	561
111	684
111	989
112	126
112	294
112	302
112	348
112	352
112	434
112	444
112	529
112	543
112	547
112	599
112	604
112	611
112	619
112	784
112	791
112	849
112	905
112	923
113	157
113	416
113	491
113	505
113	718
113	729
113	934
114	169
114	236
114	270
114	552
114	995
115	211
115	769
115	825
116	140
116	164
116	258
116	552
116	937
117	480
117	794
117	874
118	243
118	292
118	417
118	502
118	641
118	650
118	745
118	845
118	860
118	872
119	168
119	174
119	319
119	449
119	484
119	491
119	641
119	652
119	708
119	720
119	949
120	130
120	136
121	178
121	217
121	243
121	258
121	286
121	475
121	562
121	622
121	760
121	922
121	970
122	161
122	215
122	221
122	257
122	293
122	350
122	439
122	724
122	832
122	845
122	910
122	939
123	155
123	172
123	190
123	360
123	550
123	682
123	872
123	893
123	989
124	301
124	593
124	831
124	943
125	182
125	302
125	363
125	439
125	638
125	683
125	832
125	933
125	939
126	149
126	178
126	330
126	434
126	531
126	588
126	647
126	724
126	794
126	822
126	861
126	880
128	245
128	570
128	685
129	423
129	455
129	462
129	487
129	498
129	784
129	991
130	394
130	477
130	863
131	442
131	772
132	252
132	305
132	389
132	474
132	512
132	551
132	588
132	593
132	662
132	732
132	737
132	743
132	807
132	846
132	885
132	995
133	152
133	257
133	274
133	276
133	319
133	506
133	535
133	551
133	592
133	658
135	192
135	225
135	417
135	478
135	501
135	520
135	656
135	693
135	718
135	737
135	757
135	830
135	839
135	875
135	892
135	895
135	923
135	925
135	976
135	984
135	990
136	427
139	374
139	835
139	871
140	186
140	518
140	605
140	648
140	673
140	764
140	929
141	215
141	233
141	527
141	529
141	598
141	599
141	705
141	779
141	784
141	804
141	849
142	280
142	333
142	408
142	460
142	573
143	167
143	258
143	270
143	546
143	594
143	595
143	918
143	995
144	198
144	281
144	577
144	613
144	666
144	931
145	226
145	235
145	250
145	627
145	658
145	769
145	833
145	906
145	966
146	197
146	212
146	276
146	289
146	359
146	550
146	552
146	576
146	605
146	768
147	179
147	182
147	183
147	218
147	242
147	265
147	334
147	363
147	399
147	420
147	475
147	517
147	726
147	774
148	172
148	194
148	206
148	221
148	387
148	399
148	592
148	687
148	717
148	726
148	786
149	170
149	262
149	372
149	485
149	612
149	746
149	939
150	158
150	199
150	395
150	511
150	559
150	606
150	785
150	789
150	836
150	888
150	914
151	174
151	252
151	275
151	446
151	484
151	816
152	172
152	188
152	253
152	308
152	341
152	370
152	475
152	527
152	541
152	641
152	664
152	684
152	704
152	734
152	750
152	867
152	873
152	910
152	916
152	929
152	967
152	975
153	188
153	212
153	373
153	392
153	506
153	549
153	575
153	595
153	658
153	693
153	746
153	822
153	895
153	904
153	905
153	928
153	959
153	967
154	188
154	195
154	241
154	243
154	576
154	646
154	657
154	764
154	779
154	827
154	846
155	247
155	307
155	499
155	583
155	664
155	704
155	844
155	900
155	911
156	193
156	210
156	286
156	304
156	318
156	764
156	860
156	935
157	178
157	181
157	210
157	292
157	463
157	512
157	578
157	641
157	713
157	729
157	743
157	773
157	801
157	875
157	982
158	283
158	559
158	666
158	765
158	778
158	788
158	815
158	887
158	946
159	301
159	306
159	774
159	817
159	820
159	881
160	240
160	269
160	309
160	407
160	500
160	719
160	725
160	771
160	788
160	871
160	883
160	923
160	956
161	165
161	265
161	314
161	317
161	363
161	391
161	492
161	533
161	599
161	636
161	649
161	911
161	924
161	997
162	579
163	265
163	280
163	308
163	348
163	408
163	530
163	549
163	590
163	676
163	702
163	958
164	248
164	258
164	673
164	806
164	817
164	906
164	977
165	223
165	298
165	667
165	687
165	982
166	312
166	323
166	602
166	635
166	837
167	212
167	235
167	292
167	376
167	492
167	534
167	548
167	616
167	779
167	787
167	903
168	359
168	821
169	236
169	847
169	995
170	277
170	292
170	369
170	372
170	392
170	438
170	551
170	583
170	684
170	702
170	787
170	926
171	343
171	371
171	464
171	645
171	773
171	778
171	812
171	885
171	931
172	183
172	251
172	289
172	319
172	341
172	421
172	467
172	476
172	485
172	502
172	619
172	641
172	675
172	700
172	780
172	787
172	827
173	500
173	526
173	789
173	843
174	237
174	266
174	443
174	610
174	674
174	727
174	823
175	219
175	381
175	400
175	562
175	688
175	733
176	487
176	765
176	766
176	785
176	836
176	909
176	917
177	250
177	408
177	957
178	346
178	360
178	502
178	575
178	616
178	653
178	662
178	737
178	769
178	801
178	862
178	897
178	933
178	964
178	974
178	989
179	294
179	334
179	348
179	363
179	380
179	444
179	492
179	494
179	529
179	549
179	577
179	604
179	611
179	818
179	971
179	997
180	195
180	265
180	380
180	392
180	444
180	474
180	547
180	558
180	618
180	658
180	687
180	729
180	760
180	802
180	825
180	903
181	264
181	584
181	635
182	420
182	439
182	501
182	532
182	551
182	695
182	700
182	749
182	791
182	899
182	905
182	910
183	193
183	262
183	274
183	534
183	547
183	611
183	658
183	724
183	820
183	919
184	793
185	193
185	474
185	594
185	633
185	730
185	792
185	838
185	873
185	905
185	966
187	358
187	423
187	454
188	193
188	195
188	286
188	289
188	293
188	329
188	397
188	399
188	506
188	549
188	675
188	732
188	774
188	861
188	873
188	878
188	967
188	979
189	467
189	560
189	769
189	874
189	881
190	338
190	398
190	401
190	416
190	583
190	686
190	690
190	718
190	729
190	737
190	885
190	893
190	896
190	925
190	933
191	201
191	644
191	668
191	884
191	944
191	949
192	272
192	416
192	417
192	436
192	463
192	481
192	497
192	542
192	718
192	809
192	925
192	927
192	947
193	197
193	243
193	276
193	350
193	475
193	558
193	583
193	646
193	806
194	333
194	375
194	445
194	808
194	859
194	863
195	375
195	399
195	525
195	542
195	662
195	664
195	983
195	984
196	198
196	273
196	299
196	323
196	403
196	450
196	628
196	707
196	747
196	766
196	839
196	926
196	931
197	389
197	531
197	593
197	620
197	691
197	704
197	721
197	768
198	314
198	559
198	570
198	666
198	695
198	778
198	940
199	287
199	331
199	458
200	255
200	388
200	435
200	438
200	501
200	573
200	637
200	731
200	997
201	344
201	351
201	635
201	799
201	800
201	804
201	840
203	252
203	292
203	295
203	342
203	382
203	486
203	550
203	620
203	622
203	820
203	896
203	904
204	419
204	632
204	683
204	712
204	921
204	998
205	209
205	234
205	238
205	409
205	556
205	645
205	701
205	736
205	781
205	876
205	981
206	250
206	322
206	445
206	507
206	528
206	533
206	619
206	726
207	311
207	368
207	441
207	715
207	843
208	234
208	328
208	335
208	353
208	397
208	398
208	416
208	548
208	574
208	597
208	671
208	900
208	945
208	952
208	956
209	281
209	409
209	575
209	645
209	720
209	722
209	737
209	876
209	884
209	900
211	220
211	252
211	482
211	554
211	881
211	979
212	434
212	474
212	546
212	551
212	578
212	598
212	612
212	646
212	658
212	684
212	792
212	873
213	445
213	466
213	624
214	235
214	482
214	603
214	664
214	730
215	221
215	332
215	379
215	380
215	419
215	420
215	507
215	598
215	619
215	731
215	746
215	760
215	792
215	806
215	921
215	928
215	997
216	564
216	692
217	249
217	386
217	438
217	501
217	542
217	686
217	718
217	787
217	919
217	974
217	976
218	605
218	833
218	867
218	906
218	975
219	451
219	653
219	999
220	252
220	263
220	286
220	550
220	610
220	657
220	797
220	872
221	308
221	399
221	507
221	687
221	749
222	312
222	944
223	354
223	395
223	453
223	740
224	255
224	466
224	950
225	305
225	309
225	388
225	457
225	478
225	481
225	511
225	551
225	695
225	745
225	779
225	904
225	982
226	255
226	350
226	352
226	420
226	592
226	676
226	826
226	891
226	929
227	277
227	412
227	458
227	463
227	499
227	504
227	642
227	832
227	885
227	965
227	981
229	448
230	294
230	306
230	399
230	402
230	558
230	658
230	673
230	675
230	686
230	967
231	324
231	355
231	527
231	536
231	545
231	549
231	739
231	871
232	342
232	624
232	759
232	817
232	988
233	322
233	339
233	384
233	492
233	619
233	664
233	680
233	700
233	809
233	828
233	854
233	880
233	914
233	917
234	323
234	409
234	463
234	631
234	671
234	781
234	848
234	885
234	900
234	946
235	293
235	375
235	433
235	456
235	572
235	746
236	565
236	648
236	732
236	858
236	874
236	915
237	321
237	362
237	378
237	952
237	980
238	269
238	504
238	677
238	836
238	876
238	974
240	272
240	339
240	351
240	388
240	470
240	671
240	779
240	791
240	923
241	304
241	402
241	446
241	451
241	554
241	720
241	793
242	330
242	369
242	425
243	270
243	286
243	293
243	444
243	872
243	874
243	988
244	496
244	874
244	894
245	403
245	441
245	581
245	685
245	785
245	877
245	917
247	569
247	623
248	565
248	689
249	255
249	380
249	541
249	590
249	618
249	950
250	394
250	590
250	808
251	314
251	369
251	403
251	489
251	500
251	541
251	697
251	725
251	752
251	757
251	767
251	877
251	880
251	990
252	301
252	605
253	482
253	501
253	576
253	605
253	746
253	861
253	875
253	967
254	334
254	385
254	403
254	459
254	492
254	619
254	656
254	731
254	759
254	779
254	780
254	814
254	824
255	262
255	380
255	535
255	910
255	993
256	272
256	295
256	319
256	361
256	385
256	478
256	517
256	616
256	710
256	722
256	828
256	893
256	974
257	350
257	386
257	388
257	430
257	435
257	547
257	590
257	592
257	595
257	763
257	838
257	932
258	505
258	684
258	763
259	328
259	353
259	422
259	436
259	481
259	585
259	608
259	628
259	682
259	745
259	766
259	813
259	885
259	895
259	934
259	989
261	302
261	328
261	339
261	438
261	457
261	555
261	585
261	588
261	736
261	760
261	762
261	799
261	923
262	274
262	535
262	590
262	618
262	633
262	851
262	950
263	359
263	433
263	506
263	593
263	594
263	620
263	622
263	732
263	847
264	311
264	570
264	651
264	685
264	818
265	332
265	380
265	396
265	435
265	527
265	529
265	541
265	549
265	590
265	604
265	611
265	619
265	924
265	946
266	287
266	371
266	381
266	569
266	665
266	668
266	727
266	733
267	314
267	317
267	322
267	339
267	422
267	431
267	439
267	615
267	809
267	814
268	277
268	521
268	644
268	668
268	677
268	711
268	934
269	357
269	417
269	450
269	698
269	707
269	736
269	766
269	828
269	947
269	981
270	550
270	560
270	571
270	652
270	713
270	875
270	901
270	953
271	699
271	755
272	360
272	391
272	557
272	575
272	697
272	713
272	762
272	779
272	782
272	830
272	904
272	907
273	354
273	379
273	725
273	762
273	784
273	785
273	818
273	997
274	375
274	380
274	399
274	444
274	476
274	600
274	618
274	639
274	731
274	822
275	278
275	359
275	378
275	496
275	568
275	674
275	797
276	289
276	293
276	329
276	475
276	482
276	539
276	558
276	595
276	622
276	625
276	648
276	721
276	734
276	774
276	849
276	895
277	290
277	335
277	381
277	468
277	491
277	554
277	578
277	708
277	736
277	756
277	793
277	893
277	948
277	989
278	623
278	659
278	733
278	813
279	392
279	418
279	539
280	396
280	532
280	631
280	658
280	687
280	705
280	718
280	731
281	328
281	464
281	500
281	516
281	707
281	981
282	368
282	473
282	868
283	314
283	788
284	366
284	473
284	521
284	960
285	300
285	374
285	395
285	735
285	835
286	467
286	576
286	764
286	776
286	820
286	847
286	858
289	402
289	512
289	555
289	561
289	575
289	647
289	690
289	801
289	878
289	965
289	982
290	299
290	398
290	436
290	495
290	502
290	671
290	696
290	720
290	799
290	832
290	840
290	900
290	942
291	406
291	468
291	773
291	944
292	495
292	550
292	575
292	588
292	605
292	650
292	684
292	760
292	794
292	845
292	922
293	294
293	337
293	375
293	434
293	471
293	539
293	670
293	681
293	806
293	918
294	308
294	388
294	555
294	595
294	646
294	737
294	792
295	486
295	550
295	691
295	807
295	895
295	918
296	391
296	460
296	564
296	683
296	754
296	814
296	998
297	626
297	716
297	777
297	838
297	891
297	943
298	324
298	391
298	744
298	754
298	898
299	347
299	383
299	415
299	428
299	559
299	914
300	410
300	526
300	902
300	917
301	471
301	472
301	550
301	565
301	941
301	983
302	438
302	475
302	534
302	551
302	599
302	658
302	758
302	792
302	806
302	822
302	878
302	938
303	422
303	431
303	478
303	636
303	737
303	765
303	781
303	930
304	349
304	406
304	591
304	620
304	821
304	874
304	918
304	979
304	988
304	995
305	357
305	372
305	434
305	438
305	587
305	662
305	686
305	758
305	774
305	878
305	939
306	342
306	471
306	472
306	670
306	817
306	967
307	310
307	562
307	569
307	580
307	641
307	816
308	333
308	379
308	382
308	394
308	509
308	533
308	535
308	538
308	590
308	726
308	746
308	749
309	328
309	416
309	516
309	656
309	710
309	713
309	719
309	800
309	804
309	844
309	904
309	926
309	947
310	484
310	505
310	578
310	653
310	884
311	570
311	579
311	715
311	879
312	323
312	393
312	698
312	800
312	978
313	336
313	345
313	419
313	438
313	465
313	471
313	513
313	525
313	904
313	910
313	921
313	933
314	347
314	354
314	384
314	501
315	338
315	375
315	376
315	409
315	489
315	681
315	686
315	695
315	710
315	719
315	758
315	789
315	880
315	947
316	406
316	443
316	446
316	582
316	821
316	823
317	322
317	581
317	619
317	767
317	882
318	365
318	552
318	761
318	913
319	334
319	377
319	476
319	486
319	542
319	587
319	680
319	713
319	874
319	885
320	398
320	403
320	436
320	504
320	523
320	578
320	876
320	885
320	945
321	678
321	694
321	986
322	382
322	459
322	543
322	548
322	899
323	450
323	521
323	677
323	799
323	876
323	926
323	989
324	383
325	442
326	341
326	471
326	605
326	709
326	774
326	937
326	950
327	354
327	357
327	423
327	520
327	758
327	854
327	914
327	947
328	338
328	488
328	557
328	897
328	927
328	989
329	342
329	382
329	438
329	595
329	646
329	664
329	681
329	795
329	838
329	873
330	369
330	543
330	750
330	780
330	782
330	791
330	836
330	872
330	945
330	984
331	483
331	773
332	363
332	397
332	435
332	619
332	724
332	731
332	750
332	754
332	822
332	828
332	910
333	528
333	624
333	838
334	337
334	391
334	434
334	599
334	695
334	700
334	806
334	830
334	849
334	899
334	936
334	976
335	634
335	766
335	836
335	839
336	376
336	453
336	465
336	601
336	998
337	342
337	346
337	389
337	495
337	552
337	572
337	576
337	662
337	673
337	771
337	807
337	982
338	362
338	516
338	574
338	596
338	598
338	628
338	647
338	927
338	945
338	956
339	485
339	697
339	700
339	924
339	929
339	974
339	997
340	341
340	474
340	716
340	771
341	387
341	403
341	456
341	472
341	548
342	359
342	389
342	438
342	594
342	605
343	521
343	711
344	711
345	394
345	509
345	527
345	633
345	692
345	754
345	786
345	904
345	905
345	910
345	936
346	388
346	438
346	457
346	531
346	562
346	587
346	593
346	647
346	684
346	721
346	753
346	807
346	970
346	982
347	396
347	470
347	489
347	494
347	520
347	541
347	577
347	599
347	615
347	767
347	854
348	492
348	501
348	507
348	611
348	618
348	747
348	754
348	758
348	782
348	830
348	924
349	359
349	609
349	831
350	375
350	528
350	534
350	555
350	605
350	646
350	873
351	409
351	463
351	500
351	597
351	690
351	736
351	755
351	804
351	815
352	356
352	375
352	399
352	520
352	532
352	542
352	615
352	619
352	664
352	820
352	854
352	939
353	400
353	495
353	523
353	631
353	727
353	756
353	884
353	956
354	423
354	526
354	529
354	601
354	725
354	924
354	971
355	379
355	425
355	460
355	494
355	744
355	809
356	513
356	527
356	573
356	611
356	632
356	649
356	712
356	749
356	939
357	398
357	401
357	430
357	570
357	584
357	696
357	722
357	736
357	848
357	925
358	961
358	963
359	378
359	437
359	578
359	608
359	620
359	681
359	821
359	953
360	713
360	737
360	746
360	883
360	926
360	956
361	673
361	745
361	872
361	919
361	959
362	393
362	475
362	556
362	574
362	686
362	756
362	876
362	897
362	934
362	946
362	981
363	372
363	399
363	403
363	434
363	501
363	649
363	814
363	830
363	893
364	442
364	692
365	661
366	651
366	855
367	577
367	637
367	649
367	666
367	924
368	401
368	570
368	685
368	815
369	409
369	439
369	485
369	489
369	543
369	693
369	725
369	734
369	809
369	845
369	882
369	926
370	386
370	474
370	547
370	600
370	716
370	746
370	919
370	959
370	967
371	397
371	468
371	499
371	523
371	645
371	701
371	733
371	968
372	549
372	599
372	919
373	418
373	440
373	486
373	560
373	745
373	831
373	881
373	901
373	913
374	423
374	835
375	547
375	590
375	624
375	658
375	664
375	684
375	758
375	893
376	396
376	460
376	549
376	573
376	747
376	863
376	991
376	997
376	998
378	674
378	797
378	821
378	860
379	394
379	494
379	683
379	871
379	905
379	919
379	930
380	492
380	529
380	533
380	590
380	598
380	687
380	726
380	827
380	849
380	923
380	928
381	382
381	569
381	720
382	449
382	478
382	608
382	681
382	720
382	896
382	922
383	683
383	791
383	882
384	401
384	585
384	615
384	656
384	697
384	880
385	398
385	421
385	598
385	622
385	693
385	710
385	818
385	923
385	928
385	992
386	433
386	456
386	515
386	572
386	730
387	540
387	544
387	891
387	939
387	966
388	430
388	470
388	548
388	575
388	581
388	725
388	786
388	845
388	933
389	506
389	616
389	647
389	875
389	970
390	597
390	642
390	651
390	810
390	840
390	855
391	530
391	599
391	754
391	851
391	961
392	397
392	438
392	551
392	697
392	743
392	771
392	794
392	922
392	939
392	946
393	504
393	614
393	696
393	698
393	722
393	945
393	974
394	705
394	747
395	579
395	902
396	477
396	585
396	712
396	754
396	782
397	421
397	502
397	561
397	616
397	743
397	759
397	768
397	801
397	875
398	401
398	470
398	511
398	781
398	788
399	434
399	474
399	681
399	750
400	569
400	578
400	733
400	964
401	485
401	499
401	542
401	574
401	596
401	613
401	671
401	686
401	762
401	936
401	945
402	603
402	708
402	831
403	421
403	459
403	543
403	618
403	791
403	830
403	928
403	990
403	991
403	993
404	597
404	666
404	767
404	770
404	818
404	890
404	908
404	942
406	412
406	557
406	569
406	653
406	855
406	952
407	409
407	416
407	495
407	543
407	631
407	809
407	911
407	926
407	976
408	808
408	859
409	463
409	581
409	667
409	696
409	736
409	876
409	922
409	926
412	542
412	568
412	688
412	720
412	813
412	875
412	900
412	914
412	964
412	996
415	487
415	498
415	511
415	917
415	924
416	628
416	693
416	710
416	930
416	947
417	542
417	628
417	693
417	697
417	848
417	925
417	964
418	446
418	486
418	502
418	505
418	554
418	609
418	801
418	953
420	600
420	692
420	957
421	495
421	555
421	616
421	671
421	684
421	718
421	779
421	807
421	828
421	848
421	965
421	974
422	461
422	463
422	470
422	651
422	695
422	818
422	887
422	922
422	926
423	697
423	779
423	991
424	483
424	569
424	582
424	623
424	994
425	427
425	744
425	749
425	907
426	975
426	977
427	526
427	752
427	822
428	431
428	489
428	559
428	613
428	619
428	752
428	877
428	961
429	453
429	695
429	705
429	873
429	910
429	921
429	950
429	958
430	435
430	457
430	501
430	542
430	543
430	822
430	839
430	895
430	923
430	982
430	995
431	581
431	785
432	493
432	525
432	533
433	541
433	545
433	555
433	845
434	534
434	632
434	745
434	758
434	801
434	828
434	893
434	895
434	928
434	929
434	933
434	988
435	489
435	494
435	509
435	520
435	527
435	543
435	545
435	604
435	849
435	910
435	921
436	488
436	502
436	504
436	653
436	762
436	893
436	922
437	443
437	451
437	591
437	593
437	690
437	708
437	720
437	773
437	896
438	534
438	543
438	667
438	695
438	700
438	725
438	773
438	922
438	982
439	583
439	604
439	637
439	639
439	700
439	788
439	822
439	849
439	976
440	605
440	675
440	761
440	783
440	866
440	913
442	863
443	484
443	556
443	738
443	832
443	952
443	980
444	453
444	760
444	793
444	836
444	984
445	627
445	643
446	496
446	560
446	763
447	754
447	902
448	466
448	493
448	607
449	552
449	831
449	915
450	617
450	701
450	789
450	810
450	888
451	688
451	733
451	952
451	999
452	573
453	492
453	705
453	739
453	754
453	778
453	985
454	853
454	857
455	564
455	796
455	971
456	471
456	506
456	572
456	681
456	690
456	817
456	833
456	873
457	551
457	561
457	598
457	650
457	662
457	686
457	693
457	718
457	762
457	923
457	927
457	991
457	997
458	640
458	699
458	745
458	948
459	666
459	759
459	780
459	836
459	880
459	976
460	465
460	529
460	573
460	638
460	683
460	747
460	998
461	598
461	613
461	715
461	719
461	909
462	537
462	882
463	724
463	780
463	804
463	824
463	880
463	930
464	495
464	500
464	597
464	641
464	690
464	840
464	870
464	931
464	946
465	520
465	527
465	536
465	545
465	638
465	740
465	921
465	963
466	528
466	633
466	775
466	905
466	963
467	505
467	652
467	708
467	822
467	872
467	953
468	562
468	587
468	680
468	801
468	900
468	968
469	748
470	534
470	541
470	551
470	656
470	662
470	725
470	903
470	925
470	928
470	961
471	506
471	595
471	610
471	664
471	718
471	806
471	858
472	730
472	873
473	522
474	611
474	716
474	816
474	910
474	918
474	937
474	967
475	553
475	583
475	658
475	731
475	753
475	867
475	910
475	988
476	478
476	548
476	593
476	650
476	681
476	759
476	760
476	928
476	929
476	974
476	984
477	714
477	920
478	488
478	631
478	667
478	782
478	789
478	917
478	926
478	930
481	578
481	641
481	696
481	762
481	780
481	830
481	989
482	605
482	622
482	691
482	975
482	995
483	645
483	665
483	811
483	978
484	486
484	768
484	813
484	821
485	520
485	606
485	615
485	639
485	791
485	904
485	997
486	506
486	655
486	660
486	721
486	875
487	602
487	744
487	907
488	504
488	555
488	562
488	644
488	660
488	675
488	699
488	720
488	745
488	756
488	875
488	883
488	897
488	934
489	606
489	719
489	784
489	830
489	845
489	899
489	911
489	927
489	947
489	976
489	993
491	495
491	653
491	734
491	884
491	964
492	501
492	529
492	532
492	549
492	599
492	632
492	746
492	749
492	836
492	899
492	928
494	577
494	692
494	759
494	998
495	502
495	562
495	677
495	713
495	769
495	773
495	840
495	848
495	934
495	984
496	659
496	803
497	524
497	597
497	635
497	770
497	824
497	889
498	555
498	564
498	601
498	784
498	898
498	971
499	523
499	580
499	699
499	884
499	930
500	584
500	642
500	824
500	888
500	890
500	946
501	543
501	575
501	583
501	639
501	867
501	921
501	922
501	974
501	984
502	583
502	616
502	641
502	839
502	948
502	990
504	556
504	574
504	773
504	897
504	956
505	591
505	652
505	693
505	764
505	797
505	875
506	594
506	646
506	670
506	753
506	846
506	850
506	929
506	939
506	988
507	527
507	536
507	549
507	794
508	938
509	826
509	910
510	689
511	517
511	631
512	585
512	664
512	674
512	732
512	989
513	598
513	702
513	730
513	731
515	540
515	966
516	614
516	707
516	781
516	810
516	883
516	944
517	574
517	695
517	707
517	719
517	780
517	781
517	788
517	789
517	832
517	882
517	992
518	673
518	805
518	833
518	847
518	943
520	615
520	619
520	695
520	791
520	809
520	997
521	790
523	686
523	733
523	794
523	949
523	956
524	570
524	704
524	818
524	843
524	940
525	658
525	730
525	932
526	537
527	547
527	581
527	677
527	697
527	760
527	828
527	849
527	882
527	905
527	939
527	976
528	633
528	637
528	919
528	921
528	932
528	938
528	950
528	957
529	549
529	599
529	683
529	712
529	787
529	997
530	545
530	700
530	976
531	562
531	588
531	662
531	664
531	686
531	691
531	704
531	729
531	769
531	774
531	850
531	893
532	541
532	555
532	589
532	618
532	782
532	998
533	910
533	938
534	611
534	632
534	734
534	740
534	762
534	878
535	538
535	590
535	638
535	639
535	802
535	919
535	921
536	782
536	808
536	863
538	779
538	832
539	648
539	670
539	817
540	937
540	954
540	966
541	577
541	637
541	746
541	851
541	877
541	880
542	575
542	578
542	591
542	594
542	743
542	787
542	794
542	828
542	930
543	589
543	682
543	759
543	830
543	904
544	932
546	806
546	938
546	950
547	589
547	731
547	771
548	646
548	650
548	794
548	849
548	895
548	904
548	959
548	982
548	983
548	993
549	599
549	601
549	604
549	839
549	854
549	882
549	899
549	984
550	646
550	684
550	691
550	721
550	844
550	861
550	896
551	555
551	583
551	616
551	682
551	684
551	729
551	768
551	806
551	844
551	850
551	874
551	926
551	928
551	933
551	959
552	654
552	866
552	951
552	995
553	797
553	831
553	881
554	609
554	797
554	823
555	585
555	588
555	589
555	618
555	632
555	641
555	662
555	702
555	704
555	729
555	838
555	850
555	934
555	974
555	982
555	984
556	645
556	773
556	837
556	900
556	981
557	591
557	628
557	682
557	688
557	736
557	856
557	884
557	933
557	956
558	658
558	681
558	746
558	771
559	680
559	685
559	879
559	887
560	620
560	652
560	915
560	979
561	585
561	652
561	697
561	724
561	753
561	801
561	806
561	861
561	903
561	967
561	992
562	578
562	585
562	614
562	641
562	680
562	684
562	729
562	743
562	893
562	934
562	945
563	610
563	795
563	874
564	577
564	754
564	902
567	996
569	952
570	636
570	942
572	603
572	605
572	919
573	632
573	638
573	683
573	705
573	749
573	852
573	869
573	924
574	628
574	856
574	946
575	690
575	721
575	750
575	801
575	828
575	850
575	854
575	856
575	862
575	893
575	916
576	605
576	620
576	928
576	967
576	988
577	636
577	854
577	928
577	990
577	991
578	622
578	688
578	729
578	743
578	756
578	844
578	848
578	893
578	964
580	641
580	694
580	701
580	720
580	745
580	821
580	850
580	860
580	884
580	945
580	965
581	613
581	641
581	784
581	791
582	665
582	678
582	694
582	949
582	986
583	639
583	686
583	787
583	928
583	933
584	656
584	879
584	885
585	588
585	591
585	616
585	734
585	753
585	820
585	883
585	893
585	989
586	962
587	671
587	700
587	740
587	773
587	904
588	591
588	593
588	650
588	753
588	827
588	847
588	875
589	598
589	611
589	619
589	646
589	695
589	754
589	806
589	892
590	624
590	716
590	758
590	957
591	696
591	720
591	723
591	801
591	860
592	600
592	612
592	624
592	716
592	724
592	734
592	950
593	595
593	709
593	768
593	833
593	844
593	956
593	988
594	595
594	734
594	769
594	844
595	795
596	667
596	677
596	693
596	781
596	794
596	839
596	911
596	942
596	964
597	773
597	788
597	799
597	931
598	697
598	700
598	718
598	758
598	779
598	830
598	904
598	982
598	984
599	686
599	724
599	794
599	814
599	822
599	867
599	899
600	658
600	860
600	861
601	739
601	972
602	940
603	858
603	995
604	637
604	826
604	871
605	658
605	670
605	673
605	764
606	788
606	848
606	887
606	946
607	717
607	891
608	620
608	688
608	768
608	973
609	831
610	708
610	823
610	881
611	618
611	690
611	892
611	929
611	959
612	626
612	791
612	817
612	826
612	838
612	878
613	719
613	765
613	818
614	644
614	925
615	725
615	750
615	789
615	818
615	877
615	976
615	998
616	675
616	691
616	787
616	806
616	861
616	988
617	942
618	700
618	762
618	777
618	787
618	828
618	929
618	959
619	702
619	782
619	791
619	814
619	828
619	936
619	945
619	991
619	997
620	895
622	639
622	691
622	708
622	732
622	816
623	701
624	826
625	627
625	771
625	775
625	826
625	861
625	895
626	679
626	709
626	775
626	802
626	891
626	937
626	966
627	676
627	749
627	873
627	906
627	966
628	656
628	724
628	753
628	766
628	922
628	965
629	765
629	969
631	667
631	696
631	836
631	840
631	885
631	947
632	687
632	724
632	863
632	958
632	985
632	998
633	802
633	910
633	957
635	868
635	888
636	754
636	917
636	931
637	683
637	851
637	877
639	697
639	702
639	750
639	762
639	862
639	904
639	939
640	665
640	668
640	949
640	999
641	675
641	690
641	704
641	710
641	720
641	743
641	760
641	768
641	801
641	848
641	934
642	671
642	755
642	811
644	707
644	770
644	960
645	711
645	793
645	885
646	690
646	729
646	732
646	769
646	774
646	838
646	867
647	664
647	816
648	805
649	705
649	762
649	961
650	750
650	800
650	893
650	933
650	945
650	974
652	660
652	763
652	821
652	872
652	874
652	895
652	935
652	983
653	821
653	883
653	964
656	880
656	923
657	673
657	769
657	813
658	746
658	758
658	806
658	849
658	878
658	892
658	916
659	803
659	823
660	763
660	797
660	874
661	761
662	746
662	872
662	919
662	945
663	736
663	978
664	746
664	774
664	792
664	820
664	872
664	919
664	922
664	928
665	668
665	834
666	767
666	780
666	788
666	880
667	686
667	710
667	737
667	982
667	992
668	931
668	956
668	978
669	952
671	680
671	693
671	737
671	743
671	756
671	760
671	848
671	882
671	997
673	827
673	833
674	948
674	952
675	847
675	974
676	679
676	709
676	954
676	966
677	710
680	684
680	690
680	713
680	839
680	928
681	691
681	769
681	820
681	822
681	844
681	849
681	861
681	988
682	713
682	900
682	989
683	985
684	734
684	753
684	846
684	862
684	892
684	893
684	922
684	933
685	741
685	752
685	785
685	955
686	737
686	760
686	762
686	787
686	788
686	814
686	832
686	848
686	904
686	926
687	859
687	910
687	929
688	691
688	693
688	860
688	882
688	964
688	999
690	704
690	713
690	718
690	862
690	884
690	970
691	718
691	729
691	732
691	768
691	846
691	934
691	970
692	817
692	921
694	949
695	700
695	750
695	760
695	791
696	897
696	956
697	737
697	781
697	882
697	933
697	936
698	811
698	834
698	837
698	994
699	876
699	965
700	806
701	711
701	737
702	984
704	713
704	729
704	753
704	760
704	878
704	895
705	740
705	971
705	997
705	998
706	943
707	931
708	874
708	935
710	733
710	780
710	781
710	801
710	893
710	947
711	876
712	725
712	747
713	801
713	862
713	974
713	993
714	899
715	798
715	942
716	726
716	867
716	892
716	910
716	919
716	967
717	792
717	826
718	724
718	794
718	862
718	929
718	930
718	974
719	765
719	788
719	876
719	890
720	793
721	729
721	745
721	768
721	860
721	919
722	781
722	789
722	876
722	885
722	890
722	944
722	968
723	751
723	996
724	750
724	780
724	806
724	899
724	905
724	984
725	791
725	904
726	939
726	950
726	957
729	918
731	758
731	851
731	905
732	783
732	988
733	801
733	901
734	758
734	792
734	822
734	861
734	895
734	983
735	740
735	752
735	765
736	981
737	800
737	836
737	946
738	973
740	744
740	762
740	809
740	880
740	888
741	909
743	807
743	915
744	791
745	856
745	862
745	878
745	956
745	989
746	845
746	849
747	869
747	939
747	963
749	924
749	939
749	959
749	998
750	766
750	777
750	787
750	788
750	872
750	878
750	930
750	956
750	974
752	780
752	785
752	985
753	792
753	827
753	874
753	953
754	774
754	854
754	936
754	997
756	773
756	956
756	964
757	824
757	839
757	887
757	940
757	946
757	992
758	822
759	784
759	788
759	809
759	899
760	828
760	974
761	881
762	781
762	806
762	828
762	832
762	904
762	911
762	923
762	926
762	933
762	959
763	768
763	783
763	797
763	824
763	872
763	874
764	861
764	867
764	918
765	788
765	911
765	993
766	778
766	780
766	804
766	818
766	836
766	887
766	911
766	926
767	809
767	854
767	914
767	984
768	828
768	872
768	970
769	846
769	983
769	995
770	798
770	893
771	806
771	867
771	873
773	844
773	884
774	827
774	892
774	895
776	831
776	915
778	788
778	818
779	791
779	827
779	839
779	880
779	928
780	836
780	839
780	890
780	927
780	990
781	789
781	836
781	925
781	927
782	786
783	984
784	814
784	851
786	878
786	921
787	809
787	959
787	974
788	939
789	911
789	946
791	814
792	858
792	892
792	928
792	982
793	970
793	996
794	946
794	982
795	865
795	951
798	819
798	907
799	810
799	947
800	824
801	884
802	907
802	919
803	973
804	814
804	876
804	927
805	943
806	882
806	970
807	844
807	983
809	814
809	832
809	880
809	887
809	911
810	947
811	944
813	821
813	872
814	854
816	827
816	874
817	873
817	937
817	941
818	870
818	890
818	930
819	843
819	940
819	960
820	845
820	905
820	922
820	923
821	860
822	851
822	905
822	916
822	928
822	984
824	843
826	906
826	958
827	846
827	873
827	970
828	848
828	929
828	956
830	832
830	849
830	976
831	858
831	915
832	925
833	873
833	913
833	915
833	975
834	900
836	930
838	975
839	849
839	856
839	875
839	942
839	993
840	930
842	962
843	909
845	928
846	861
846	983
846	988
848	862
848	934
848	964
848	982
849	882
849	916
849	984
850	893
850	988
851	899
851	988
852	972
856	945
858	913
858	941
858	995
859	863
859	972
859	985
860	897
860	948
861	892
861	903
864	986
867	937
867	959
869	938
871	898
871	924
872	874
872	918
873	878
874	918
874	970
875	893
875	964
880	887
880	911
881	953
882	899
882	938
883	930
884	952
884	964
885	946
885	947
887	914
887	981
892	967
893	933
895	919
895	959
896	989
897	948
898	907
898	991
899	974
899	997
903	928
903	959
904	945
905	933
905	938
906	916
907	955
907	991
910	958
910	967
910	974
911	914
911	930
911	947
915	999
918	970
919	929
919	975
919	989
921	938
923	933
923	936
923	990
927	990
931	940
933	938
935	970
941	977
942	969
944	968
945	956
948	999
949	986
952	982
959	984
972	985
975	977
976	984
976	993
978	994
