0	2
0	186
0	263
0	309
0	329
0	383
0	488
0	648
0	746
0	799
0	804
0	815
0	833
0	907
0	986
1	6
1	13
1	55
1	167
1	173
1	197
1	522
1	573
1	590
1	601
1	637
1	736
1	763
1	781
1	809
1	849
1	863
1	883
1	908
1	920
2	8
2	149
2	153
2	172
2	173
2	183
2	207
2	491
2	515
2	614
2	783
2	850
2	866
2	915
3	93
3	166
3	265
3	272
3	307
3	405
3	461
3	493
3	533
3	588
3	672
3	872
3	891
3	904
4	47
4	88
4	108
4	179
4	181
4	182
4	220
4	265
4	270
4	287
4	325
4	363
4	484
4	537
4	628
4	639
4	645
4	657
4	738
4	740
4	882
4	889
4	972
4	981
5	7
5	11
5	47
5	66
5	119
5	131
5	153
5	177
5	197
5	219
5	220
5	354
5	370
5	467
5	627
5	637
5	642
5	680
5	768
5	781
5	800
5	809
5	830
5	850
5	995
5	997
6	9
6	137
6	149
6	167
6	209
6	422
6	467
6	513
6	515
6	614
6	773
6	783
6	804
6	952
6	997
7	9
7	10
7	95
7	111
7	171
7	260
7	294
7	340
7	345
7	458
7	524
7	571
7	597
7	624
7	690
7	721
7	763
7	805
7	816
7	849
7	871
7	933
7	994
7	999
8	9
8	11
8	186
8	302
8	332
8	345
8	515
8	525
8	542
8	590
8	691
8	763
8	769
8	902
8	959
9	10
9	66
9	179
9	314
9	525
9	639
9	647
9	669
9	683
9	800
9	866
9	873
9	924
10	62
10	106
10	153
10	158
10	261
10	353
10	466
10	484
10	513
10	583
10	627
10	654
10	795
10	809
10	902
10	961
11	66
11	101
11	159
11	272
11	277
11	353
11	419
11	492
11	496
11	515
11	522
11	526
11	577
11	580
11	583
11	591
11	637
11	800
11	815
11	848
11	974
12	435
12	501
12	547
12	661
13	72
13	156
13	302
13	375
13	464
13	561
13	602
13	624
13	662
13	718
13	753
15	59
15	143
15	296
15	383
15	384
15	453
15	954
16	53
16	94
16	158
16	259
16	265
16	420
16	467
16	484
16	494
16	579
16	601
16	688
16	766
16	796
16	838
16	870
16	889
16	988
17	267
17	357
17	411
17	515
17	586
17	616
17	769
17	797
17	878
17	996
18	123
18	126
18	160
18	198
18	208
18	286
18	320
18	395
18	503
18	562
18	677
18	719
18	746
18	928
19	76
19	80
19	90
19	289
19	295
19	316
19	451
19	497
19	667
19	762
19	861
19	990
20	179
20	207
20	270
20	346
20	422
20	554
20	641
20	766
20	771
20	782
20	821
20	866
21	38
21	88
21	168
21	234
21	263
21	296
21	298
21	329
21	344
21	346
21	383
21	424
21	449
21	466
21	467
21	472
21	514
21	593
21	599
21	607
21	617
21	713
21	728
21	739
21	774
22	64
22	187
22	408
22	449
22	570
22	638
22	714
22	762
22	789
22	811
22	887
22	964
22	995
23	67
23	168
23	263
23	458
23	671
23	712
23	742
23	794
23	858
24	32
24	57
24	90
24	113
24	123
24	230
24	423
24	579
24	838
24	930
25	116
25	121
25	138
25	276
25	404
25	463
26	290
26	464
26	560
26	780
27	53
27	109
27	205
27	220
27	248
27	249
27	325
27	348
27	549
28	170
28	646
28	834
28	909
29	158
29	233
29	263
29	322
29	346
29	400
29	623
29	658
29	684
29	700
29	763
29	770
29	997
30	61
30	237
30	311
30	340
30	375
30	386
30	453
30	535
30	545
30	624
30	718
30	795
30	805
30	903
30	947
30	999
31	148
31	228
31	273
31	343
31	348
32	64
32	135
32	244
32	366
32	397
32	528
32	549
32	585
32	636
32	734
32	840
32	897
33	84
33	349
33	388
33	440
34	169
35	61
35	119
35	197
35	347
35	453
35	492
35	501
35	575
35	800
35	943
35	965
35	974
36	697
37	86
37	199
37	289
37	367
37	473
37	497
37	521
37	664
37	873
38	333
38	557
38	669
38	707
38	948
39	62
39	73
39	171
39	172
39	298
39	353
39	517
39	561
39	579
39	591
39	710
39	730
39	800
39	933
39	961
39	965
40	178
40	817
40	901
41	115
41	116
41	131
41	310
41	320
41	405
41	442
41	520
41	559
41	570
41	690
41	698
41	708
41	777
41	783
41	819
41	832
41	928
41	974
41	992
42	341
42	827
43	79
43	87
43	175
43	651
43	786
43	793
43	897
44	73
44	105
44	264
44	524
44	788
44	841
44	936
45	79
45	148
45	194
45	378
45	486
45	519
46	78
46	217
46	255
46	292
46	551
46	632
47	94
47	153
47	173
47	180
47	220
47	237
47	261
47	310
47	340
47	411
47	503
47	609
47	621
47	627
47	635
47	638
47	743
47	781
47	812
47	845
48	102
48	160
48	176
48	235
48	285
48	286
48	298
48	316
48	327
48	366
48	465
48	549
48	621
48	634
48	642
48	692
48	698
48	729
48	789
48	837
48	859
48	964
48	985
49	404
49	494
49	618
49	984
50	82
50	116
50	161
50	198
50	214
50	258
50	261
50	281
50	354
50	476
50	504
50	559
50	614
50	619
50	627
50	657
50	692
50	781
50	821
50	832
50	890
50	922
50	928
50	995
51	69
51	93
51	266
51	363
51	428
51	451
51	529
51	688
51	738
51	846
51	862
51	922
51	973
52	84
52	86
52	201
52	367
52	418
52	568
53	109
53	161
53	181
53	189
53	238
53	325
53	330
53	420
53	541
53	657
53	659
53	738
53	840
53	882
53	922
54	72
54	119
54	286
54	354
54	390
54	521
54	609
54	614
54	736
54	743
54	746
54	930
54	944
55	131
55	261
55	294
55	361
55	407
55	492
55	503
55	522
55	527
55	561
55	628
55	736
55	795
55	823
55	995
56	154
56	740
56	776
56	975
57	80
57	90
57	187
57	442
57	631
57	677
57	800
57	818
57	934
57	956
58	102
58	113
58	160
58	286
58	373
58	423
58	521
58	541
58	677
58	706
58	716
58	837
58	875
58	877
58	934
58	987
59	152
59	181
59	205
59	259
59	266
59	284
59	333
59	436
59	670
59	676
59	695
59	754
59	793
59	806
59	912
60	61
60	66
60	85
60	164
60	171
60	183
60	285
60	428
60	500
60	537
60	559
60	577
60	621
60	624
60	684
60	830
60	835
61	119
61	210
61	277
61	391
61	521
61	682
61	690
61	743
61	753
61	755
61	888
61	915
61	947
62	125
62	139
62	233
62	317
62	363
62	447
62	472
62	591
62	781
62	863
62	874
62	933
63	224
63	264
63	421
63	539
63	868
63	943
64	200
64	207
64	559
64	585
64	672
64	734
64	796
65	178
65	184
66	159
66	173
66	213
66	229
66	353
66	361
66	375
66	467
66	492
66	527
66	544
66	577
66	591
66	619
66	624
66	628
66	690
66	773
66	799
66	800
66	832
66	907
67	266
67	303
67	311
67	370
67	416
67	424
67	509
67	713
67	824
67	993
68	564
68	569
68	693
69	334
69	458
69	541
69	549
69	673
69	821
69	828
70	240
70	279
70	282
70	344
70	628
70	683
70	902
70	940
71	382
71	457
71	527
71	560
71	573
71	595
71	681
71	803
72	124
72	131
72	153
72	154
72	180
72	201
72	294
72	570
72	619
72	627
72	634
72	682
72	920
72	944
73	85
73	101
73	146
73	156
73	171
73	172
73	174
73	465
73	515
73	614
73	624
73	637
73	933
73	965
74	141
74	166
74	192
74	354
74	372
74	740
74	792
74	820
74	893
76	154
76	234
76	372
76	687
76	726
76	748
76	772
77	82
77	131
77	167
77	174
77	213
77	214
77	231
77	479
77	500
77	525
77	538
77	585
77	631
77	634
77	680
77	682
77	736
77	782
77	788
77	920
78	129
78	132
78	309
78	344
78	368
78	551
78	676
78	731
78	770
78	957
79	276
79	348
79	384
79	387
79	660
79	786
79	808
79	916
79	998
80	138
80	312
80	886
80	934
81	213
81	295
81	354
81	390
81	517
81	625
81	628
81	808
81	817
81	875
81	886
81	911
82	116
82	229
82	310
82	447
82	449
82	451
82	544
82	626
82	698
82	708
82	748
82	847
82	922
82	985
84	127
84	252
84	350
84	375
84	455
84	666
84	721
84	760
84	920
84	933
85	146
85	153
85	229
85	272
85	353
85	621
85	645
85	713
85	822
85	831
85	850
85	915
86	126
86	127
86	206
86	219
86	223
86	231
86	250
86	297
86	429
86	452
86	457
86	501
86	516
86	635
86	762
86	801
86	862
87	103
87	273
87	341
87	348
87	651
87	798
87	844
87	897
88	183
88	195
88	240
88	263
88	282
88	317
88	363
88	557
88	565
88	695
88	754
88	769
88	808
88	846
88	964
89	121
89	372
89	656
89	686
89	722
89	759
90	176
90	256
90	285
90	425
90	610
90	653
90	777
90	811
90	970
91	390
91	535
91	666
91	758
91	926
92	814
92	920
93	152
93	158
93	216
93	420
93	509
93	698
93	704
93	742
93	771
93	794
93	859
93	864
93	891
93	942
94	195
94	262
94	300
94	362
94	421
94	487
94	499
94	681
94	734
94	766
94	943
95	153
95	171
95	314
95	382
95	419
95	453
95	477
95	496
95	525
95	561
95	815
95	864
95	885
95	947
96	130
96	161
96	216
96	259
96	273
96	563
96	789
96	836
96	865
97	116
97	244
97	285
97	355
97	740
97	836
97	865
99	408
99	622
99	825
99	979
100	212
100	504
100	631
100	653
100	677
100	759
100	913
100	979
101	357
101	591
101	595
101	633
101	812
101	963
101	994
102	184
102	214
102	417
102	677
102	762
102	956
103	216
103	313
103	341
103	343
103	998
104	191
104	272
104	277
104	587
104	766
104	780
104	907
104	950
105	122
105	190
105	329
105	362
105	491
105	496
105	583
105	648
105	700
105	725
105	826
105	908
105	952
106	233
106	243
106	246
106	480
106	483
106	557
106	580
106	681
106	723
106	730
106	761
106	773
106	779
106	790
106	885
106	907
106	994
107	115
107	675
107	708
107	748
107	847
107	887
108	135
108	199
108	220
108	238
108	383
108	634
108	659
108	840
109	115
109	150
109	285
109	328
109	401
109	503
109	521
109	544
109	637
109	664
109	755
109	796
109	811
109	835
110	231
110	326
110	615
111	114
111	128
111	210
111	260
111	453
111	743
111	797
112	227
112	282
112	292
112	302
112	581
112	669
113	173
113	187
113	234
113	628
113	639
113	825
114	487
115	118
115	242
115	297
115	432
115	435
115	444
115	530
115	714
115	830
115	856
115	881
115	886
115	911
115	928
115	944
116	327
116	366
116	451
116	625
116	748
116	789
116	818
116	891
116	922
116	925
116	971
117	237
117	437
117	487
117	540
117	581
117	647
117	669
117	739
117	854
117	988
118	150
118	451
118	504
118	726
118	727
118	789
118	795
119	159
119	272
119	280
119	347
119	382
119	434
119	453
119	527
119	575
119	608
119	637
119	748
119	752
119	782
119	845
119	863
119	871
119	969
121	530
121	572
121	726
121	817
121	838
121	881
121	964
122	134
122	144
122	149
122	171
122	238
122	320
122	386
122	422
122	454
122	496
122	557
122	624
122	680
122	683
122	779
122	924
122	953
122	961
122	969
122	988
123	367
123	379
123	418
123	429
123	435
123	459
123	503
123	545
123	645
123	665
123	689
123	825
123	898
123	960
123	987
124	173
124	201
124	221
124	231
124	306
124	689
124	914
125	133
125	149
125	227
125	302
125	436
125	526
125	581
125	658
125	902
125	924
125	943
126	545
126	729
126	883
127	395
127	429
127	521
128	237
128	919
128	983
129	224
129	255
129	300
129	377
129	495
129	557
129	581
129	652
129	806
129	957
130	141
130	266
130	313
130	445
130	509
130	574
130	632
130	765
130	877
130	889
130	989
131	213
131	520
131	597
131	621
131	627
131	688
131	714
131	721
131	726
131	789
131	823
131	832
132	137
132	164
132	279
132	282
132	346
132	368
132	370
132	386
132	422
132	458
132	491
132	593
132	858
132	908
133	186
133	257
133	317
133	344
133	422
133	470
133	593
133	628
133	647
133	711
133	750
133	833
134	406
134	450
134	526
134	633
134	700
134	711
134	797
134	805
134	841
134	851
134	885
134	996
135	182
135	199
135	298
135	307
135	585
135	645
135	672
135	794
135	930
136	222
136	439
136	612
136	613
137	168
137	240
137	291
137	309
137	346
137	370
137	422
137	526
137	583
137	676
137	770
137	833
137	915
138	212
138	265
138	274
138	401
138	409
138	687
138	971
139	300
139	368
139	491
139	500
139	554
139	586
139	639
139	652
139	739
139	807
139	816
139	916
140	255
140	416
140	428
140	488
140	531
140	552
140	554
140	557
140	685
140	688
140	713
140	824
141	151
141	154
141	192
141	287
141	528
142	241
142	255
142	291
142	450
142	458
142	475
142	557
142	770
142	791
142	927
142	996
143	384
143	475
144	499
144	643
144	699
144	999
145	259
145	343
145	975
146	190
146	213
146	261
146	316
146	340
146	353
146	442
146	466
146	496
146	529
146	627
146	645
146	743
146	768
146	782
146	988
148	343
148	588
149	158
149	164
149	233
149	238
149	391
149	442
149	454
149	518
149	538
149	586
149	616
149	711
149	752
149	790
149	878
149	885
149	933
150	367
150	379
150	432
150	476
150	528
150	549
150	702
151	355
151	414
151	820
152	255
152	300
152	309
152	557
152	607
152	695
153	220
153	234
153	240
153	357
153	419
153	442
153	492
153	513
153	525
153	577
153	620
153	790
153	831
154	155
154	187
154	251
154	316
154	372
154	820
154	866
155	175
155	366
155	504
155	563
155	722
155	765
155	818
156	237
156	345
156	357
156	438
156	452
156	547
156	560
156	575
156	580
156	614
156	929
156	932
156	959
157	217
157	309
157	489
157	775
157	851
157	854
158	164
158	263
158	365
158	405
158	472
158	529
158	683
158	730
158	779
158	874
158	924
159	177
159	314
159	347
159	467
159	518
159	634
159	768
159	800
159	850
159	863
159	883
159	928
159	947
160	180
160	197
160	229
160	260
160	298
160	340
160	442
160	451
160	536
160	665
160	764
160	801
160	891
161	239
161	244
161	373
161	458
161	478
161	541
161	663
161	726
161	734
161	897
162	312
162	668
162	981
163	175
163	274
163	401
163	425
163	432
163	476
163	497
163	597
163	755
163	846
163	987
164	181
164	183
164	186
164	281
164	310
164	346
164	396
164	419
164	472
164	565
164	579
164	586
164	617
164	648
164	743
164	847
164	953
165	255
165	282
165	502
165	718
165	876
166	486
166	569
166	836
166	934
167	260
167	304
167	575
167	662
167	680
167	718
167	735
167	812
167	850
167	925
167	937
167	965
168	179
168	190
168	303
168	342
168	383
168	487
168	626
168	648
168	707
168	737
168	793
168	799
168	978
168	988
169	894
170	204
170	951
170	999
171	237
171	277
171	422
171	768
171	797
171	832
171	924
172	197
172	237
172	452
172	542
172	586
172	609
172	637
172	647
172	680
172	710
172	720
172	736
172	807
172	849
172	862
172	874
172	933
172	999
173	214
173	223
173	234
173	260
173	294
173	391
173	609
173	684
173	708
173	860
173	871
173	922
174	197
174	261
174	267
174	379
174	538
174	601
174	634
174	675
174	743
174	773
174	800
174	801
174	873
175	200
175	230
175	251
175	289
175	562
175	606
175	895
175	913
176	312
176	316
176	328
176	521
176	667
176	687
176	777
176	786
176	990
177	243
177	314
177	340
177	352
177	434
177	513
177	515
177	525
177	616
177	624
177	639
177	700
177	718
177	732
177	790
177	809
177	810
177	832
177	850
177	873
177	965
177	988
177	997
178	256
178	746
178	857
179	192
179	270
179	330
179	456
179	466
179	579
179	623
179	659
179	684
179	833
179	924
179	978
180	187
180	198
180	213
180	229
180	367
180	602
180	690
180	706
180	729
180	748
180	887
180	947
181	270
181	311
181	352
181	424
181	466
181	626
181	713
181	866
181	935
182	256
182	278
182	298
182	625
182	782
182	835
182	836
182	865
182	877
182	889
182	981
183	205
183	281
183	352
183	376
183	466
183	488
183	581
183	684
183	769
183	871
184	258
184	274
184	945
185	226
185	643
185	683
185	709
185	797
185	841
186	227
186	257
186	346
186	352
186	676
186	738
186	766
186	849
186	907
187	274
187	497
187	530
187	634
187	716
187	762
187	789
187	925
187	928
189	363
189	376
189	402
189	493
189	540
189	614
189	623
189	711
189	738
189	739
189	972
190	263
190	311
190	317
190	346
190	386
190	422
190	484
190	514
190	554
190	586
190	623
190	713
190	749
190	788
190	808
190	815
190	908
191	302
191	392
191	479
191	483
191	810
191	950
192	216
192	445
192	473
192	599
192	740
192	918
193	425
194	248
194	284
194	576
194	897
194	939
195	226
195	483
195	683
195	884
195	952
195	980
196	413
196	447
196	453
196	516
196	535
196	547
196	615
196	926
197	447
197	472
197	483
197	527
197	544
197	608
197	625
197	635
197	710
197	743
197	753
197	800
197	986
197	993
198	208
198	219
198	230
198	369
198	395
198	435
198	444
198	459
198	521
198	570
198	602
198	862
198	871
198	902
198	922
199	234
199	265
199	387
199	467
199	520
199	529
199	623
199	626
199	664
199	684
199	783
199	821
199	832
199	897
199	913
199	930
200	251
200	316
200	379
200	432
200	675
200	698
200	872
200	922
201	400
201	418
201	438
201	544
201	597
201	634
201	755
201	825
201	956
202	460
202	700
203	976
204	335
204	646
205	303
205	405
205	465
205	663
205	737
205	875
206	350
206	481
206	532
206	550
207	237
207	238
207	401
207	520
207	572
207	730
207	877
207	904
207	972
208	331
208	350
208	367
208	410
208	503
208	545
208	568
208	634
208	753
209	219
209	257
209	260
209	342
209	344
209	359
209	537
209	541
209	614
209	628
209	645
209	726
209	788
210	260
210	294
210	434
210	454
210	590
210	608
210	717
210	810
210	831
210	845
210	862
210	903
210	933
210	969
210	999
211	252
211	400
211	429
211	732
211	795
211	887
212	446
212	653
212	687
212	719
212	746
212	817
212	937
212	979
213	237
213	505
213	584
213	602
213	609
213	621
213	627
213	645
213	657
213	708
213	736
213	743
213	823
213	849
213	915
214	504
214	521
214	567
214	621
214	634
214	719
214	823
214	877
214	895
214	913
214	930
214	933
215	400
215	429
215	459
215	871
216	334
216	341
216	847
216	864
217	336
217	523
217	761
218	254
218	482
218	531
218	607
218	673
219	221
219	230
219	231
219	267
219	294
219	304
219	331
219	407
219	440
219	455
219	602
219	619
219	743
219	905
219	944
219	959
219	969
220	363
220	422
220	520
220	528
220	536
220	601
220	621
220	635
220	734
220	873
221	323
221	382
221	400
221	501
221	887
221	933
222	326
222	464
222	547
222	613
222	842
223	400
223	743
223	744
223	913
223	944
223	995
224	262
224	652
224	679
224	761
224	868
225	240
225	254
225	255
225	278
225	320
225	402
225	648
225	695
225	833
226	362
226	526
226	554
226	557
226	648
226	700
226	826
226	997
227	243
227	270
227	282
227	346
227	359
227	383
227	437
227	474
227	514
227	623
227	639
227	647
227	770
227	961
228	276
228	343
228	381
229	238
229	297
229	343
229	440
229	442
229	449
229	465
229	473
229	518
229	521
229	619
229	621
229	635
229	692
229	695
229	730
229	781
229	805
229	807
229	850
229	871
229	873
229	947
229	969
230	256
230	503
230	530
230	536
230	545
230	642
230	746
230	934
230	968
231	286
231	304
231	395
231	473
231	547
231	665
231	714
231	887
231	956
232	304
232	323
232	345
232	512
232	553
232	568
232	615
232	803
232	887
233	352
233	361
233	467
233	623
233	707
233	728
233	730
233	788
234	261
234	473
234	478
234	528
234	655
234	688
234	708
234	728
234	748
234	789
234	822
234	832
234	972
235	861
235	979
236	607
236	784
237	366
237	370
237	429
237	438
237	454
237	513
237	575
237	614
237	627
237	677
237	848
237	849
237	850
237	878
237	929
237	959
238	297
238	310
238	442
238	449
238	541
238	591
238	672
238	692
238	769
238	873
238	992
239	376
239	381
239	405
239	443
239	509
239	511
239	916
239	998
240	281
240	346
240	352
240	475
240	518
240	557
240	671
240	769
240	773
240	779
240	841
240	889
240	986
241	257
241	270
241	303
241	344
241	397
241	428
241	484
241	565
241	676
241	774
241	833
242	367
242	497
242	642
242	727
242	755
242	782
242	846
242	872
242	877
242	928
243	314
243	396
243	518
243	700
243	788
243	830
243	908
243	997
244	248
244	273
244	298
244	328
244	463
244	636
244	838
244	904
245	975
246	468
247	433
247	679
247	991
248	249
248	463
248	865
248	998
249	397
249	451
249	533
249	663
249	722
249	859
249	904
249	971
250	347
250	505
250	550
250	689
250	944
250	966
251	285
251	328
251	355
251	366
251	463
251	563
251	710
251	755
251	872
251	925
252	512
252	575
252	615
252	892
252	946
253	373
253	755
253	802
254	255
254	474
254	508
255	396
256	312
256	787
257	263
257	279
257	473
257	546
257	599
257	696
257	761
257	769
257	854
258	562
258	906
258	979
259	378
259	588
259	712
259	844
260	340
260	347
260	379
260	382
260	444
260	665
260	690
260	699
260	721
260	835
260	845
260	862
260	903
260	969
261	320
261	353
261	496
261	609
261	620
261	755
261	825
261	835
261	848
261	930
262	421
262	462
262	725
262	731
262	804
262	841
262	854
262	909
263	399
263	424
263	466
263	488
263	514
263	617
263	761
263	768
263	773
263	953
263	986
264	287
264	357
264	452
264	460
264	480
264	577
264	643
264	700
264	812
264	848
264	885
264	932
264	947
264	997
265	327
265	330
265	405
265	508
265	509
265	559
265	607
265	688
265	692
265	754
265	830
265	840
265	973
265	988
266	307
266	334
266	541
266	549
266	607
266	707
266	737
266	742
266	870
267	283
267	682
267	760
267	920
268	389
268	468
268	600
268	797
269	879
270	477
270	488
270	671
270	794
270	799
270	840
270	935
271	604
271	879
272	283
272	357
272	362
272	421
272	454
272	515
272	561
272	761
272	779
272	791
272	797
272	804
272	890
272	936
273	276
273	355
273	786
273	794
273	836
273	891
273	939
274	446
274	931
274	945
275	555
276	343
276	798
277	347
277	357
277	496
277	499
277	637
277	735
277	736
277	739
277	907
277	961
278	383
278	472
278	484
278	529
279	300
279	346
279	437
279	554
279	583
279	681
280	304
280	323
280	390
280	444
280	455
280	512
280	758
280	946
281	301
281	344
281	484
281	508
281	641
281	664
281	673
281	698
281	737
281	799
281	819
282	322
282	344
282	368
282	436
282	470
282	475
282	495
282	577
282	581
282	854
283	350
283	746
284	338
284	428
284	493
284	509
284	671
284	794
284	972
285	465
285	536
285	563
285	606
285	621
285	657
285	672
285	686
285	727
285	796
285	811
285	911
285	985
286	323
286	331
286	371
286	429
286	435
286	455
286	665
286	905
287	320
287	353
287	373
287	383
287	442
287	449
287	627
287	648
287	672
287	743
287	795
287	830
288	389
289	432
289	570
289	714
289	861
289	875
289	911
289	913
290	412
290	438
290	457
290	946
292	495
292	551
292	988
293	384
293	403
293	824
293	827
294	532
294	703
294	718
294	733
294	807
294	915
294	926
294	995
295	366
295	426
295	432
295	631
295	934
295	990
296	502
296	778
296	912
297	664
297	684
297	704
297	845
297	860
297	945
298	310
298	361
298	432
298	509
298	642
298	755
298	847
298	875
298	877
299	813
300	669
300	806
300	824
301	670
301	684
301	696
301	736
301	806
302	357
302	411
302	475
302	488
302	635
302	639
302	647
302	735
302	773
302	791
302	902
302	952
302	959
303	625
303	844
303	870
303	921
303	935
304	400
304	427
304	553
304	590
304	903
306	331
306	410
306	674
306	960
306	977
307	330
307	343
307	363
307	376
307	549
307	601
307	889
308	364
308	438
308	480
308	681
308	842
309	472
309	475
309	676
309	799
309	902
310	361
310	451
310	475
310	479
310	544
310	728
310	809
310	846
310	891
310	992
311	396
311	472
311	495
311	526
311	648
312	409
312	426
312	801
312	886
313	737
313	752
313	889
313	916
313	972
314	370
314	442
314	513
314	518
314	525
314	619
314	628
314	647
314	815
314	965
315	320
315	497
315	530
315	847
315	905
315	913
315	960
315	987
316	585
316	861
316	865
317	353
317	359
317	467
317	518
317	659
317	695
317	712
317	793
317	810
317	949
317	993
317	995
320	340
320	568
320	570
320	571
320	762
320	867
320	933
320	985
321	339
321	810
322	474
322	531
322	671
322	737
322	799
322	870
323	453
323	602
325	330
325	405
325	520
325	525
325	588
325	626
325	774
325	882
325	972
326	400
326	547
326	615
326	760
326	941
327	353
327	366
327	537
327	599
327	627
327	638
327	659
327	664
327	773
327	821
327	993
328	355
328	463
328	606
328	686
328	724
328	792
328	872
329	508
329	529
329	579
329	608
329	639
329	655
329	790
329	821
330	502
330	503
330	509
330	533
330	541
330	584
330	599
330	707
330	766
330	866
330	921
331	347
331	501
331	568
331	689
331	898
331	905
331	960
332	396
332	867
332	923
333	338
333	749
333	754
333	775
334	478
334	541
334	544
334	630
334	684
334	712
334	811
334	889
334	922
334	973
335	339
335	745
336	493
336	552
336	876
337	604
337	809
338	352
338	488
338	761
338	912
339	485
339	963
340	347
340	448
340	452
340	591
340	638
340	781
340	830
340	831
340	925
340	933
340	947
340	961
341	443
341	445
341	749
341	844
342	361
342	384
342	579
342	586
342	683
342	695
342	707
342	743
342	846
342	891
342	902
342	932
342	981
343	352
343	574
343	588
343	844
343	998
344	363
344	377
344	402
344	473
344	514
344	565
344	623
344	766
344	769
344	836
345	400
345	427
345	457
345	635
345	797
345	888
346	383
346	396
346	479
346	514
346	565
346	579
346	623
346	641
346	738
346	774
347	382
347	438
347	619
347	624
347	690
347	830
347	831
347	887
347	922
347	929
347	933
348	443
349	350
350	527
351	672
352	361
352	424
352	472
352	567
352	641
352	707
352	889
352	912
353	521
353	590
353	601
353	609
353	625
353	635
353	683
353	684
353	688
353	728
353	812
353	830
353	849
353	915
353	969
353	974
354	473
354	504
354	530
354	655
354	664
354	734
354	748
354	783
354	832
354	835
354	850
354	875
354	922
354	947
355	397
355	533
355	572
355	636
355	642
355	660
355	752
356	388
356	427
356	457
356	629
356	967
357	892
357	936
359	448
359	484
359	525
359	577
359	599
359	680
359	768
359	788
359	815
359	822
359	873
359	875
359	962
360	410
360	545
360	913
361	451
361	472
361	517
361	559
361	565
361	621
361	736
361	796
361	807
361	831
362	561
362	731
362	739
362	797
362	936
363	396
363	475
363	500
363	539
363	586
363	623
363	641
363	788
363	809
363	953
364	412
364	464
364	744
365	376
365	466
365	484
365	749
365	778
365	793
366	507
366	734
366	789
366	835
366	990
367	395
367	435
367	481
367	746
367	913
368	422
368	467
368	499
368	567
368	581
368	583
368	593
368	683
368	711
368	830
368	986
369	448
369	604
369	608
369	619
369	732
369	733
369	842
370	383
370	422
370	437
370	451
370	467
370	514
370	542
370	583
370	626
370	711
370	773
370	815
370	997
371	423
371	435
371	553
371	597
371	674
371	675
371	677
371	825
371	846
372	463
372	517
372	569
372	762
373	425
373	537
373	572
373	584
373	627
373	722
373	727
373	783
373	796
373	872
373	911
373	964
374	426
374	857
374	901
375	492
375	546
375	547
375	571
375	624
375	633
375	681
375	721
375	732
375	733
375	812
375	949
375	959
376	531
376	623
376	712
376	778
376	794
376	840
377	475
377	791
379	447
379	625
379	631
379	665
379	787
379	856
379	861
379	913
380	404
380	443
380	574
380	737
380	828
380	921
380	989
381	574
381	802
381	998
382	454
382	561
382	826
382	999
383	405
383	453
383	467
383	484
383	523
383	529
383	599
383	671
383	695
383	769
383	866
383	921
383	953
383	965
384	474
386	438
386	515
386	529
386	561
386	583
386	591
386	592
386	595
386	608
386	616
386	763
386	862
386	878
386	965
387	498
387	639
387	794
387	821
387	889
387	921
387	958
388	413
388	459
388	516
388	758
388	892
390	410
390	758
391	448
391	561
391	571
391	703
391	860
391	929
391	969
392	430
392	480
392	933
392	946
393	610
394	506
394	901
395	418
395	545
396	495
396	540
396	581
396	583
396	648
396	676
396	711
396	725
396	867
396	868
397	572
397	734
397	738
397	796
397	818
397	897
397	992
399	524
399	567
399	583
399	586
399	652
399	788
399	952
399	959
400	423
400	505
400	615
400	634
400	682
400	764
400	800
400	810
401	461
401	521
401	732
401	755
401	802
401	850
401	862
401	872
401	875
401	877
401	930
401	974
401	985
402	484
402	502
402	600
402	676
402	769
403	511
404	458
404	541
404	840
404	859
404	870
405	472
405	607
405	707
405	734
405	742
405	774
405	921
405	993
406	912
407	429
407	435
407	444
407	597
407	627
407	675
407	703
407	719
407	947
407	956
408	432
408	653
408	817
408	881
408	899
409	656
409	677
409	777
409	787
409	802
409	886
409	992
410	530
410	611
410	631
410	795
411	480
411	487
411	561
411	616
411	723
411	805
411	929
411	936
411	980
411	986
411	999
412	457
412	575
413	457
413	550
413	644
413	650
413	717
413	744
414	490
414	990
416	456
416	840
417	521
417	563
417	665
417	706
418	423
418	444
418	459
418	706
418	800
418	823
418	862
419	434
419	449
419	513
419	550
419	614
419	730
419	908
419	936
420	493
420	688
420	771
420	840
420	921
420	973
420	993
421	462
421	526
421	654
421	720
422	518
422	593
422	658
422	902
422	962
423	432
423	517
423	706
423	863
423	886
424	431
424	466
424	470
424	500
424	531
424	617
424	632
424	695
424	738
424	870
424	948
425	497
425	677
425	727
425	764
425	777
425	928
426	693
426	931
426	968
427	920
427	944
428	493
428	495
428	531
428	696
428	769
428	785
429	505
429	675
429	677
429	714
429	789
429	860
429	905
429	931
429	937
430	434
430	573
430	907
430	909
430	919
431	458
431	494
431	607
431	864
432	521
432	536
432	664
432	726
432	881
433	558
433	578
433	761
433	868
434	475
434	583
434	620
434	628
434	637
434	672
434	690
434	706
434	721
434	822
434	830
434	915
435	568
435	631
435	634
435	675
435	689
435	862
436	489
436	495
436	551
436	806
436	824
436	954
437	475
437	567
437	614
437	669
437	714
437	814
437	988
438	454
438	513
438	591
438	616
438	718
438	769
438	843
438	854
438	883
438	959
439	516
439	605
440	596
440	830
441	852
442	465
442	467
442	491
442	647
442	680
442	719
442	773
442	846
443	844
443	859
444	503
444	568
444	721
444	768
445	466
445	734
445	958
446	702
446	719
446	789
446	891
446	937
447	503
447	517
447	530
447	782
447	913
447	960
448	542
448	590
448	624
448	635
448	684
448	721
448	732
448	743
448	794
448	805
448	848
448	851
448	932
449	497
449	614
449	627
449	635
449	639
449	645
449	690
449	743
449	768
449	807
450	551
450	583
450	713
450	785
451	514
451	521
451	537
451	743
451	755
451	790
451	811
451	835
451	925
451	937
452	538
452	590
452	602
452	627
452	795
452	903
453	480
453	561
453	602
453	608
453	709
453	721
453	733
453	763
453	883
453	965
454	460
454	475
454	496
454	601
454	723
454	885
454	932
454	959
454	965
455	898
455	905
456	749
456	793
456	820
457	951
458	474
458	493
458	641
458	688
458	730
458	942
459	568
459	627
459	682
459	703
459	887
459	898
459	905
459	914
460	462
460	654
460	812
460	848
460	890
461	528
461	559
461	572
461	625
461	657
461	763
461	811
461	865
461	939
461	964
463	549
463	606
463	722
463	877
464	604
464	780
465	537
465	619
465	830
465	832
465	862
465	911
465	937
465	992
466	540
466	645
466	793
466	815
466	870
467	514
467	614
467	624
467	647
467	812
467	832
467	873
467	910
468	701
468	950
469	975
469	984
470	510
470	658
470	907
472	477
472	683
472	684
472	692
472	695
472	713
472	851
472	988
473	528
473	584
473	635
473	752
473	800
473	819
473	832
473	981
474	502
474	557
474	704
474	713
474	733
474	819
474	870
474	948
475	583
475	623
475	676
475	738
476	536
476	549
476	596
476	711
476	856
476	881
476	886
477	484
477	541
477	544
477	552
477	565
477	583
477	647
477	766
477	815
477	993
478	533
478	545
478	659
478	749
478	811
478	865
478	921
479	513
479	515
479	577
479	579
479	624
479	639
479	648
479	710
479	711
479	739
479	773
479	943
479	953
480	573
480	613
480	646
480	919
481	941
482	784
483	561
483	612
483	650
483	710
483	890
484	513
484	520
484	686
484	742
484	782
484	788
484	882
486	740
486	771
487	709
487	791
487	908
487	959
488	673
488	743
488	793
488	840
488	961
489	557
489	594
489	927
490	771
490	786
490	968
491	496
491	551
491	593
491	607
491	700
491	723
491	799
491	826
491	851
491	890
491	936
491	986
492	529
492	542
492	590
492	614
492	620
492	699
492	735
492	736
492	763
492	804
492	830
492	862
492	873
492	924
492	959
493	502
494	502
494	593
494	641
494	771
494	836
495	529
495	779
495	816
496	614
496	639
496	647
496	841
496	907
496	933
496	953
497	634
497	686
497	911
498	828
499	546
499	615
499	788
499	809
499	860
499	878
499	903
499	997
500	514
500	547
500	599
500	642
500	645
500	647
500	664
500	712
500	774
500	790
500	864
500	953
500	961
501	547
501	926
502	565
502	731
502	736
502	749
502	833
503	727
503	911
503	922
504	530
504	545
504	665
504	724
504	726
504	762
505	566
505	571
505	602
505	703
505	803
505	883
505	887
505	888
506	659
506	693
506	886
508	577
508	579
508	688
508	707
508	793
508	821
508	882
509	533
509	766
509	819
509	836
509	889
510	652
510	739
511	632
511	670
511	749
511	942
511	998
512	603
512	967
513	632
513	648
513	654
513	658
513	739
513	779
513	804
513	810
513	874
513	997
514	515
514	586
514	673
514	738
514	874
515	583
515	590
515	639
515	661
515	711
515	763
515	809
515	810
515	878
515	929
515	943
515	986
516	566
516	888
517	563
517	572
517	602
517	640
517	714
517	755
517	777
517	875
517	897
517	964
517	968
518	537
518	565
518	617
518	623
518	657
518	733
518	773
518	785
518	799
518	815
518	835
518	871
519	794
520	530
520	559
520	655
520	796
520	811
520	872
520	930
520	973
520	993
521	595
521	708
521	995
522	538
522	567
522	601
522	614
522	637
522	680
522	708
522	721
522	830
522	845
522	863
522	933
522	937
522	949
523	557
523	750
524	547
524	720
524	723
524	725
524	731
524	791
524	988
525	639
525	688
525	773
525	874
525	961
526	567
526	739
526	854
526	907
527	538
527	561
527	595
527	608
527	619
527	661
527	690
527	736
527	779
527	807
527	812
527	826
527	949
528	625
528	711
528	714
528	847
528	882
528	886
528	958
528	993
529	601
529	608
529	680
529	690
529	707
529	710
529	730
529	774
529	815
529	933
529	997
530	634
530	706
530	850
531	607
531	617
531	712
531	754
531	799
531	808
531	833
531	921
532	914
532	945
533	537
533	663
533	838
533	846
533	872
533	882
533	981
533	992
534	694
535	589
535	770
536	638
536	706
536	708
536	800
536	818
536	872
536	913
536	914
537	544
537	584
537	637
537	688
537	796
537	807
537	981
538	566
538	753
538	768
538	774
538	805
538	807
538	850
538	862
538	863
538	937
538	944
538	974
539	701
540	590
540	737
540	841
541	789
541	939
541	978
542	554
542	592
542	600
542	609
542	647
542	711
542	723
542	815
542	943
542	996
543	661
544	642
544	811
544	850
544	862
544	877
544	913
545	928
545	956
545	960
546	547
546	550
546	580
546	633
546	643
546	883
546	999
547	624
547	733
547	890
547	926
549	562
549	672
549	734
549	757
549	830
549	872
549	891
549	897
549	930
550	721
550	727
550	743
551	557
551	586
551	673
551	948
552	561
552	912
553	631
553	758
553	760
553	898
553	905
554	652
554	683
554	695
554	814
554	988
558	747
558	940
559	637
559	659
559	664
559	760
559	964
559	985
559	993
560	629
560	733
560	929
560	951
560	999
561	575
561	627
561	633
561	680
561	723
561	822
561	849
561	890
561	903
561	929
561	960
561	983
561	988
561	997
562	900
562	931
562	960
563	610
563	672
563	686
563	789
563	802
563	825
564	818
564	990
565	695
565	785
565	814
565	816
567	583
567	623
567	691
567	718
567	730
567	810
567	848
568	888
568	898
568	914
569	656
569	668
569	893
569	938
570	682
570	847
570	913
570	937
571	732
571	733
571	845
571	883
571	920
572	659
572	734
572	939
573	614
573	780
573	887
573	961
574	651
574	942
575	597
575	624
575	781
575	860
576	668
576	772
576	906
577	601
577	692
577	728
577	781
577	788
577	807
577	831
577	878
577	887
578	747
579	623
579	672
579	695
579	710
579	774
579	805
579	997
580	703
580	809
581	583
581	593
581	643
581	788
581	908
582	650
582	697
583	641
583	645
583	711
583	788
583	988
584	609
584	634
584	642
584	710
584	728
584	752
584	811
584	830
584	846
584	947
584	995
585	645
585	664
585	722
585	727
585	752
585	865
585	973
585	985
585	992
586	614
586	648
586	713
587	910
588	630
588	921
588	981
590	830
590	849
590	883
590	961
590	965
590	969
590	973
591	616
591	620
591	624
591	654
591	710
591	788
592	661
592	810
593	814
593	816
593	867
594	679
595	643
595	691
595	735
595	892
595	943
597	634
599	625
599	663
599	692
599	743
599	774
599	796
599	808
599	877
599	922
600	910
601	609
601	781
601	782
601	911
601	997
602	661
602	760
602	905
602	908
603	650
603	666
604	681
604	994
606	640
606	686
606	687
606	856
607	712
607	897
607	916
608	682
608	720
608	743
608	788
608	863
608	903
608	929
609	781
609	782
609	822
609	830
609	873
610	755
610	881
612	803
612	967
613	780
613	813
613	884
614	623
614	624
614	637
614	639
614	647
614	731
614	790
614	826
614	850
614	951
614	992
615	758
615	920
616	624
616	637
616	669
616	790
616	810
616	835
616	860
616	890
616	902
616	907
616	949
616	986
617	624
617	712
619	621
619	627
619	631
619	752
619	795
619	800
619	801
619	871
621	635
621	645
621	708
621	728
621	774
621	807
621	830
621	862
621	915
621	922
621	925
621	961
622	979
623	648
623	695
623	738
623	770
623	809
624	763
624	812
624	845
624	863
624	903
624	967
624	995
625	659
625	663
625	698
625	792
625	811
625	875
625	877
625	895
625	925
625	964
625	973
626	672
626	859
626	897
627	642
627	686
627	782
627	793
627	795
627	823
627	831
627	873
627	974
628	692
628	788
628	831
628	902
628	907
628	915
628	961
628	997
629	946
631	638
631	746
631	881
631	987
632	696
632	782
633	643
633	721
633	903
633	936
634	665
634	677
634	777
634	781
634	919
635	710
635	711
635	849
636	659
636	786
636	964
637	638
637	739
637	903
638	768
638	920
639	655
639	669
639	690
639	695
639	743
639	788
639	795
639	953
639	959
640	886
641	696
641	742
641	794
641	810
641	840
642	788
642	823
642	830
642	911
642	985
643	701
643	810
643	841
643	890
643	988
644	721
644	892
645	773
645	800
645	812
645	847
645	961
646	709
646	779
647	680
647	766
647	779
647	788
647	812
647	833
647	878
647	929
648	738
648	814
648	885
648	902
649	827
651	765
651	893
652	730
652	816
652	870
653	677
653	757
654	658
654	730
655	672
655	710
655	721
655	782
655	783
655	835
655	871
655	925
655	934
656	694
657	659
657	672
657	773
657	783
657	795
657	807
657	819
657	823
657	832
657	835
657	862
657	937
657	962
658	997
659	686
659	704
659	712
659	728
659	794
659	872
659	889
660	859
660	865
661	797
661	884
661	932
662	689
662	753
662	926
662	946
663	675
663	730
663	811
663	819
663	840
663	847
664	688
664	728
664	734
664	783
664	811
664	818
664	847
664	864
664	964
664	985
665	764
665	787
665	801
665	944
667	677
667	714
667	956
668	820
669	739
669	854
670	778
671	799
671	921
671	997
672	678
672	684
672	821
672	866
672	891
673	688
673	742
673	781
673	799
673	808
674	732
674	760
674	852
675	888
675	928
676	766
676	775
677	689
677	777
677	787
677	914
677	968
680	822
680	850
680	851
680	866
680	943
680	965
681	709
681	908
681	943
682	898
683	766
683	769
683	809
683	878
683	943
683	952
683	980
683	986
684	714
684	821
684	891
684	902
684	953
684	978
684	988
685	927
686	715
686	777
686	872
687	820
687	856
687	906
688	783
688	827
689	717
689	729
689	920
689	967
690	887
690	929
690	969
690	980
691	723
691	851
692	698
692	704
692	728
692	796
692	804
692	811
692	835
693	715
693	802
693	938
695	766
695	799
695	811
695	870
696	858
698	783
698	796
698	811
698	823
698	847
698	992
699	708
699	721
699	795
699	860
699	924
699	946
700	701
700	874
700	932
702	755
702	889
703	837
703	969
704	742
704	793
704	819
704	840
704	865
704	889
704	921
705	941
705	982
706	736
707	771
707	819
707	873
707	935
708	755
708	773
708	823
708	922
710	728
710	831
710	878
710	915
711	713
711	805
711	867
712	864
712	866
713	778
713	790
713	826
713	896
714	987
715	906
717	803
717	823
717	842
718	735
718	932
718	943
719	911
719	913
720	788
720	791
720	826
721	848
721	860
721	933
721	969
722	793
722	818
722	891
722	930
722	971
723	731
723	854
724	872
725	779
725	867
725	874
725	907
726	787
726	847
726	861
727	755
727	789
727	818
727	823
727	921
727	930
727	971
727	985
728	752
728	847
728	865
728	875
728	877
728	915
728	935
729	825
729	887
730	770
730	774
730	791
730	850
730	862
730	952
731	851
731	952
732	744
732	848
732	892
733	860
733	920
733	999
734	748
734	865
735	800
735	823
735	883
735	908
735	994
736	752
736	933
736	947
736	949
737	993
738	819
738	873
739	826
739	986
740	771
740	893
740	904
742	922
742	993
743	782
743	822
743	937
746	913
746	928
746	965
748	811
748	875
748	985
748	992
749	858
749	954
752	812
752	830
752	835
752	859
752	862
752	875
752	882
752	937
752	992
753	929
753	951
753	967
754	978
755	768
755	783
755	801
755	823
755	830
755	895
757	857
759	886
759	906
760	898
760	987
763	788
763	848
763	919
763	949
764	822
764	878
764	903
765	836
765	962
766	788
766	790
766	822
766	831
768	773
768	800
768	815
768	962
769	799
769	814
769	858
769	902
770	907
771	828
771	836
772	820
772	906
773	964
774	790
774	815
774	866
775	858
777	872
777	971
778	916
779	816
779	851
779	907
780	791
780	842
780	879
780	936
781	789
781	790
781	800
781	925
781	974
782	889
782	961
782	974
782	995
783	832
783	973
785	826
785	859
787	886
788	953
788	961
788	962
789	796
789	930
789	938
790	831
790	924
790	986
790	988
791	980
793	870
793	978
793	981
793	993
794	844
794	989
795	860
795	871
795	915
795	947
795	960
796	821
796	847
796	859
800	806
800	830
800	864
800	888
800	959
800	974
801	825
801	913
801	933
803	960
804	816
804	919
804	943
804	965
805	815
805	841
805	902
805	924
805	953
805	986
807	830
807	960
807	978
807	997
808	866
808	935
808	962
809	815
809	890
810	873
810	890
810	903
810	929
810	959
811	819
811	821
811	859
811	891
811	934
811	974
812	830
812	929
813	963
815	833
815	835
815	863
815	907
815	915
816	826
816	851
816	996
817	820
817	886
817	931
819	821
819	835
819	997
821	835
821	873
821	891
821	921
823	862
823	877
823	911
823	922
823	928
824	870
824	954
826	873
826	907
826	943
826	952
827	828
827	858
827	921
828	904
829	905
830	860
830	961
830	978
830	999
831	841
831	873
831	890
832	922
832	969
832	992
834	843
838	904
838	939
841	867
841	908
841	980
842	994
845	849
845	961
845	969
845	997
846	865
846	872
846	944
846	992
847	877
847	993
848	885
848	949
849	878
849	986
849	995
850	873
850	895
853	896
854	953
856	990
858	957
859	877
861	886
861	895
861	958
862	890
862	913
862	969
863	988
864	889
864	897
865	964
865	993
870	889
870	939
871	943
871	944
871	969
872	934
872	968
873	937
873	974
874	980
874	986
875	877
875	930
875	985
875	992
877	921
877	930
877	937
878	933
878	997
881	911
882	939
882	972
882	988
882	993
883	925
883	929
884	932
885	908
885	986
889	939
889	981
892	946
895	939
895	971
896	940
897	981
897	986
903	908
903	929
907	936
907	959
907	997
908	929
911	934
911	985
912	935
912	948
915	922
915	924
915	937
915	974
919	936
922	925
922	930
922	964
924	951
925	961
925	985
925	992
925	995
926	946
930	971
930	992
931	979
932	951
935	942
936	999
937	974
942	993
951	996
953	978
955	966
956	987
958	972
958	998
959	965
964	971
964	973
966	977
967	995
972	978
974	995
980	988
981	993
