0	13
0	143
0	319
0	457
0	474
0	501
0	544
0	641
0	680
0	792
0	830
0	846
0	878
0	901
1	105
1	320
1	321
1	450
1	634
1	650
1	954
2	37
2	41
2	181
2	286
2	430
2	552
2	673
2	811
2	876
2	946
3	232
3	425
3	568
3	667
3	812
3	876
4	83
4	104
4	194
4	244
4	249
4	376
4	458
4	472
4	569
4	576
4	605
4	655
4	712
4	720
5	6
5	241
5	260
5	368
5	626
5	816
6	241
6	308
6	338
6	401
6	415
6	555
6	610
6	701
6	825
7	89
7	241
7	252
7	324
7	368
7	389
7	403
7	556
8	45
8	163
8	251
8	477
8	679
8	733
8	742
8	860
8	863
8	870
8	884
8	911
9	222
9	242
9	253
9	272
9	320
9	374
9	439
9	590
9	702
9	772
9	810
9	846
9	858
9	866
9	881
9	888
9	916
9	959
10	35
10	125
10	156
10	157
10	182
10	183
10	188
10	280
10	404
10	473
10	479
10	482
10	521
10	585
10	656
10	786
10	793
10	795
10	811
10	833
10	859
11	143
11	157
11	207
11	318
11	364
11	378
11	430
11	496
11	586
11	657
11	662
11	683
11	811
12	592
13	313
13	418
13	474
13	728
13	731
13	742
13	789
13	815
13	845
13	939
13	958
14	31
14	116
14	177
14	214
14	245
14	264
14	270
14	296
14	414
14	437
14	550
14	763
14	807
15	30
15	66
15	178
15	220
15	372
15	378
15	419
15	422
15	445
15	531
15	575
15	580
15	637
15	671
15	680
15	772
15	818
15	861
15	898
15	903
15	916
15	988
16	345
16	475
16	488
16	595
16	759
16	836
17	21
17	88
17	115
17	144
17	295
17	316
17	510
17	783
18	277
18	320
18	422
18	496
18	764
18	827
18	902
18	923
18	975
19	673
19	856
20	82
20	197
20	472
20	624
20	653
20	943
21	137
21	162
21	359
21	415
21	479
21	485
21	523
21	613
21	658
21	839
21	953
22	70
22	233
22	264
22	316
22	340
22	376
22	570
22	858
22	873
22	892
22	953
22	995
23	219
23	305
23	372
23	396
23	623
23	778
23	848
23	956
24	114
24	956
25	70
25	88
25	115
25	144
25	231
25	401
25	421
25	439
25	565
25	661
25	677
25	696
25	704
25	724
25	802
25	813
25	865
25	953
25	967
25	988
26	46
26	129
26	322
26	374
26	387
26	509
26	562
26	707
26	708
26	994
27	653
27	725
27	776
28	125
28	138
28	188
28	501
28	567
28	633
28	656
28	662
28	837
28	918
28	923
29	129
29	132
29	340
29	347
29	482
29	510
29	702
29	804
29	821
30	93
30	94
30	239
30	635
30	702
30	871
30	887
30	897
30	898
30	903
31	39
31	65
31	90
31	173
31	263
31	318
31	319
31	323
31	504
31	679
31	711
31	722
31	987
31	993
33	55
33	236
33	349
33	467
33	488
33	681
33	779
33	813
33	910
34	84
34	126
34	336
34	469
34	511
34	710
34	714
34	727
34	791
34	792
34	878
34	895
34	947
35	59
35	97
35	204
35	255
35	316
35	376
35	567
35	576
35	666
35	985
36	66
36	115
36	126
36	165
36	216
36	421
36	527
36	575
36	810
36	864
36	903
36	974
37	48
37	61
37	198
37	240
37	355
37	485
37	556
37	588
37	795
37	811
37	910
37	992
38	754
38	840
38	867
38	877
39	83
39	109
39	258
39	299
39	311
39	441
39	458
39	524
39	680
39	691
39	742
39	912
39	939
39	995
40	184
40	249
40	269
40	369
40	418
40	474
40	496
40	506
40	605
40	792
40	834
40	838
40	921
40	925
40	939
40	962
40	981
41	50
41	116
41	133
41	247
41	257
41	296
41	332
41	490
41	540
41	576
41	664
41	906
41	993
42	230
42	448
42	706
42	758
42	771
42	984
43	121
43	598
44	562
44	584
44	716
44	799
45	96
45	233
45	298
45	398
45	405
45	641
45	645
45	710
45	733
45	810
45	815
45	846
45	901
45	997
46	168
46	449
46	516
46	630
46	638
46	820
46	982
47	94
47	138
47	239
47	253
47	315
47	316
47	460
47	484
47	496
47	533
47	615
47	616
47	633
47	656
47	719
47	744
47	821
47	857
47	858
47	927
47	941
48	104
48	110
48	147
48	197
48	251
48	270
48	376
48	458
48	664
48	774
48	815
48	987
49	261
49	290
49	317
49	374
49	598
49	735
50	244
50	245
50	325
50	467
50	711
50	794
50	985
51	151
51	174
51	245
51	292
51	296
51	311
51	345
51	529
51	570
51	576
51	596
51	696
51	828
51	850
51	859
51	860
52	88
52	123
52	166
52	239
52	290
52	405
52	429
52	539
52	572
52	748
52	810
52	897
52	937
53	142
53	238
53	468
53	622
53	877
53	897
54	307
55	115
55	478
55	485
55	523
55	527
55	531
55	566
55	580
55	651
55	759
55	866
55	902
56	230
56	412
56	444
56	639
56	672
56	697
56	771
56	840
57	329
57	766
57	867
57	897
57	984
58	88
58	166
58	572
58	597
58	599
58	633
58	645
58	651
58	748
58	862
58	890
58	892
58	900
58	974
59	94
59	126
59	147
59	157
59	197
59	429
59	460
59	501
59	576
59	618
59	625
59	643
59	859
59	900
59	935
60	603
60	835
60	870
61	103
61	120
61	181
61	323
61	500
61	529
61	531
61	550
61	582
61	596
61	673
61	711
61	923
61	989
62	145
62	365
62	376
62	473
62	482
62	546
62	615
62	833
62	836
62	871
62	910
62	997
63	109
63	279
63	487
63	714
63	722
63	733
63	815
64	233
64	260
64	262
64	337
64	368
64	439
64	657
64	663
64	689
64	758
64	810
64	830
64	858
64	881
64	887
64	901
65	119
65	133
65	139
65	151
65	182
65	245
65	250
65	411
65	459
65	615
65	621
65	664
65	670
65	863
65	875
65	912
66	107
66	226
66	383
66	422
66	702
66	926
67	211
67	362
67	393
67	544
67	639
68	83
68	153
68	226
68	287
68	381
68	420
68	439
68	457
68	636
68	641
68	680
68	857
68	885
68	997
69	555
69	571
69	594
69	692
69	730
69	816
70	138
70	153
70	157
70	257
70	264
70	295
70	324
70	379
70	586
70	613
70	637
70	656
70	786
70	823
70	857
70	871
70	970
70	975
71	73
71	338
71	464
71	938
71	953
72	86
72	271
72	992
73	94
73	398
73	401
73	437
73	459
73	479
73	526
73	603
73	645
73	732
73	857
73	885
73	897
73	988
74	109
74	147
74	153
74	276
74	324
74	439
74	615
74	704
74	748
74	782
74	875
74	995
75	155
75	175
75	206
75	231
75	290
75	572
75	647
75	744
75	875
75	897
76	453
76	723
77	218
77	383
77	555
77	701
77	746
77	777
77	816
78	168
78	198
78	216
78	350
78	466
78	582
78	681
79	220
79	600
79	735
79	746
79	922
80	598
81	261
81	283
81	555
82	163
82	353
82	521
83	143
83	211
83	237
83	249
83	258
83	346
83	352
83	437
83	685
83	714
83	759
83	858
83	860
83	871
83	875
83	895
83	901
83	911
84	151
84	434
84	511
84	606
84	631
84	643
84	665
84	739
84	763
84	936
85	840
86	197
86	233
86	263
86	311
86	354
86	458
86	576
86	668
87	109
87	153
87	174
87	202
87	209
87	262
87	290
87	344
87	439
87	522
87	599
87	660
87	792
87	851
87	884
87	888
87	929
87	993
88	126
88	138
88	178
88	277
88	287
88	290
88	365
88	392
88	436
88	482
88	496
88	531
88	565
88	567
88	590
88	661
88	759
88	818
88	824
89	115
89	224
89	241
89	403
89	539
89	597
89	599
89	661
89	665
89	701
89	861
89	964
90	141
90	184
90	191
90	230
90	249
90	286
90	319
90	337
90	386
90	411
90	460
90	625
90	661
90	721
90	895
90	912
90	924
90	987
92	390
93	130
93	644
93	678
94	126
94	252
94	418
94	434
94	469
94	487
94	594
94	665
94	719
94	896
95	145
95	240
95	322
95	342
95	349
95	402
95	533
95	557
95	619
95	779
95	812
95	910
95	985
96	289
96	436
96	440
96	663
96	732
96	758
96	897
96	937
97	176
97	185
97	488
97	552
97	668
97	684
97	992
99	532
99	626
99	737
99	828
99	840
99	870
99	930
100	103
100	157
100	197
100	202
100	290
100	293
100	364
100	365
100	376
100	460
100	567
100	631
100	834
100	846
100	900
100	935
101	102
101	173
101	291
101	325
101	511
101	606
101	625
101	683
101	721
101	842
101	846
101	995
102	133
102	164
102	222
102	245
102	271
102	345
102	376
102	378
102	619
102	625
102	795
102	896
102	906
102	970
102	988
103	156
103	332
103	485
103	560
103	580
103	738
103	805
103	970
103	971
104	141
104	184
104	251
104	577
104	621
104	628
104	661
104	774
104	791
104	894
104	991
105	261
105	396
105	461
105	470
105	651
105	749
105	898
105	953
106	263
106	602
106	618
106	879
106	999
107	138
107	172
107	210
107	351
107	372
107	483
107	597
107	718
107	764
107	942
107	988
108	114
108	310
108	674
108	869
108	954
109	125
109	337
109	347
109	364
109	388
109	403
109	429
109	481
109	504
109	586
109	647
109	719
109	744
109	852
109	922
109	926
109	985
110	268
110	605
110	675
111	423
111	751
112	475
112	509
112	813
112	841
112	940
112	985
113	257
113	286
113	528
113	842
113	896
113	929
114	186
114	320
114	396
114	450
115	178
115	264
115	274
115	337
115	482
115	531
115	587
115	857
115	932
116	124
116	125
116	182
116	205
116	207
116	245
116	376
116	431
116	664
116	665
116	673
116	782
116	990
117	198
117	214
117	388
117	467
117	473
117	512
117	699
118	120
118	199
118	237
118	319
118	444
118	502
118	944
119	216
119	309
119	316
119	431
119	469
119	482
119	523
119	575
119	580
119	599
119	635
119	759
119	804
119	932
119	935
119	942
119	974
120	185
120	204
120	207
120	245
120	460
120	521
120	704
120	811
120	892
120	908
121	180
121	955
122	228
122	780
122	951
123	175
123	298
123	322
123	351
123	392
123	501
123	636
123	637
123	643
123	691
123	818
123	861
123	882
123	887
123	974
124	156
124	165
124	183
124	204
124	216
124	257
124	311
124	473
124	484
124	521
124	570
124	673
124	700
124	703
124	791
124	807
125	134
125	154
125	267
125	290
125	295
125	311
125	324
125	500
125	546
125	589
125	611
125	662
125	748
125	859
126	315
126	324
126	372
126	633
126	677
126	680
126	719
126	744
128	282
128	441
128	687
128	980
129	165
129	422
129	582
129	587
129	620
129	839
129	854
130	396
131	143
131	248
131	249
131	273
131	554
131	578
131	862
131	925
132	170
132	297
132	340
132	715
132	869
132	914
132	942
132	959
133	323
133	552
133	577
133	628
133	738
133	794
134	138
134	147
134	151
134	157
134	270
134	292
134	350
134	365
134	460
134	481
134	527
134	529
134	611
134	615
134	703
134	738
134	748
134	759
134	850
134	917
135	151
135	154
135	237
135	336
135	457
135	487
135	600
135	713
135	792
135	878
135	937
135	993
135	995
137	154
137	270
137	324
137	392
137	403
137	429
137	431
137	589
137	660
137	680
137	702
137	733
137	897
137	902
137	903
137	909
137	920
137	923
137	974
138	147
138	177
138	183
138	341
138	350
138	352
138	403
138	633
138	656
138	759
138	805
138	875
138	951
139	332
139	544
139	601
139	693
139	734
139	742
139	762
139	786
139	852
139	925
140	230
140	352
140	610
140	740
141	143
141	184
141	376
141	484
141	687
141	752
141	815
141	884
141	917
141	947
142	175
142	230
142	448
142	594
142	629
142	647
142	691
142	697
142	710
142	724
143	434
143	554
143	601
143	713
143	739
143	785
143	815
143	828
144	280
144	447
144	566
144	634
144	677
144	678
144	682
144	927
144	944
144	947
145	248
145	345
145	349
145	488
145	570
145	665
145	716
145	791
145	793
145	823
147	264
147	481
147	528
147	572
147	589
147	618
147	703
147	719
147	782
147	903
147	937
147	946
147	990
148	630
149	525
149	559
150	287
150	401
150	405
150	462
150	522
150	580
150	613
150	643
150	727
150	748
150	810
150	857
150	866
150	926
150	947
150	975
151	178
151	249
151	352
151	675
151	721
151	733
151	763
151	842
151	863
151	924
151	995
152	348
152	583
152	686
152	747
152	928
153	182
153	295
153	324
153	429
153	520
153	586
153	656
153	722
153	740
153	823
153	859
153	866
153	900
153	917
153	923
153	973
154	225
154	420
154	727
154	733
154	911
154	912
154	914
154	924
155	178
155	220
155	272
155	343
155	372
155	431
155	496
155	531
155	613
155	677
155	920
155	923
155	926
155	974
156	200
156	234
156	255
156	345
156	414
156	458
156	481
156	662
157	239
157	253
157	350
157	378
157	411
157	522
157	577
157	631
157	633
157	643
157	666
157	709
157	932
157	993
158	338
158	916
159	196
159	348
159	363
159	715
159	745
159	749
161	592
161	889
162	419
162	566
162	590
162	634
162	704
162	770
162	802
162	865
163	291
163	315
163	318
163	336
163	406
163	411
163	643
163	670
163	733
163	763
163	862
163	883
164	177
164	286
164	354
164	619
164	625
164	738
164	794
164	894
165	360
165	562
165	634
165	708
165	968
166	220
166	242
166	272
166	290
166	351
166	405
166	814
166	964
168	188
168	322
168	348
168	467
168	597
168	751
168	779
168	829
168	970
168	982
168	985
169	172
169	308
169	351
169	431
169	510
169	590
169	649
169	764
169	841
170	310
170	327
170	371
170	470
170	531
170	566
170	717
170	718
170	778
170	808
171	200
171	205
171	258
171	443
171	801
172	277
172	295
172	309
172	422
172	447
172	485
172	523
172	531
172	539
172	615
172	637
172	704
172	759
172	802
172	831
172	873
172	953
173	184
173	245
173	246
173	354
173	416
173	600
173	794
173	991
174	177
174	245
174	311
174	474
174	490
174	504
174	529
175	222
175	398
175	426
175	440
175	526
175	539
175	566
175	590
175	633
175	641
175	789
175	941
175	973
176	417
176	632
176	736
177	215
177	271
177	286
177	628
177	673
177	711
177	774
177	826
178	242
178	351
178	372
178	802
178	861
179	331
179	416
179	632
179	653
179	834
180	766
181	255
181	299
181	491
181	528
181	934
182	183
182	277
182	318
182	350
182	378
182	481
182	600
182	606
182	613
182	657
182	679
182	719
182	792
182	932
182	975
182	990
183	207
183	250
183	263
183	431
183	460
183	611
183	613
183	679
183	789
183	926
183	932
183	953
184	324
184	364
184	411
184	460
184	487
184	675
184	972
185	292
185	465
185	480
185	512
185	546
185	557
185	705
185	729
185	793
185	948
186	221
186	674
187	432
187	776
188	272
188	280
188	429
188	564
188	666
188	743
189	482
189	520
189	582
189	682
189	683
189	779
189	900
189	971
190	316
190	326
190	348
190	546
190	694
190	836
190	872
190	967
190	997
191	244
191	263
191	282
191	385
191	437
191	605
191	642
191	655
191	720
192	431
192	542
192	749
192	799
192	804
192	913
192	968
194	393
194	518
194	605
194	958
195	275
195	535
195	568
196	306
197	204
197	217
197	255
197	258
197	528
197	617
197	631
197	653
197	741
197	750
197	791
197	863
198	480
198	512
198	557
198	756
198	990
199	230
199	382
199	441
199	448
199	477
199	541
199	762
199	771
199	857
199	884
200	271
200	354
200	632
200	721
200	980
202	206
202	270
202	315
202	341
202	520
202	679
202	763
202	782
202	786
202	792
202	929
202	937
202	947
202	993
203	441
203	551
203	803
204	270
204	290
204	293
204	460
204	469
204	666
204	738
204	793
204	805
204	811
204	987
205	245
205	257
205	400
205	411
205	437
205	533
205	577
205	733
205	734
205	786
205	823
205	828
205	935
205	941
206	252
206	343
206	344
206	500
206	565
206	641
206	645
206	727
206	733
206	789
206	871
206	901
206	926
206	995
207	245
207	255
207	378
207	460
207	522
207	673
207	738
207	789
207	811
208	329
208	493
208	532
209	264
209	365
209	482
209	550
209	599
209	633
209	683
209	759
209	807
209	830
210	484
210	590
210	937
210	996
211	299
212	283
212	383
212	415
212	464
212	525
212	565
212	704
212	824
213	360
213	394
213	676
213	715
214	387
214	557
214	567
214	589
214	837
215	217
215	245
215	300
215	528
215	793
215	795
215	811
216	527
216	546
216	567
216	660
216	764
216	767
216	813
216	827
216	836
216	854
217	349
217	556
217	668
217	849
218	254
218	261
218	446
218	644
218	858
218	861
220	289
220	368
220	386
220	405
220	502
220	565
220	701
220	818
220	884
220	898
220	904
220	938
221	499
222	391
222	462
222	625
222	830
222	861
222	864
222	895
222	936
222	959
222	995
223	306
223	499
223	579
223	723
224	462
224	483
224	539
224	659
224	692
224	697
224	701
224	732
224	746
224	825
224	975
225	241
225	310
225	401
225	539
225	585
225	746
226	321
226	347
226	424
226	470
226	678
226	777
226	831
226	916
227	326
227	360
227	557
227	827
227	872
228	249
228	313
228	574
228	741
228	762
229	820
230	241
230	242
230	343
230	603
230	629
230	740
231	338
231	446
231	450
231	959
232	465
232	560
232	729
232	889
233	262
233	315
233	374
233	386
233	445
233	520
233	625
233	631
233	643
233	713
233	727
233	804
233	917
233	932
233	973
233	988
234	322
234	341
234	567
234	807
234	859
235	597
235	678
235	938
236	335
236	695
236	698
236	820
236	940
237	324
237	346
237	569
237	601
237	691
237	785
237	828
238	508
238	555
238	635
239	398
239	405
239	439
239	585
239	594
239	600
239	656
239	825
239	875
240	405
240	512
240	677
240	700
240	705
240	910
240	928
241	262
241	289
241	301
241	502
241	572
241	600
241	635
241	744
241	748
241	816
241	864
241	885
241	936
242	308
242	415
242	419
242	426
242	462
242	526
242	594
242	732
242	746
242	748
242	887
242	963
242	964
243	248
243	407
243	601
243	685
243	835
243	981
244	251
244	268
244	269
244	313
244	318
244	393
244	482
244	606
244	980
245	255
245	285
245	458
245	500
245	540
245	570
245	602
245	618
245	619
245	647
245	664
245	673
245	973
245	990
246	251
246	369
246	655
246	657
246	728
247	286
247	299
247	655
247	763
247	970
248	255
248	337
248	364
248	411
248	433
248	586
248	661
248	714
248	752
248	763
248	811
248	860
248	900
248	939
248	991
249	545
249	720
249	763
249	794
249	883
249	941
249	972
249	988
250	252
250	337
250	392
250	500
250	599
250	625
250	641
250	683
250	763
250	823
250	863
250	883
250	921
250	964
251	378
251	406
251	544
251	614
251	667
251	762
251	912
252	362
252	379
252	389
252	401
252	403
252	683
252	689
252	703
252	714
252	810
252	811
252	857
252	875
253	290
253	295
253	305
253	337
253	445
253	585
253	647
253	680
253	714
253	823
253	858
253	861
253	882
253	900
253	937
253	953
254	489
254	737
255	399
255	404
255	429
255	481
255	490
255	491
255	528
255	588
255	589
255	618
255	660
255	792
255	811
255	834
255	906
256	361
256	450
256	607
256	938
257	293
257	313
257	350
257	416
257	504
257	588
257	665
257	683
257	691
257	789
257	895
258	443
258	472
258	545
258	655
258	714
258	842
258	862
259	384
259	463
259	638
259	736
259	855
260	298
260	338
260	431
260	439
260	508
260	531
260	565
260	656
260	702
260	740
260	744
260	846
260	858
260	861
260	866
260	944
261	308
261	310
261	778
261	904
261	920
261	950
261	959
262	290
262	337
262	368
262	405
262	585
262	600
262	636
262	643
262	706
262	724
262	792
262	866
262	906
263	269
263	318
263	369
263	456
263	545
263	578
263	617
263	720
263	987
264	398
264	421
264	445
264	481
264	509
264	597
264	633
264	656
264	744
264	859
264	873
264	929
264	937
264	974
267	402
267	546
267	682
267	827
267	927
267	985
268	441
268	712
268	752
268	860
268	958
269	336
269	393
269	443
269	543
269	544
269	578
269	733
269	742
270	296
270	345
270	399
270	504
270	599
270	743
270	789
270	795
270	804
270	811
270	834
271	286
271	458
271	504
271	528
271	588
271	631
271	632
271	653
271	668
271	826
272	320
272	374
272	485
272	744
272	813
272	858
272	873
272	983
273	688
273	771
274	356
274	402
274	595
274	986
275	568
276	348
276	465
276	664
276	699
276	794
276	948
276	971
277	309
277	340
277	349
277	485
277	523
277	527
277	562
277	566
277	607
277	802
277	873
277	902
277	926
277	968
278	302
278	348
278	473
278	542
278	550
278	694
279	329
279	497
279	543
279	603
280	311
280	509
280	557
280	582
280	637
280	650
280	662
280	718
281	507
281	969
282	454
282	506
282	655
282	720
282	733
283	326
283	450
283	609
283	768
283	881
283	898
283	904
284	299
284	300
284	413
284	456
284	602
284	757
285	366
285	417
285	876
286	299
286	416
286	490
286	617
286	661
286	667
286	906
287	289
287	352
287	395
287	403
287	424
287	462
287	523
287	603
287	758
287	814
287	885
287	893
287	941
287	973
287	976
288	945
289	372
289	381
289	411
289	455
289	572
289	594
289	881
289	887
289	944
290	298
290	324
290	351
290	368
290	404
290	420
290	429
290	431
290	439
290	445
290	459
290	748
290	782
290	830
290	851
290	857
290	974
291	459
291	622
291	815
291	860
291	862
291	924
291	932
291	937
292	465
292	494
292	619
292	918
292	921
292	987
293	311
293	322
293	324
293	337
293	403
293	414
293	460
293	504
293	512
293	600
293	611
293	656
293	657
293	683
293	696
293	703
293	807
293	882
293	941
293	944
294	919
294	998
295	324
295	391
295	392
295	407
295	420
295	434
295	539
295	616
295	643
295	692
295	696
295	724
295	758
295	830
295	851
295	873
296	416
296	528
296	540
296	577
296	643
296	826
296	852
296	896
296	906
297	635
297	816
298	419
298	424
298	431
298	482
298	496
298	575
298	585
298	633
298	696
298	703
298	748
298	857
298	890
298	923
298	975
298	976
299	355
299	378
299	494
299	528
299	561
299	614
299	653
299	711
299	750
299	794
299	879
299	912
299	921
299	972
300	561
300	832
300	943
301	343
301	373
301	537
301	737
301	766
301	955
302	342
302	747
303	349
303	463
303	755
304	452
304	476
304	698
305	499
306	461
306	723
306	781
308	338
308	389
308	500
308	502
308	732
309	422
309	523
309	527
309	657
309	660
309	707
309	808
309	830
309	886
309	897
309	903
309	908
309	923
309	926
310	440
310	508
310	636
310	677
311	345
311	425
311	521
311	522
311	615
311	633
311	664
311	807
311	827
311	888
311	923
311	975
311	988
312	428
313	429
313	616
313	631
313	642
313	815
313	899
314	357
314	824
315	364
315	411
315	481
315	616
315	636
315	647
315	656
315	689
315	703
315	710
315	722
315	875
315	941
315	988
315	993
316	403
316	447
316	559
316	567
316	640
316	668
316	804
316	829
316	923
317	357
317	555
317	773
317	778
317	831
317	976
317	996
318	395
318	586
318	605
318	642
318	742
318	862
318	917
319	344
319	400
319	411
319	416
319	657
319	666
319	692
319	714
319	733
319	875
319	929
319	981
320	344
320	424
320	582
320	599
320	748
320	865
320	886
320	923
320	983
321	377
321	470
321	485
321	620
321	650
321	880
321	953
321	986
322	360
322	479
322	517
322	582
322	587
322	891
322	910
322	923
322	928
323	429
323	588
323	970
324	386
324	404
324	420
324	509
324	633
324	647
324	677
324	843
324	851
324	882
324	888
324	932
325	414
325	570
325	662
325	789
325	890
325	970
326	599
326	620
326	829
326	839
326	907
328	495
329	412
329	439
329	448
329	645
329	672
329	864
331	332
331	725
331	750
331	894
332	416
332	529
332	540
332	556
332	628
332	670
332	774
333	346
333	626
334	480
335	339
335	527
335	608
335	650
335	715
335	841
336	386
336	434
336	437
336	665
336	878
336	895
336	911
336	973
336	981
336	987
337	391
337	404
337	418
337	445
337	641
337	665
337	696
337	759
337	786
337	830
337	843
337	846
337	875
337	912
337	975
338	374
338	783
338	864
338	914
338	959
338	963
339	377
339	503
339	536
340	436
340	527
340	533
340	582
340	704
340	715
340	759
340	786
340	837
340	904
341	469
341	562
341	628
341	656
341	812
341	829
341	836
341	837
343	502
343	604
344	352
344	386
344	411
344	434
344	601
344	645
344	663
344	932
344	973
345	589
345	612
345	743
345	764
345	805
345	850
345	970
346	386
346	420
346	433
346	448
346	468
346	526
346	554
346	594
346	603
346	710
346	739
346	785
347	475
347	531
347	810
347	830
347	950
347	954
348	465
348	516
348	583
348	756
349	465
349	560
349	736
349	738
349	793
349	891
349	990
350	378
350	429
350	496
350	619
350	662
350	665
350	694
350	791
350	859
350	871
350	875
350	890
351	420
351	421
351	677
351	704
351	707
351	740
351	772
351	821
351	851
351	865
351	882
351	886
351	887
351	922
352	365
352	391
352	457
352	526
352	606
352	629
352	643
352	657
352	685
352	689
352	722
352	738
352	837
352	920
354	406
354	417
354	683
354	741
354	801
355	480
355	602
355	628
355	742
356	475
356	542
356	546
356	563
356	595
356	620
356	666
356	716
356	827
357	383
357	732
358	549
359	450
359	733
359	886
360	495
360	872
361	579
362	406
362	709
363	425
363	546
363	751
363	791
363	812
364	500
364	561
364	586
364	621
364	679
364	792
364	823
364	833
364	860
364	863
364	871
365	649
365	666
365	813
365	833
365	854
365	876
365	926
366	797
367	635
367	933
367	955
368	374
368	600
368	611
368	645
368	702
368	732
368	916
368	975
369	392
369	393
369	437
369	524
369	528
369	545
369	862
369	883
369	993
370	638
371	907
371	909
372	440
372	446
372	665
372	689
372	702
372	727
372	814
372	873
372	888
372	942
372	944
373	420
373	439
373	487
373	502
373	541
373	572
373	689
373	710
373	727
373	761
373	866
373	885
373	916
373	922
374	392
374	603
374	702
374	858
374	882
374	923
376	469
376	481
376	504
376	577
376	619
376	647
376	673
376	683
376	744
376	748
376	875
376	888
376	896
377	547
377	806
378	392
378	498
378	602
378	611
378	679
378	703
378	712
378	884
379	381
379	399
379	433
379	657
379	733
379	843
379	873
379	888
379	932
379	947
379	958
381	405
381	411
381	572
381	613
381	685
381	712
381	775
381	897
381	911
381	930
381	937
381	941
381	988
382	418
382	709
382	731
383	525
383	777
383	848
383	881
383	996
385	554
385	951
385	998
386	580
386	597
386	606
386	631
386	640
386	657
386	722
386	724
386	851
386	857
386	900
386	932
387	388
387	402
387	664
387	671
387	753
387	841
387	872
387	923
388	747
388	971
389	419
389	897
389	997
390	627
390	771
390	877
391	487
391	520
391	526
391	565
391	585
391	633
391	680
391	734
391	878
391	988
392	479
392	481
392	565
392	643
392	804
392	807
392	873
392	902
392	923
393	741
393	762
393	852
394	546
394	650
394	749
394	806
395	401
395	437
395	487
395	647
395	719
395	744
395	860
395	871
395	883
395	895
395	929
395	932
396	422
396	450
396	499
396	678
396	881
396	956
397	698
398	565
398	572
398	703
398	859
398	897
398	926
399	481
399	500
399	576
399	577
399	602
399	625
399	662
399	722
399	795
399	851
399	884
399	970
400	456
400	545
400	577
400	618
400	625
400	759
400	782
401	439
401	444
401	813
401	916
401	922
401	923
401	932
401	997
402	498
402	546
402	572
402	587
402	643
402	753
402	764
402	829
402	887
403	533
403	572
403	631
403	660
403	684
403	782
403	836
403	851
403	941
403	991
403	993
403	995
404	405
404	420
404	462
404	469
404	481
404	484
404	657
404	661
404	719
404	724
404	732
404	740
404	843
404	873
404	875
404	937
405	645
405	696
405	702
405	727
405	846
405	861
405	873
405	935
405	976
406	667
406	720
406	801
406	980
407	434
407	554
407	597
407	603
407	656
407	680
407	857
407	921
407	964
408	468
408	766
408	955
410	893
411	457
411	520
411	569
411	656
411	721
411	738
411	873
411	883
411	900
411	932
411	941
412	522
412	706
412	732
412	995
413	556
413	624
414	466
414	469
414	699
414	910
414	946
415	421
415	422
415	483
415	539
415	613
415	663
415	857
415	861
415	882
415	887
416	491
416	667
416	842
417	538
417	624
417	632
418	457
418	569
418	731
418	819
418	931
419	565
419	818
419	865
419	900
420	641
420	645
420	692
420	739
420	816
420	895
420	976
421	424
421	527
421	680
421	704
421	783
421	802
421	818
421	892
421	947
422	470
422	581
422	634
422	920
423	705
423	820
423	910
423	967
424	483
424	861
425	552
425	896
425	978
426	526
426	582
426	603
426	658
426	710
426	861
426	936
427	483
427	601
427	654
427	692
427	697
427	870
428	535
428	809
428	847
428	918
429	657
429	691
429	782
429	857
430	491
430	494
430	498
430	556
430	577
430	617
430	711
430	906
430	972
430	990
430	999
431	523
431	570
431	702
431	873
431	882
431	888
431	902
431	926
431	937
431	964
432	776
433	474
433	544
433	691
433	758
433	870
433	901
433	930
434	444
434	532
434	541
434	569
434	616
434	622
434	645
434	663
434	710
434	734
434	792
434	873
434	885
434	930
434	939
435	456
435	545
435	605
435	762
435	911
435	958
436	572
436	582
436	637
436	702
436	923
437	511
437	606
437	636
437	771
437	911
437	921
437	979
437	995
438	534
438	639
439	462
439	524
439	565
439	636
439	661
439	663
439	724
439	734
439	843
439	857
439	964
439	987
439	988
440	483
440	523
440	594
440	606
440	706
440	740
440	758
440	792
440	857
440	887
440	937
441	685
441	709
441	712
443	444
443	614
443	675
444	541
444	544
444	800
444	828
444	958
445	572
445	613
445	621
445	804
445	830
445	846
445	866
445	902
445	923
445	983
446	447
446	671
446	768
446	818
446	831
446	864
446	869
447	772
447	848
447	916
448	659
448	870
448	936
449	564
449	708
449	718
449	820
450	682
450	708
450	768
450	772
450	986
451	933
453	517
454	949
454	998
455	532
455	685
455	864
455	945
456	711
456	832
456	991
457	474
457	511
457	615
457	631
457	733
457	815
457	911
457	921
457	979
457	993
458	460
458	665
458	673
458	711
458	742
458	980
458	987
459	479
459	481
459	501
459	631
459	846
459	860
459	875
459	922
459	923
459	932
459	988
460	504
460	528
460	727
460	834
460	859
460	890
460	932
460	946
461	558
462	487
462	501
462	580
462	600
462	640
462	830
462	851
462	875
462	914
462	929
462	976
462	989
463	516
463	705
464	610
465	521
465	564
465	970
465	991
465	999
466	488
466	568
466	726
466	736
466	767
466	792
466	793
466	797
466	918
467	473
467	516
467	681
467	700
467	822
467	836
467	905
467	918
467	970
467	971
467	999
468	519
468	604
468	659
469	479
469	515
469	619
469	662
469	779
469	782
469	812
469	833
469	876
470	678
470	707
470	954
472	545
472	741
473	536
473	552
473	782
473	805
473	891
473	909
473	982
474	675
474	721
474	741
474	895
474	911
475	536
475	562
475	595
475	967
476	820
476	989
477	486
477	692
477	731
477	763
477	803
477	958
478	542
478	588
478	650
478	699
478	808
478	968
479	482
479	504
479	528
479	586
479	615
479	633
479	660
479	696
479	791
479	802
479	823
479	917
479	927
480	632
480	666
480	805
480	876
480	990
481	504
481	524
481	540
481	807
481	900
481	942
481	987
482	523
482	562
482	599
482	660
482	722
482	813
482	903
483	818
483	959
484	545
484	588
484	602
484	614
484	805
484	890
484	906
485	637
485	696
485	822
486	541
486	551
486	760
486	803
486	945
487	685
487	818
487	871
487	873
487	877
487	922
487	941
487	995
488	700
488	747
488	779
488	910
489	627
490	494
490	540
490	602
490	805
490	972
491	560
491	561
491	596
491	628
491	631
491	667
491	673
491	711
491	970
491	991
494	516
494	560
494	673
494	797
494	900
495	559
495	690
495	868
495	914
496	527
496	600
496	679
496	713
496	718
496	782
496	804
496	823
496	859
496	963
496	974
496	983
497	998
498	736
498	747
498	812
498	918
500	588
500	589
500	615
500	670
500	789
500	795
500	862
500	896
500	932
500	979
501	522
501	666
501	696
501	703
501	719
501	804
501	858
501	859
501	860
501	882
501	896
501	974
502	526
502	594
502	659
502	882
503	658
503	674
503	778
503	950
503	956
504	611
504	664
504	684
504	834
504	888
504	896
504	981
506	939
507	538
508	773
509	584
509	807
510	517
510	566
510	608
510	783
510	859
510	898
510	953
511	522
511	614
511	714
511	819
511	884
511	899
511	917
512	891
513	725
515	560
515	729
515	999
516	716
516	756
516	889
516	928
516	982
517	671
517	872
517	982
518	605
518	687
518	951
520	606
520	657
520	665
520	714
520	786
520	792
520	901
520	941
520	979
521	743
521	823
521	990
522	526
522	599
522	643
522	657
522	708
522	810
522	823
522	851
522	875
522	923
522	929
522	980
523	599
523	637
523	769
523	772
523	802
523	804
523	829
523	887
524	619
524	661
524	711
524	720
524	862
525	735
525	770
525	777
525	956
525	997
526	622
526	640
526	744
526	835
526	846
526	988
527	615
527	658
527	718
527	769
527	822
527	839
527	929
527	967
528	577
528	673
528	792
528	875
528	975
529	664
529	726
529	793
529	797
529	863
529	876
529	993
531	587
531	657
531	702
531	717
531	789
531	916
532	554
532	631
532	936
533	582
533	793
533	902
533	959
535	809
536	593
536	634
536	715
536	744
536	839
536	880
536	967
536	994
537	669
539	635
539	661
539	704
539	761
539	932
539	968
539	997
540	670
540	720
540	726
540	741
540	826
540	834
540	852
540	906
540	912
540	943
540	972
541	780
541	870
542	584
542	703
542	822
542	859
543	706
543	760
544	693
544	979
545	616
545	639
545	667
545	680
545	693
545	774
545	862
545	981
546	595
546	611
546	664
546	718
546	808
546	812
546	829
546	841
546	928
546	967
546	985
547	994
548	624
548	668
548	757
550	584
550	650
550	682
550	967
551	775
552	568
552	570
552	664
552	673
552	705
552	889
552	918
552	970
554	629
554	792
554	838
554	846
554	964
555	740
555	904
556	576
556	596
556	791
556	832
557	561
557	829
557	968
558	839
559	620
559	940
560	751
560	908
560	999
561	588
561	992
562	682
562	827
562	839
562	854
563	695
563	905
564	809
564	913
564	992
565	600
565	689
565	843
565	897
565	976
566	581
566	651
566	677
566	704
566	768
566	769
566	829
566	831
566	897
566	926
567	772
567	839
567	859
567	916
567	974
568	592
568	913
569	675
569	679
569	685
569	714
569	728
569	760
569	819
569	863
569	883
570	615
570	738
570	834
571	688
571	800
572	645
572	864
572	869
572	885
572	916
572	944
572	947
574	951
575	613
575	624
575	704
575	769
575	926
576	618
576	653
576	858
576	970
577	618
577	991
577	993
578	642
580	600
580	602
580	621
580	679
580	696
580	714
580	782
580	873
580	882
580	885
580	917
580	931
580	935
580	936
581	778
581	808
581	837
581	903
581	927
582	587
582	634
582	902
582	909
582	927
583	638
583	705
584	841
585	615
585	631
585	719
585	748
585	920
585	935
585	964
586	594
586	662
586	665
586	679
586	727
586	732
586	859
587	694
587	756
587	866
587	907
587	967
588	657
588	852
588	871
588	924
588	980
589	637
589	749
589	805
589	811
589	823
589	850
589	909
590	674
590	768
590	996
591	855
592	632
592	738
592	891
592	908
592	992
593	620
593	745
593	755
593	880
593	907
594	603
594	659
594	692
594	712
594	740
595	749
595	756
595	836
595	928
595	985
596	602
596	667
596	729
596	912
597	603
597	609
597	635
597	702
597	744
597	748
597	792
597	885
598	933
599	645
599	656
599	888
599	937
599	942
600	613
600	622
600	744
600	804
600	843
600	871
600	897
600	926
600	937
600	976
601	737
601	758
601	785
601	792
601	931
601	988
602	618
602	850
602	906
602	972
603	780
603	785
603	828
603	895
604	816
604	840
605	642
605	663
605	675
605	697
605	728
605	733
605	760
605	860
605	977
606	616
606	641
606	714
606	883
606	884
606	899
606	917
606	924
607	650
607	662
607	677
607	772
607	837
607	864
607	886
608	869
608	888
608	904
609	778
609	904
611	615
611	619
611	789
611	823
611	875
611	917
613	717
613	748
613	782
613	846
613	875
613	897
613	935
613	942
613	944
614	720
614	852
614	863
614	883
615	656
615	696
615	813
616	618
616	661
616	727
616	830
616	979
616	993
617	673
617	894
618	657
618	668
618	738
618	762
618	779
618	852
619	670
619	743
619	791
619	793
619	859
620	676
620	745
620	808
620	841
621	670
621	815
621	862
621	937
622	636
622	689
622	724
622	973
623	783
624	796
624	879
625	661
625	733
625	774
625	987
626	654
626	740
626	819
627	654
627	952
628	811
628	906
629	691
629	870
629	930
629	995
631	636
631	641
631	643
631	647
631	714
631	722
631	792
631	941
631	958
631	973
631	980
632	797
632	862
632	889
632	908
633	684
633	696
633	727
633	759
633	823
633	865
633	866
633	882
633	887
633	888
633	916
634	651
634	914
634	927
634	935
634	986
635	825
635	922
636	675
636	679
636	851
636	883
636	895
636	900
636	925
636	939
636	941
636	979
636	993
637	718
637	764
637	808
637	823
637	830
637	837
637	890
637	892
637	896
637	900
637	986
638	649
638	971
639	762
639	775
640	710
640	714
640	744
640	875
640	895
640	937
640	947
640	997
641	689
641	713
641	763
641	883
641	975
642	742
642	760
642	931
642	958
642	962
643	683
643	702
643	851
645	733
645	835
645	973
645	975
646	826
647	689
647	739
647	863
647	901
647	988
649	868
650	708
650	806
651	702
651	704
651	768
651	839
653	795
653	826
653	842
653	849
653	876
654	897
654	997
655	709
655	792
655	801
656	680
656	685
656	699
656	727
656	759
656	811
656	851
656	866
656	900
657	727
657	823
657	830
657	875
657	882
657	888
658	732
658	770
658	864
660	836
660	859
660	888
660	900
660	903
660	923
660	975
660	990
661	727
661	745
661	786
661	804
661	834
661	888
661	921
661	935
661	981
662	833
662	902
662	917
662	993
663	691
663	739
663	810
663	830
663	899
663	932
664	666
664	684
664	756
664	918
665	679
665	680
665	683
665	785
665	901
665	911
665	941
665	990
666	779
666	837
667	856
668	943
670	719
670	741
670	973
671	764
671	768
671	907
673	794
673	876
673	879
673	946
673	991
674	778
674	954
675	691
675	977
676	961
677	718
677	763
677	768
677	821
677	920
677	974
678	959
678	961
679	714
679	860
679	871
679	900
679	911
680	724
680	858
680	871
680	883
680	890
680	896
680	929
680	973
681	700
681	738
681	793
681	813
681	829
682	772
682	777
682	903
683	843
683	924
683	929
683	980
683	987
684	779
684	794
684	891
684	970
684	999
685	763
685	828
685	884
685	901
685	995
687	742
687	924
688	775
688	803
689	789
689	922
689	997
691	763
691	771
691	860
691	878
692	730
692	771
692	835
693	744
693	828
693	883
693	924
694	812
694	827
695	868
696	704
696	748
696	772
696	879
696	888
696	900
696	902
696	975
696	976
698	989
699	726
699	874
699	913
699	946
700	726
700	729
700	779
701	964
702	704
702	818
702	865
702	873
702	887
702	920
702	953
702	967
703	714
703	727
703	748
703	890
703	903
703	923
704	744
704	772
704	886
704	920
705	729
705	971
706	737
706	771
706	819
706	897
707	781
708	718
708	827
708	837
708	881
708	896
708	928
708	968
709	733
709	752
709	760
709	771
709	817
709	899
709	939
710	758
710	771
710	816
711	811
711	906
711	934
711	990
712	828
712	883
712	924
713	722
713	739
713	758
713	792
713	878
713	973
713	993
714	878
714	936
714	941
714	979
715	831
716	994
717	764
717	839
717	961
717	967
717	985
718	723
718	764
718	768
718	851
718	967
719	727
719	733
719	808
719	833
719	843
719	975
719	999
720	947
721	742
721	763
721	912
721	921
721	931
722	786
722	875
722	883
722	896
722	917
722	935
724	792
724	914
724	920
724	937
724	941
724	973
725	750
726	729
726	908
727	782
727	804
727	813
727	875
727	932
727	937
727	993
728	780
728	795
728	911
728	980
729	809
729	812
729	889
731	760
733	921
735	765
736	751
736	948
736	985
739	897
740	758
740	897
741	826
741	894
742	826
742	862
744	759
744	778
744	929
744	975
745	753
745	839
746	825
746	897
746	975
748	769
748	772
748	823
748	890
748	937
752	897
752	925
754	952
755	839
755	994
756	795
756	910
756	971
757	832
758	828
758	936
758	976
758	980
759	858
759	875
759	907
759	920
759	997
760	895
760	899
760	979
761	765
761	959
761	996
762	951
763	826
763	863
763	899
763	925
764	892
764	907
765	816
765	897
766	840
767	820
768	772
768	831
768	903
768	983
769	802
769	818
769	866
769	903
769	917
769	942
771	816
771	819
772	804
772	858
772	865
772	974
773	959
775	998
776	849
776	856
777	824
779	812
779	891
780	828
782	807
782	834
782	882
782	900
782	932
782	970
782	975
783	983
783	996
785	958
786	792
789	793
789	879
789	900
789	974
791	793
791	879
791	900
791	909
792	906
792	987
793	813
795	921
795	948
796	853
797	859
799	872
799	968
799	989
801	849
802	823
802	902
802	903
802	929
802	944
802	967
804	851
804	975
804	980
805	935
806	989
807	823
808	898
809	946
810	846
810	859
810	873
810	973
812	839
812	909
812	985
813	837
813	874
813	926
813	928
814	818
814	887
815	884
815	901
815	941
815	964
815	995
817	945
817	962
818	888
818	916
818	953
819	921
819	931
821	927
821	967
822	841
823	859
823	896
823	900
823	974
823	975
826	894
826	991
827	839
827	903
828	846
829	896
829	967
830	851
830	890
830	937
831	974
833	873
834	906
835	930
836	918
836	985
837	854
837	875
837	985
838	912
838	962
839	868
839	961
839	994
840	955
841	872
841	905
843	871
843	884
843	885
843	890
843	925
843	975
845	919
845	925
846	860
846	885
846	936
846	997
848	898
849	970
851	983
852	972
854	903
855	999
857	936
857	997
858	890
858	964
859	861
859	871
859	937
859	974
859	983
860	862
860	894
861	887
861	898
863	900
863	964
863	980
863	993
864	897
865	881
866	882
866	895
866	954
869	927
869	956
869	967
870	896
870	901
871	882
871	884
871	935
871	936
871	993
872	909
872	985
873	900
873	901
875	922
875	963
875	964
878	925
878	930
878	931
879	932
879	970
880	888
880	986
880	989
881	953
882	899
882	974
883	884
883	901
883	995
884	895
884	911
884	925
884	929
884	937
885	895
885	936
885	963
885	964
886	920
887	888
888	890
889	918
890	932
890	975
890	979
891	910
891	913
892	922
893	955
895	911
895	932
895	939
895	973
895	995
896	987
897	933
897	944
899	925
900	987
901	930
901	932
901	973
901	988
902	903
903	974
904	986
905	910
906	999
907	918
909	968
911	917
911	987
912	917
913	971
914	920
916	944
916	976
917	941
917	987
919	931
920	974
923	974
924	987
925	962
926	944
926	995
927	967
929	932
929	964
929	970
932	937
935	947
937	964
939	980
941	979
942	983
944	997
948	992
950	959
950	976
953	964
953	974
954	967
958	981
963	983
964	997
968	985
970	990
987	993
993	995
