0	111
0	154
0	178
0	207
0	222
0	419
0	450
0	486
0	513
0	526
0	624
0	732
0	820
1	16
1	307
1	450
1	513
1	573
1	578
1	624
1	694
1	867
2	35
2	196
2	210
2	231
2	245
2	273
2	298
2	366
2	490
2	528
2	584
2	709
2	752
2	941
3	200
3	237
3	277
3	455
3	540
3	831
4	6
4	31
4	340
4	472
4	543
4	550
4	605
4	668
4	704
4	737
4	803
4	816
4	847
4	947
4	967
5	168
5	220
5	417
5	497
5	501
5	586
5	607
5	685
5	739
5	743
5	878
5	898
6	39
6	125
6	137
6	153
6	191
6	214
6	303
6	352
6	410
6	550
6	714
6	977
6	989
6	998
7	332
7	378
7	481
7	500
7	553
7	851
7	871
8	251
8	634
8	657
8	682
8	741
8	744
8	761
8	781
8	938
8	963
9	235
9	265
9	274
9	324
9	449
9	710
9	745
9	864
11	64
11	116
11	313
11	356
11	457
11	477
11	489
11	535
11	564
11	575
11	629
11	778
11	797
11	804
11	842
11	924
11	995
13	15
13	145
13	192
13	311
13	719
13	728
13	751
13	754
13	830
13	913
13	921
14	111
14	269
14	350
14	444
14	663
14	953
15	62
15	110
15	137
15	180
15	192
15	233
15	352
15	546
15	549
15	638
15	639
15	681
15	686
15	776
15	863
15	920
15	987
16	30
16	101
16	124
16	128
16	369
16	386
16	407
16	565
16	566
16	623
16	674
16	680
16	686
16	758
16	876
16	893
16	994
18	447
18	567
18	610
18	794
18	872
19	95
19	466
19	487
19	714
19	799
20	371
20	401
20	612
21	32
21	107
21	224
21	420
21	680
21	684
21	729
21	745
21	778
21	934
21	992
22	70
22	348
22	492
22	540
22	649
22	680
22	745
22	773
22	927
22	931
23	63
23	225
23	271
23	274
23	354
23	424
23	794
23	856
23	986
24	29
24	111
24	121
24	135
24	225
24	307
24	519
24	526
24	687
24	709
24	750
24	786
24	820
24	865
24	933
25	97
25	102
25	393
25	487
25	515
25	573
25	627
25	694
25	707
25	723
25	839
25	867
25	979
26	70
26	283
26	311
26	427
26	441
26	514
26	536
26	541
26	605
26	617
26	705
26	846
26	892
26	913
26	956
27	30
27	60
27	64
27	92
27	162
27	262
27	285
27	356
27	376
27	446
27	460
27	477
27	487
27	578
27	625
27	629
27	746
27	748
27	794
27	829
27	998
28	59
28	60
28	119
28	142
28	234
28	250
28	386
28	420
28	457
28	465
28	486
28	524
28	528
28	588
28	622
28	655
28	704
28	715
28	737
28	803
28	848
28	921
29	64
29	237
29	544
29	573
29	578
29	594
29	601
29	627
29	802
29	820
29	823
29	867
29	910
29	958
29	970
30	70
30	78
30	204
30	245
30	258
30	399
30	402
30	738
30	746
30	755
30	758
30	855
30	945
30	985
31	80
31	272
31	289
31	354
31	359
31	376
31	408
31	457
31	509
31	543
31	566
31	803
31	809
31	835
32	447
32	504
32	520
32	594
32	610
32	684
32	864
33	78
33	123
33	388
33	997
34	124
34	316
34	348
34	402
34	583
34	601
34	646
34	715
34	901
34	977
35	62
35	157
35	200
35	285
35	314
35	356
35	399
35	408
35	584
35	675
35	722
35	877
36	80
36	110
36	136
36	209
36	265
36	270
36	299
36	398
36	433
36	472
36	474
36	541
36	681
36	697
36	860
36	928
37	339
37	827
37	953
38	121
38	193
38	845
39	196
39	262
39	289
39	364
39	376
39	460
39	477
39	490
39	518
39	543
39	564
39	607
39	621
39	684
39	689
39	734
39	817
39	842
39	852
39	886
40	83
40	254
40	429
40	447
40	517
40	935
41	142
41	146
41	191
41	303
41	306
41	402
41	462
41	478
41	485
41	539
41	569
41	634
41	662
41	731
41	750
41	814
41	886
41	894
41	908
41	941
41	998
42	59
42	115
42	203
42	297
42	377
42	610
42	895
42	914
42	968
43	107
43	256
43	517
44	81
44	139
44	175
44	270
44	283
44	375
44	586
44	782
45	710
46	148
46	251
46	378
46	474
46	481
46	553
46	681
46	721
46	724
48	67
48	153
48	207
48	406
48	528
48	564
48	575
48	601
48	738
48	755
48	768
48	797
48	823
48	919
48	936
48	998
49	166
49	183
49	300
49	324
49	718
49	774
50	701
50	954
51	788
52	293
52	327
52	575
52	597
52	610
52	729
52	835
52	956
52	985
53	57
53	112
53	136
53	161
53	319
53	408
53	459
53	502
53	541
53	563
53	832
54	77
54	114
54	317
54	378
54	391
54	433
54	464
54	572
54	666
54	753
54	941
54	946
54	964
54	967
55	328
55	447
55	678
55	727
55	803
55	837
55	918
56	505
56	557
56	936
57	202
57	247
57	352
57	372
57	375
57	379
57	553
57	563
57	816
58	119
58	123
58	327
58	425
58	461
58	556
59	327
59	556
59	626
59	767
59	850
59	873
59	900
59	916
59	937
60	231
60	233
60	303
60	441
60	501
60	732
60	743
60	814
60	817
60	846
60	945
60	947
60	976
61	302
61	330
61	372
61	379
61	494
61	556
61	704
62	114
62	180
62	187
62	276
62	432
62	436
62	525
62	668
62	698
62	750
62	752
62	753
62	761
62	842
62	938
62	948
62	956
63	130
63	142
63	279
63	490
63	519
63	684
63	718
63	910
63	959
64	233
64	261
64	263
64	287
64	308
64	354
64	402
64	406
64	420
64	426
64	434
64	493
64	519
64	580
64	615
64	629
64	833
64	898
64	924
64	976
65	121
65	156
65	216
65	222
65	325
65	599
65	653
65	742
65	829
65	927
65	969
66	580
66	598
66	843
66	866
66	899
66	933
67	108
67	225
67	245
67	261
67	440
67	473
67	521
67	565
67	566
67	581
67	583
67	746
67	768
67	778
67	901
68	93
68	590
68	620
68	726
68	793
68	850
68	928
69	160
69	178
69	179
69	210
69	222
69	223
69	231
69	359
69	526
69	565
69	575
69	581
69	629
69	698
70	223
70	364
70	412
70	426
70	486
70	588
70	638
70	662
70	697
70	765
70	975
71	195
71	349
71	358
71	495
71	537
71	821
71	828
71	863
71	912
72	339
72	723
72	899
73	382
73	421
73	682
73	850
73	853
73	923
74	220
74	244
74	554
74	563
74	800
75	102
75	381
75	533
75	616
76	138
76	148
76	176
76	273
76	528
76	562
76	618
76	634
76	941
76	998
77	332
77	391
77	421
77	500
77	548
77	700
77	765
77	841
77	906
77	939
77	944
78	86
78	92
78	124
78	223
78	310
78	326
78	409
78	509
78	510
78	571
78	669
78	688
78	862
78	888
78	901
78	985
78	995
79	105
79	212
79	298
79	500
79	618
79	642
79	765
79	784
79	850
80	122
80	137
80	142
80	261
80	273
80	285
80	303
80	486
80	584
80	669
80	743
80	808
80	817
80	846
80	947
80	948
81	127
81	155
81	311
81	340
81	366
82	103
83	230
83	287
83	449
83	551
83	614
83	648
83	664
83	667
83	774
83	911
83	978
84	232
84	276
84	334
84	486
84	489
84	509
84	633
84	634
84	744
84	797
84	817
84	830
84	984
84	990
85	95
85	455
85	469
85	603
85	863
85	894
85	941
86	107
86	246
86	306
86	370
86	404
86	406
86	465
86	510
86	571
86	791
86	901
86	935
86	995
86	998
87	263
87	302
87	360
87	410
87	426
87	449
87	462
87	535
87	566
87	632
87	679
87	729
87	798
87	891
87	940
87	997
88	126
88	173
88	262
88	352
88	399
88	455
88	525
88	593
88	608
88	681
88	716
88	744
88	748
88	823
88	828
88	843
88	942
88	989
89	111
89	495
90	163
90	356
90	366
90	558
90	642
90	666
90	724
90	741
90	765
90	781
91	297
91	338
91	377
91	400
91	597
91	818
92	264
92	303
92	306
92	369
92	402
92	408
92	432
92	438
92	473
92	480
92	510
92	539
92	659
92	760
92	764
92	829
92	859
92	901
92	924
92	958
92	995
93	397
93	481
93	923
94	180
95	111
95	147
95	301
95	350
95	439
95	469
95	537
95	799
95	841
95	866
96	300
96	313
96	360
96	413
96	646
96	747
96	774
96	822
96	833
96	886
96	992
97	106
97	227
97	248
97	381
97	503
97	694
98	118
98	217
98	391
98	572
98	584
98	603
98	840
98	946
99	298
99	346
99	479
99	500
99	737
100	245
100	267
100	294
100	465
100	573
100	714
100	750
100	936
100	945
101	116
101	154
101	268
101	306
101	325
101	402
101	480
101	521
101	535
101	571
101	629
101	659
101	755
101	761
101	764
101	852
101	865
101	876
101	901
101	917
101	995
102	919
103	772
103	812
104	589
104	720
104	821
104	827
104	919
104	953
105	654
105	728
105	871
105	996
106	129
106	647
106	660
106	827
107	122
107	158
107	246
107	256
107	293
107	436
107	539
107	746
107	816
107	817
107	836
107	852
107	959
107	976
108	267
108	387
108	404
108	569
108	730
108	756
108	834
108	905
108	969
109	192
109	298
109	309
109	337
109	346
109	390
109	427
109	498
109	553
109	564
109	682
109	781
109	892
109	920
110	146
110	204
110	270
110	386
110	528
110	569
110	584
110	828
110	912
110	920
110	967
111	237
111	469
111	716
111	787
111	804
111	866
111	964
112	247
112	580
112	651
112	892
112	943
114	137
114	145
114	285
114	287
114	416
114	464
114	571
114	648
114	688
114	709
114	722
114	750
114	843
114	922
115	141
115	523
115	570
116	128
116	207
116	223
116	249
116	434
116	460
116	518
116	629
116	659
116	669
116	674
116	734
116	797
116	829
116	901
116	927
117	153
117	158
117	174
117	254
117	271
117	347
117	376
117	377
117	425
117	449
117	454
117	501
117	546
117	564
117	570
117	586
117	652
117	665
117	676
117	704
117	773
117	798
117	818
117	830
118	145
118	187
118	215
118	322
118	427
118	657
118	696
118	733
118	764
118	779
118	787
118	801
118	828
118	860
118	940
118	964
118	973
119	152
119	220
119	296
119	297
119	331
119	429
119	496
119	854
119	856
119	873
119	951
120	183
120	320
120	589
120	619
120	843
120	915
121	128
121	135
121	240
121	314
121	367
121	372
121	432
121	480
121	513
121	515
121	529
121	589
121	698
121	820
122	324
122	438
122	449
122	462
122	465
122	510
122	731
122	734
122	780
122	802
122	833
122	836
122	917
123	302
123	725
123	771
124	191
124	461
124	509
124	518
124	535
124	662
124	679
124	688
124	745
124	770
124	780
124	876
124	910
124	950
125	271
125	272
125	461
125	477
125	630
125	667
125	678
125	679
125	856
125	951
125	976
126	233
126	317
126	365
126	531
126	555
126	580
126	598
126	657
126	701
126	744
126	843
126	940
126	941
126	963
127	133
127	207
127	249
127	296
127	309
127	433
127	479
127	486
127	626
127	640
127	691
127	858
128	432
128	470
128	538
128	540
128	571
128	579
128	714
128	747
128	811
128	848
128	893
128	898
128	945
128	995
129	817
129	971
130	243
130	274
130	286
130	442
130	615
130	667
130	745
130	746
130	816
131	142
131	158
131	171
131	265
131	327
131	366
131	390
131	434
131	501
131	566
131	679
131	757
131	816
131	859
131	986
132	353
132	810
133	138
133	298
133	415
133	668
133	847
134	240
134	594
134	834
134	898
135	445
135	468
135	487
135	547
135	573
135	583
135	585
135	688
135	843
135	913
135	927
136	308
136	344
136	375
136	506
136	536
137	145
137	210
137	225
137	234
137	367
137	460
137	486
137	509
137	593
137	709
137	734
137	748
137	797
137	830
137	843
138	283
138	340
138	344
138	410
138	426
138	459
138	484
138	498
138	541
138	637
138	809
138	832
139	143
139	247
139	250
139	536
139	636
139	671
139	702
139	776
140	286
140	325
140	326
140	387
140	432
140	440
140	442
140	529
140	540
140	579
140	619
140	688
140	808
140	823
140	961
141	380
141	508
142	152
142	172
142	235
142	465
142	550
142	556
142	565
142	605
142	621
142	622
142	676
142	697
142	798
142	899
142	952
142	956
143	563
143	636
144	530
144	703
145	157
145	237
145	276
145	285
145	317
145	351
145	386
145	396
145	436
145	485
145	513
145	528
145	571
145	601
145	679
145	728
145	764
145	808
145	862
145	886
145	933
145	947
145	998
146	188
146	249
146	638
146	776
146	873
146	938
146	989
147	180
147	219
147	280
147	288
147	358
147	378
147	472
147	531
147	721
147	939
147	964
148	192
148	209
148	524
148	753
148	851
148	940
149	393
149	534
150	692
151	257
151	332
151	382
151	392
151	472
151	484
151	686
151	906
151	921
152	197
152	289
152	342
152	356
152	366
152	490
152	504
152	622
152	649
152	685
152	861
152	878
152	952
152	965
152	968
153	191
153	203
153	220
153	303
153	330
153	354
153	408
153	426
153	607
153	638
153	686
153	729
153	823
153	852
153	862
153	917
153	927
153	965
154	160
154	294
154	351
154	403
154	528
154	538
154	589
154	625
154	768
154	786
155	361
155	453
156	193
156	321
156	374
156	409
156	456
156	503
156	623
156	820
156	876
156	979
157	196
157	210
157	231
157	261
157	294
157	359
157	399
157	675
157	689
157	709
157	737
157	830
157	859
157	886
157	973
158	209
158	302
158	331
158	410
158	425
158	449
158	504
158	574
158	649
158	804
158	835
158	986
159	254
159	345
159	448
159	510
159	614
159	768
159	770
159	822
159	836
159	898
159	935
159	961
160	200
160	351
160	395
160	487
160	571
160	635
160	720
160	742
160	762
160	845
161	175
161	344
161	379
161	615
161	671
161	987
162	224
162	245
162	246
162	256
162	386
162	406
162	525
162	546
162	593
162	843
162	848
162	852
162	933
162	958
163	187
163	252
163	668
163	728
163	816
163	847
163	920
163	942
165	587
168	171
168	185
168	297
168	620
168	649
168	997
169	413
169	579
169	646
169	855
169	873
170	243
170	338
170	342
170	574
170	856
170	864
170	883
171	260
171	265
171	397
171	497
171	615
171	705
171	809
172	225
172	306
172	386
172	420
172	460
172	528
172	537
172	546
172	621
172	638
172	689
172	744
172	761
172	803
172	817
172	823
173	207
173	233
173	294
173	402
173	548
173	634
173	638
173	639
173	688
173	748
173	830
173	877
173	970
174	196
174	262
174	386
174	416
174	469
174	549
174	694
174	840
174	913
174	964
175	212
175	421
175	461
175	554
175	651
175	741
176	332
176	392
176	528
176	531
176	580
176	598
176	618
176	733
178	201
178	277
178	314
178	487
178	565
178	623
178	625
178	758
179	216
179	267
179	292
179	715
179	777
179	810
179	905
180	207
180	406
180	528
180	682
180	689
180	691
180	828
180	920
180	944
180	975
181	957
182	256
182	263
182	293
182	330
182	405
182	408
182	457
182	517
182	519
182	564
182	569
182	600
182	674
182	794
182	823
182	870
182	873
182	898
182	985
182	995
183	264
183	306
183	310
183	602
183	712
183	774
183	808
184	866
184	904
185	220
185	285
185	483
185	499
185	891
185	943
185	965
187	196
187	553
187	562
187	568
187	651
187	681
187	686
187	998
188	215
188	332
188	481
188	719
188	726
188	779
188	906
189	208
189	242
189	355
189	737
189	807
189	835
190	538
190	868
190	929
191	192
191	261
191	314
191	404
191	518
191	519
191	543
191	571
191	573
191	625
191	662
191	714
191	716
191	786
191	867
191	925
191	933
191	945
191	975
192	199
192	378
192	481
192	484
192	545
192	640
192	643
192	668
192	761
192	765
192	778
192	851
192	899
192	938
193	222
193	238
193	313
193	456
193	566
193	768
193	867
193	969
194	301
194	322
194	384
194	431
194	439
194	904
195	219
195	239
195	358
195	485
195	513
195	526
195	643
195	799
196	486
196	537
196	593
196	675
196	828
196	942
196	944
197	527
197	543
197	617
197	650
197	737
197	989
198	452
198	470
198	822
199	558
199	793
199	989
200	217
200	315
200	529
200	599
200	627
200	797
200	814
200	839
200	844
200	933
200	942
201	216
201	267
201	313
201	351
201	445
201	565
201	591
201	608
201	653
201	687
201	730
201	773
201	792
202	206
202	499
202	506
202	757
202	800
202	809
202	974
203	512
203	807
203	835
204	234
204	288
204	396
204	472
204	501
204	617
204	630
204	701
204	731
204	752
204	761
204	901
204	921
205	510
205	570
205	649
205	665
205	864
205	917
205	934
206	498
206	499
206	556
206	586
206	846
206	872
206	891
206	988
207	404
207	462
207	477
207	489
207	521
207	573
207	666
207	714
207	732
207	746
207	755
207	760
207	814
207	844
207	927
207	933
207	987
208	417
208	818
208	917
209	214
209	309
209	368
209	372
209	398
209	427
209	539
209	617
209	618
209	621
209	633
209	696
209	860
210	258
210	307
210	315
210	317
210	398
210	420
210	689
210	773
210	821
210	842
210	846
210	927
210	998
212	309
212	344
212	459
212	499
212	652
212	677
212	860
213	305
214	309
214	311
214	366
214	372
214	390
214	486
214	570
214	668
214	684
214	697
214	776
214	816
214	842
214	859
214	860
214	970
215	382
215	500
215	545
215	605
215	719
216	227
216	513
216	625
216	627
216	660
216	707
216	958
217	248
217	301
217	333
217	349
217	450
217	547
217	576
217	603
217	627
217	696
217	863
217	961
217	964
218	542
218	563
218	590
218	830
218	850
219	358
219	913
220	377
220	685
220	725
220	809
220	917
220	991
222	432
222	450
222	455
222	485
222	515
222	548
222	555
222	573
222	627
222	766
222	844
223	462
223	519
223	747
223	748
223	817
223	886
223	894
223	942
223	998
224	243
224	256
224	259
224	274
224	324
224	402
224	477
224	478
224	496
224	734
224	745
224	760
224	778
225	232
225	261
225	329
225	399
225	422
225	436
225	573
225	669
225	709
225	714
225	734
225	778
225	933
226	424
226	740
226	835
227	450
227	762
229	374
230	262
230	324
230	387
230	448
230	535
230	718
230	802
230	924
231	237
231	246
231	486
231	525
231	584
231	625
231	764
231	814
231	840
231	906
231	912
231	987
232	376
232	381
232	386
232	390
232	403
232	404
232	490
232	521
232	544
232	786
232	908
232	990
233	261
233	293
233	529
233	588
233	594
233	691
233	743
233	842
233	884
233	965
234	273
234	285
234	372
234	390
234	434
234	484
234	524
234	564
234	593
234	634
234	638
234	662
234	669
234	822
234	862
234	975
235	417
235	425
235	597
235	757
235	997
236	345
236	614
236	717
236	735
236	887
236	935
237	255
237	364
237	408
237	528
237	549
237	573
237	707
237	748
237	755
237	809
237	970
238	424
238	794
239	275
239	378
239	547
239	575
239	709
239	716
239	799
239	863
239	866
239	885
240	258
240	275
240	314
240	351
240	407
240	420
240	432
240	445
240	578
240	583
240	608
240	627
240	709
240	786
240	820
240	958
242	872
242	955
243	348
243	674
243	745
243	882
243	883
243	884
243	965
244	636
245	258
245	351
245	432
245	568
245	588
245	638
245	687
245	747
245	785
245	840
245	927
245	936
245	950
245	958
245	977
245	979
246	261
246	326
246	535
246	539
246	659
246	662
246	730
246	738
246	829
246	922
246	925
247	344
247	542
247	784
248	463
248	616
249	252
249	346
249	350
249	378
249	396
249	528
249	675
249	700
249	858
249	877
249	920
249	948
250	337
250	386
250	541
250	562
250	719
250	733
250	751
250	825
250	871
251	298
251	558
251	633
251	640
251	675
251	719
251	751
251	765
252	265
252	289
252	441
252	459
252	605
252	622
252	974
253	523
254	574
254	614
254	745
254	984
255	576
255	825
255	953
256	279
256	356
256	454
256	679
256	842
256	924
256	976
257	337
257	545
257	572
257	634
257	826
257	831
258	313
258	407
258	422
258	566
258	583
258	659
258	768
258	785
258	811
258	876
258	893
258	958
259	636
259	637
259	652
259	801
259	846
260	297
260	330
260	461
260	501
260	502
260	508
260	570
260	615
260	665
260	900
261	263
261	398
261	404
261	406
261	438
261	485
261	493
261	505
261	510
261	518
261	539
261	569
261	575
261	761
261	922
261	925
261	975
261	976
262	317
262	386
262	398
262	484
262	563
262	584
262	639
262	828
262	952
263	465
263	508
263	833
263	886
263	890
263	952
263	956
263	965
264	518
264	629
264	769
264	834
264	888
264	924
264	958
264	978
264	983
265	459
265	461
265	607
265	632
265	652
265	873
266	946
267	268
267	369
267	394
267	422
267	579
267	581
267	594
267	625
267	758
267	834
267	933
268	310
268	328
268	387
268	600
268	775
268	855
268	870
268	888
269	339
269	555
270	299
270	375
270	486
270	514
270	541
270	553
270	618
270	637
270	668
270	691
270	816
270	967
271	438
271	597
271	783
271	802
271	835
271	878
271	990
272	331
272	370
272	489
272	862
272	883
272	968
272	976
272	990
273	337
273	416
273	491
273	525
273	814
273	933
273	948
273	964
274	331
274	519
274	778
274	784
274	895
275	280
275	301
275	317
275	444
275	469
275	576
275	653
275	709
275	748
275	821
275	970
276	294
276	303
276	306
276	460
276	486
276	548
276	621
276	666
276	668
276	689
276	734
276	754
276	797
276	826
276	973
277	286
277	307
277	351
277	409
277	529
277	538
277	568
277	635
277	758
277	811
277	843
277	893
278	988
279	461
279	600
279	770
279	854
279	883
280	469
280	709
280	732
280	885
281	313
281	387
281	413
281	442
281	448
281	604
281	715
281	775
281	949
282	353
283	309
283	412
283	441
283	467
283	472
283	497
283	757
283	860
283	891
283	923
284	529
284	904
285	350
285	364
285	489
285	525
285	639
285	697
285	803
285	813
285	998
286	293
286	449
286	454
286	674
286	680
286	745
286	859
286	883
286	992
287	313
287	422
287	513
287	522
287	527
287	529
287	538
287	544
287	591
287	635
287	738
287	742
287	811
287	865
287	978
288	346
288	481
288	490
288	548
288	939
289	327
289	356
289	366
289	426
289	459
289	461
289	472
289	543
289	570
289	607
289	679
289	852
289	854
289	864
289	968
290	380
290	497
290	498
290	499
290	800
290	937
291	749
291	977
292	304
292	619
293	376
293	420
293	465
293	477
293	489
293	501
293	518
293	737
293	780
293	823
293	854
293	900
293	956
294	395
294	436
294	526
294	573
294	625
294	716
294	750
295	494
295	652
295	988
296	299
296	309
296	364
296	370
296	396
296	408
296	460
296	474
296	484
296	494
296	519
296	668
296	737
296	809
296	816
296	987
297	311
297	499
297	606
297	704
297	771
298	427
298	702
298	751
298	783
299	472
299	541
299	562
299	563
299	682
299	772
299	941
300	345
300	448
300	540
300	730
300	769
300	898
300	959
301	358
302	327
302	331
302	377
302	506
302	607
302	615
302	632
302	655
302	665
302	846
302	856
302	878
302	928
302	986
303	376
303	524
303	589
303	622
303	669
303	686
303	755
303	797
303	823
303	852
303	919
303	975
303	998
304	759
304	915
304	949
304	992
305	563
306	320
306	489
306	510
306	521
306	629
306	659
306	669
306	715
306	730
306	748
306	814
306	876
306	898
306	908
306	910
306	956
307	317
307	324
307	409
307	445
307	455
307	468
307	513
307	578
307	635
307	922
307	978
308	325
308	334
308	348
308	405
308	601
308	729
308	745
308	769
308	855
308	883
309	372
309	486
309	514
309	705
309	737
309	778
309	803
309	806
309	822
309	859
309	989
310	575
310	591
310	625
310	785
311	340
311	375
311	392
311	502
311	536
311	546
311	682
311	801
311	816
311	892
311	943
312	533
313	320
313	369
313	407
313	408
313	583
313	593
313	623
313	756
313	794
313	898
313	956
314	317
314	395
314	432
314	593
314	762
315	351
315	364
315	367
315	513
315	575
315	653
315	732
315	761
315	843
316	429
316	434
316	521
316	551
316	614
317	386
317	486
317	584
317	840
317	927
317	985
317	987
318	382
318	696
318	751
319	640
319	702
319	988
320	321
320	440
320	522
320	583
320	593
320	602
320	694
320	774
321	619
321	762
321	893
322	433
322	485
322	491
322	630
322	643
322	806
322	841
322	871
322	899
322	946
323	372
323	494
323	632
323	757
323	891
324	646
324	764
324	770
324	771
324	842
325	369
325	440
325	448
325	468
325	521
325	758
325	822
325	834
325	922
325	958
325	969
326	370
326	387
326	458
326	535
326	564
326	669
326	802
326	822
326	848
326	924
326	959
326	995
327	438
327	655
327	665
327	705
327	725
327	986
327	990
328	614
328	692
328	711
328	717
328	769
329	334
329	343
329	402
329	404
329	406
329	462
329	593
329	602
329	745
329	773
329	791
329	833
329	836
329	856
329	888
329	965
329	995
330	345
330	386
330	461
330	509
330	518
330	566
330	621
330	649
330	679
330	704
330	917
330	931
330	976
331	366
331	368
331	417
331	477
331	564
331	607
331	761
332	340
332	700
332	726
332	744
333	399
333	420
333	537
333	568
333	639
333	653
333	762
333	863
334	370
334	493
334	659
334	692
334	961
335	879
337	340
337	434
337	485
337	562
337	580
337	588
337	622
337	650
337	771
337	813
337	830
337	899
337	947
337	963
337	998
338	425
338	523
338	606
338	610
338	790
338	807
339	439
339	560
340	352
340	421
340	433
340	502
340	536
340	543
340	803
340	892
340	989
340	996
341	577
341	693
342	461
342	519
342	598
342	679
342	725
342	803
342	931
342	965
343	438
343	748
343	876
343	881
343	927
344	562
344	636
344	642
344	771
345	360
345	387
345	480
345	493
345	518
345	574
345	695
345	715
345	854
345	911
345	985
345	987
346	472
346	474
346	548
346	553
346	617
346	733
346	832
346	921
347	375
347	615
347	733
347	783
347	892
348	629
348	718
348	855
349	392
349	528
349	686
349	743
349	787
349	799
349	964
350	694
350	825
351	513
351	573
351	608
351	730
351	901
351	936
351	945
352	390
352	434
352	461
352	525
352	541
352	621
352	652
352	676
352	691
352	928
353	557
353	611
353	929
354	489
354	621
354	649
354	813
355	727
355	982
356	524
356	539
356	568
356	632
356	691
356	743
356	816
356	842
356	864
356	876
356	886
356	938
356	974
357	433
357	481
357	724
357	741
357	826
357	871
358	469
358	576
359	432
359	455
359	513
359	573
359	580
359	593
359	635
359	694
359	748
360	460
360	462
360	465
360	477
360	564
360	791
360	836
360	863
360	985
361	671
362	554
362	869
364	408
364	420
364	428
364	457
364	518
364	524
364	528
364	574
364	621
364	639
364	741
364	842
364	886
364	888
364	935
364	956
365	385
365	399
365	469
365	568
365	595
365	634
365	643
365	825
365	964
366	496
366	497
366	501
366	804
366	846
366	952
366	965
366	986
366	997
367	477
367	526
367	589
367	653
368	417
368	426
368	675
368	757
368	985
369	473
369	480
369	571
369	573
369	627
369	709
369	755
370	454
370	570
370	574
370	594
370	684
370	910
370	917
370	925
370	934
370	965
370	978
371	759
372	390
372	415
372	543
372	621
372	816
372	832
372	860
372	873
373	472
373	500
373	620
373	754
373	871
374	451
375	417
375	502
375	956
376	390
376	496
376	519
376	639
376	852
376	987
376	994
377	523
377	597
377	771
377	808
377	900
378	630
378	850
378	963
378	964
380	655
380	790
381	419
381	487
381	578
381	603
381	839
382	384
382	618
382	841
382	966
384	953
385	391
385	392
385	668
385	716
385	813
385	821
385	825
386	448
386	588
386	634
386	639
386	691
386	737
386	797
386	816
386	883
386	886
386	919
387	445
387	448
387	462
387	887
387	901
387	992
388	613
388	807
388	982
390	402
390	489
390	546
390	554
390	605
390	618
390	806
390	847
390	987
391	439
391	491
391	516
391	562
391	940
392	411
392	514
392	726
392	751
392	754
392	813
392	853
392	877
392	892
393	450
393	585
393	609
394	522
394	687
394	768
394	911
395	398
395	450
395	513
395	578
395	732
395	764
395	865
395	908
395	942
395	958
395	973
396	434
396	472
396	474
396	486
396	682
396	830
396	963
397	506
397	739
397	858
397	967
398	490
398	502
398	509
398	524
398	562
398	588
398	621
398	637
398	746
398	753
398	754
398	877
398	886
398	973
398	998
399	466
399	478
399	653
399	828
399	844
399	851
399	863
400	401
400	982
401	552
402	405
402	438
402	564
402	728
402	729
402	848
402	888
402	894
402	901
402	950
402	970
402	975
402	985
403	413
403	448
403	581
403	594
403	742
403	855
403	893
404	432
404	460
404	525
404	627
404	750
404	921
405	438
405	477
405	535
405	680
405	729
405	734
405	808
405	836
405	856
405	901
406	408
406	480
406	496
406	566
406	583
406	731
406	764
406	823
406	897
406	985
406	992
407	522
407	565
407	571
407	573
407	596
407	602
407	623
407	746
407	768
407	792
407	811
407	820
407	822
407	834
407	934
407	978
408	521
408	540
408	546
408	550
408	629
408	816
409	450
409	513
409	544
409	696
409	732
409	919
410	417
410	426
410	524
410	679
410	697
410	817
410	878
410	886
410	947
410	956
410	985
411	779
412	494
412	554
412	638
412	860
413	978
414	801
414	812
415	427
415	981
415	993
416	525
416	545
416	568
416	813
416	844
416	886
416	941
416	964
417	685
417	864
417	878
417	934
419	478
419	487
419	533
419	624
419	625
419	644
419	660
419	714
419	785
419	865
419	919
420	448
420	462
420	480
420	519
420	521
420	527
420	539
420	544
420	619
420	755
420	768
420	802
420	817
420	823
420	829
420	893
420	975
421	618
421	640
421	748
421	772
422	445
422	448
422	579
422	734
422	836
422	978
423	966
424	504
424	567
424	917
424	918
425	597
425	729
425	737
425	767
425	780
425	856
425	986
426	449
426	496
426	501
426	669
426	816
426	878
426	968
427	642
427	873
427	943
428	545
428	549
428	572
428	622
428	753
429	770
429	794
429	856
429	864
429	976
430	929
431	555
431	603
431	844
431	851
432	445
432	565
432	569
432	589
432	608
432	635
432	698
432	859
432	979
433	472
433	506
433	562
433	733
433	741
433	801
434	484
434	562
434	572
434	697
434	737
434	781
434	973
434	986
434	989
436	584
436	593
436	662
436	675
436	679
436	709
436	750
436	876
436	913
438	829
438	842
438	887
439	516
439	650
439	701
439	716
439	866
440	473
440	648
440	718
440	742
440	758
440	868
441	539
441	607
441	709
441	803
441	832
441	967
442	473
442	539
442	601
442	602
442	802
442	829
442	888
442	935
444	466
444	885
444	938
445	513
445	529
445	573
445	578
445	635
445	714
445	742
445	792
445	863
445	867
446	904
447	476
447	884
448	550
448	667
448	792
448	823
448	829
448	925
448	992
448	994
449	465
449	489
449	550
449	934
450	462
450	578
450	659
450	867
450	979
451	670
452	715
452	717
452	777
452	786
453	671
454	462
454	492
454	527
454	687
454	769
454	775
454	924
454	935
454	961
454	977
455	578
455	608
455	617
455	720
455	787
455	811
455	894
455	904
455	919
456	468
456	522
456	538
456	544
456	730
456	820
456	933
456	958
457	489
457	509
457	543
457	588
457	615
457	725
457	986
458	596
458	887
458	905
458	932
458	935
459	637
459	691
459	783
459	991
460	489
460	526
460	539
460	669
460	681
460	691
460	743
460	797
460	814
460	908
460	948
461	665
461	725
461	842
461	891
461	952
462	496
462	519
462	593
462	775
462	791
462	934
463	616
463	827
464	634
464	666
464	675
464	682
464	754
464	863
464	998
465	477
465	564
465	678
465	684
465	729
465	791
465	917
465	931
465	947
465	952
465	965
466	548
466	572
466	643
466	799
467	628
467	988
468	595
468	599
468	608
468	653
468	945
469	485
469	738
469	748
469	821
469	848
470	868
470	893
472	541
472	637
472	642
472	681
472	696
472	781
472	783
472	806
472	920
472	963
472	967
473	480
473	496
473	575
473	627
473	688
473	714
473	738
473	746
473	769
473	858
473	968
474	486
474	545
474	617
474	618
474	630
474	728
474	753
474	783
474	784
474	801
474	828
474	830
474	841
474	858
474	938
474	988
475	658
476	567
476	856
477	489
477	571
477	584
477	679
477	780
477	791
477	808
477	985
478	518
478	525
478	598
478	653
478	709
478	760
478	797
478	863
478	919
479	500
479	618
479	733
479	806
479	809
479	847
479	943
479	963
480	625
480	697
480	747
480	756
480	758
480	768
480	822
480	888
480	910
481	772
481	831
481	906
481	923
482	951
483	607
483	649
483	771
483	835
483	990
484	509
484	531
484	562
484	598
484	697
484	724
484	743
484	830
484	934
484	948
484	987
485	584
485	588
485	589
485	662
485	744
485	894
485	987
485	998
486	546
486	676
486	737
486	793
486	948
486	998
487	578
487	707
487	742
487	820
487	913
487	922
489	496
489	498
489	539
489	543
489	564
489	588
489	607
489	704
489	737
489	739
489	757
489	835
489	852
489	986
490	518
490	519
490	535
490	591
490	600
490	760
490	761
490	764
490	822
490	862
490	876
490	901
491	813
491	851
491	944
492	949
493	574
493	598
493	601
493	684
493	689
493	769
493	836
493	922
493	959
494	498
494	652
494	685
494	743
494	943
496	625
496	669
496	773
496	798
496	802
496	823
496	848
496	888
496	917
496	952
496	965
496	985
497	641
497	685
497	719
497	739
497	757
497	988
497	991
498	536
498	563
498	613
498	652
498	702
498	891
499	502
499	586
499	655
499	937
500	713
500	726
500	772
500	826
501	514
501	588
501	803
501	817
501	976
502	563
502	649
502	809
502	892
502	991
503	578
503	742
503	762
503	811
503	979
504	520
504	639
504	837
504	864
504	883
504	918
504	951
505	522
505	766
506	536
506	632
506	642
506	837
506	974
507	587
507	845
508	835
508	872
508	974
509	518
509	579
509	621
509	622
509	662
509	668
509	761
509	803
509	846
509	860
509	942
510	578
510	659
510	715
510	734
510	746
510	802
510	811
510	888
510	897
510	924
510	925
510	959
510	975
510	976
510	985
511	612
513	544
513	575
513	578
513	589
513	619
513	688
513	694
513	756
513	820
514	784
514	801
514	826
514	847
514	858
514	892
514	928
515	694
515	849
516	696
516	700
516	726
516	753
516	826
516	841
517	743
517	854
517	951
517	961
518	569
518	622
518	791
518	859
518	918
518	956
518	976
519	571
519	646
519	773
519	778
519	780
519	876
520	552
520	767
521	629
521	659
521	676
521	743
521	764
521	961
522	596
522	619
522	687
522	730
522	820
522	834
522	855
522	870
522	978
523	725
524	546
524	689
524	691
524	743
524	761
524	830
524	975
525	566
525	589
525	840
525	913
525	973
526	527
526	529
526	573
526	625
526	627
526	688
526	694
526	730
526	742
526	750
526	755
526	792
526	814
526	894
527	535
527	539
527	543
527	564
527	714
527	750
527	755
527	764
527	823
527	986
527	989
527	998
528	722
528	846
529	578
529	579
529	870
529	893
529	922
530	658
531	537
531	675
531	885
531	906
532	749
534	827
535	755
535	769
535	778
535	791
535	804
535	936
535	948
535	959
536	586
536	637
536	705
536	751
536	967
537	716
537	820
538	623
538	707
538	709
538	730
538	822
538	894
538	936
538	979
539	770
539	791
539	804
539	859
539	952
539	956
540	579
540	591
540	599
540	602
540	688
540	692
540	901
541	832
541	846
541	847
541	892
541	991
542	558
542	577
542	636
542	651
543	809
543	846
543	862
544	573
544	623
544	625
544	627
544	688
544	722
544	730
544	811
544	829
544	839
544	973
545	650
545	700
545	776
545	781
545	939
546	588
546	593
546	689
546	697
546	776
546	921
546	952
547	913
548	643
548	689
548	752
548	826
548	840
548	863
548	912
548	921
548	956
548	976
549	576
549	637
549	643
549	657
549	666
549	851
549	877
549	912
549	921
550	588
550	639
550	676
550	679
550	823
550	852
550	886
550	985
550	986
550	989
551	552
551	600
551	745
551	755
551	887
553	772
553	860
553	886
553	974
554	570
554	613
554	615
554	627
554	652
554	974
554	988
554	991
555	595
555	603
555	637
555	643
555	663
555	787
555	813
555	970
556	586
556	652
556	771
556	937
557	587
558	850
558	928
559	671
559	784
559	993
560	966
562	584
562	622
562	630
562	638
562	654
562	682
562	776
562	892
562	948
563	801
563	937
564	565
564	622
564	676
564	689
564	743
564	761
564	778
564	809
564	817
564	952
565	571
565	840
566	583
566	687
566	688
566	734
566	778
566	984
567	610
567	767
567	837
567	882
568	750
568	760
568	813
568	844
568	912
569	574
569	575
569	593
569	731
569	761
569	817
569	852
569	864
569	886
569	948
569	963
570	731
570	798
570	968
571	648
571	722
571	730
571	802
571	822
572	841
572	899
573	688
573	750
573	814
573	843
573	876
573	927
573	950
574	674
574	718
574	852
574	888
574	973
574	977
575	625
575	746
575	747
575	768
575	773
575	822
575	852
575	887
575	894
575	910
575	975
575	995
576	663
577	795
578	694
578	762
578	913
579	601
579	762
579	774
579	893
580	598
580	630
580	651
580	681
580	744
580	752
580	814
580	828
580	840
581	730
581	777
581	936
583	623
583	768
583	808
583	829
583	908
583	925
583	959
584	598
584	753
584	841
584	885
584	908
584	921
584	989
584	998
586	652
586	937
587	708
587	896
588	638
588	668
588	728
588	803
588	886
588	956
589	811
589	820
589	851
591	748
591	811
591	978
592	937
593	638
593	755
593	764
593	780
593	908
593	933
594	664
594	695
594	715
594	775
594	829
594	834
595	700
595	716
595	750
595	751
595	752
595	787
595	863
595	964
596	648
596	759
596	890
596	949
597	800
597	914
598	630
598	634
598	675
598	754
598	828
598	906
598	987
599	694
599	707
599	750
599	754
600	856
600	888
600	917
600	934
600	977
601	629
601	667
601	680
601	780
601	829
601	922
601	925
602	897
603	813
603	844
603	865
603	919
603	964
604	645
604	717
604	932
605	630
605	669
605	681
605	752
605	816
605	842
605	938
606	671
606	790
607	729
607	798
607	873
607	992
608	616
608	627
608	732
609	611
609	623
612	961
613	699
614	692
614	711
615	649
615	767
615	873
615	917
615	965
616	707
616	723
617	657
617	683
617	744
617	752
617	780
617	840
617	847
617	967
617	975
618	681
618	781
618	784
618	793
618	877
618	943
618	963
618	967
619	624
619	893
620	630
620	826
620	940
620	946
621	668
621	761
621	860
621	886
621	985
622	679
622	697
622	743
622	760
622	817
622	823
622	952
623	629
623	756
623	762
623	845
624	742
625	709
625	732
625	747
625	748
625	768
625	859
625	922
626	633
627	792
627	797
627	814
628	665
628	685
629	755
629	803
629	925
630	676
630	741
630	850
630	877
630	920
631	670
631	796
632	642
632	679
632	739
632	771
632	974
633	741
633	754
633	776
633	871
634	676
634	722
634	753
635	785
635	865
635	905
635	969
637	638
637	719
637	737
637	801
637	892
637	967
638	697
638	700
638	986
639	679
639	689
639	859
640	683
640	702
640	726
640	751
640	781
641	916
642	652
642	655
642	860
642	873
642	942
642	974
643	666
643	761
643	813
643	825
644	913
645	656
646	684
646	808
646	992
648	714
648	730
648	742
648	747
648	773
648	785
648	910
648	945
649	665
649	676
649	900
649	968
649	990
650	719
650	726
650	744
650	941
650	970
651	737
651	772
651	830
652	809
652	872
652	974
653	716
653	737
653	866
654	991
655	704
655	800
655	900
656	712
657	716
657	828
657	885
657	912
659	745
659	746
659	755
659	764
659	834
659	836
659	848
659	897
659	995
660	799
662	732
662	754
662	813
662	826
662	847
662	850
662	852
662	862
662	899
663	716
663	785
663	840
664	695
664	749
664	839
664	932
665	757
666	754
666	821
666	880
666	941
667	747
667	802
667	977
668	776
668	816
668	920
669	743
669	797
669	862
669	998
671	846
672	827
674	745
674	822
674	888
674	934
674	995
675	781
675	813
676	743
676	804
676	814
676	942
677	997
678	767
678	794
678	837
678	838
678	951
679	798
679	846
679	925
679	948
679	952
679	965
679	968
680	745
680	876
680	992
681	801
681	921
681	928
681	938
682	737
682	772
682	920
682	987
683	721
683	784
683	806
684	770
684	890
684	917
684	931
685	704
685	800
685	916
686	719
686	726
686	737
686	828
686	840
686	847
686	906
686	973
687	688
687	905
687	936
688	707
688	762
688	768
688	894
688	952
689	728
689	862
689	952
690	796
691	731
691	743
691	755
691	803
691	814
691	917
691	931
691	987
694	730
694	896
695	730
695	905
695	936
696	724
697	737
697	817
697	942
697	989
698	785
698	893
700	840
700	854
701	885
703	904
704	705
704	809
704	952
705	737
705	798
705	847
705	856
705	891
705	900
707	863
707	956
707	975
707	979
709	787
709	856
709	894
709	901
709	970
709	973
710	774
710	794
710	980
713	996
714	729
714	734
714	823
714	908
714	927
715	808
715	836
715	984
716	820
718	822
718	855
718	883
718	934
718	936
718	984
718	992
719	726
719	906
719	940
720	894
721	733
721	912
722	752
722	828
722	840
722	859
722	894
722	913
722	964
724	754
726	751
726	806
726	816
728	743
728	809
728	877
728	912
728	927
730	743
730	768
730	813
730	865
730	870
730	917
731	760
731	768
731	829
731	852
731	863
731	922
731	927
731	963
731	969
731	973
731	975
732	862
732	978
733	741
733	987
734	755
734	761
734	859
734	912
734	945
735	881
737	798
737	859
737	886
737	998
738	750
738	922
738	950
741	765
741	776
741	963
742	908
743	778
743	859
743	862
743	947
743	952
743	956
743	986
744	761
745	769
745	884
745	984
746	758
746	901
746	925
746	978
747	802
747	829
747	945
747	983
748	797
748	973
750	756
750	933
752	830
753	828
753	877
754	787
754	938
755	792
755	804
755	894
755	922
755	933
755	936
755	942
755	956
755	965
755	970
756	785
756	821
756	844
757	988
758	834
758	925
759	855
759	887
759	977
760	791
760	922
761	842
761	927
761	945
761	956
764	797
764	863
764	876
764	901
764	908
765	920
765	940
767	878
767	917
768	802
768	905
768	936
768	978
769	854
770	867
770	888
770	894
770	917
770	950
770	985
771	773
771	873
771	883
771	891
771	965
771	988
772	812
772	847
772	943
773	836
773	862
773	917
773	961
774	932
774	978
774	994
775	890
775	935
776	831
776	885
777	855
777	949
777	969
778	798
778	829
778	836
778	859
778	870
778	942
779	841
779	871
780	790
780	804
780	881
781	906
783	850
783	943
784	850
784	851
785	843
785	936
787	813
790	943
791	988
791	992
792	820
792	936
792	958
794	856
794	883
794	952
795	812
795	861
797	817
797	850
797	862
797	998
798	856
798	986
798	990
800	916
801	850
801	851
802	924
802	959
802	961
802	994
802	995
803	817
803	987
804	817
804	846
804	888
804	965
805	837
806	938
806	963
807	914
808	833
808	852
808	884
808	890
809	830
809	892
809	967
810	903
811	865
813	840
813	912
814	816
814	910
814	970
816	817
816	858
816	989
817	842
817	859
817	886
817	987
817	995
817	998
818	997
819	930
821	825
821	828
822	992
823	833
823	852
823	910
823	934
823	985
825	841
825	899
828	851
828	860
828	863
828	912
828	942
828	948
828	973
829	985
829	995
831	964
833	883
834	915
834	977
835	856
835	972
836	897
838	895
838	917
841	851
841	880
843	998
844	894
845	910
846	858
846	942
846	952
847	952
847	963
848	864
848	956
848	975
849	902
851	860
851	877
851	923
852	876
852	942
852	973
852	995
854	876
854	976
855	890
855	985
856	876
856	951
857	864
857	955
858	873
858	892
858	986
859	901
859	948
860	877
860	947
860	963
860	967
861	923
862	886
863	913
863	919
863	933
863	940
865	910
865	975
865	995
867	908
867	958
868	915
868	979
870	934
870	959
870	983
870	992
871	906
872	985
873	892
873	920
873	970
876	901
877	912
877	964
878	883
880	944
880	954
880	970
883	974
884	983
884	994
887	932
887	994
892	974
893	936
894	970
894	973
897	898
897	961
898	994
899	913
900	917
901	933
901	975
901	976
901	992
901	995
904	953
905	926
905	931
906	940
906	947
910	959
912	973
913	970
913	973
919	964
920	989
921	938
922	973
925	959
925	995
927	958
933	998
934	955
935	959
936	945
939	954
940	941
942	965
943	988
947	975
947	976
952	967
958	969
959	961
959	977
965	990
968	986
978	995
986	991
