0	91
0	131
0	169
0	223
0	241
0	352
0	372
0	381
0	407
0	457
0	530
0	562
0	606
0	623
0	660
0	771
1	529
1	603
2	324
2	397
2	546
2	679
2	740
2	838
3	215
3	223
3	352
3	389
3	466
3	550
3	622
3	660
3	787
3	798
3	958
4	24
4	84
4	259
4	499
4	804
4	961
5	65
5	212
5	216
5	232
5	321
5	584
5	628
5	824
5	990
6	146
6	286
6	325
6	486
6	528
6	667
6	673
6	690
6	794
6	836
6	856
6	872
6	885
6	945
7	78
7	345
7	884
8	28
8	121
8	634
8	834
8	943
9	39
9	83
9	103
9	109
9	153
9	155
9	177
9	267
9	439
9	446
9	490
9	612
9	640
9	675
9	779
9	866
9	872
10	233
10	917
11	15
11	130
11	186
11	204
11	256
11	293
11	316
11	332
11	370
11	392
11	640
11	923
11	941
11	982
12	43
12	84
12	215
12	217
12	380
12	611
12	626
12	802
12	968
13	446
13	523
13	594
13	601
13	602
13	675
13	755
13	850
13	886
14	198
14	233
14	334
14	713
14	719
14	968
14	969
15	224
15	316
15	430
15	495
15	509
15	540
15	568
15	591
15	629
15	714
15	836
15	849
16	437
16	574
16	864
16	999
17	115
17	293
17	964
18	46
18	69
18	128
18	207
18	215
18	457
18	732
18	752
18	758
18	859
19	100
19	164
19	253
19	389
19	571
19	706
19	809
19	942
19	968
20	142
20	161
20	242
20	431
20	464
20	626
20	726
20	748
20	872
20	928
20	943
20	970
21	71
21	239
21	720
21	736
21	788
21	944
21	989
22	49
22	122
22	195
22	548
22	632
22	721
22	831
22	915
23	258
23	286
23	591
23	651
23	809
23	947
24	259
24	457
24	524
24	535
24	671
24	734
24	789
24	839
25	275
25	318
25	453
25	497
25	523
25	667
25	983
26	176
26	285
26	402
26	403
26	560
26	670
26	810
27	92
27	116
27	210
27	360
27	575
27	595
27	598
27	635
27	909
28	97
28	147
28	206
28	344
28	400
28	737
28	980
29	96
29	222
29	268
29	278
29	282
29	338
29	374
29	411
29	466
29	556
29	584
29	798
29	891
29	958
30	484
30	599
30	782
32	66
32	743
33	522
33	535
33	661
33	666
33	692
33	767
33	909
34	171
34	176
34	253
34	263
34	280
34	360
34	770
34	868
34	961
35	54
35	196
35	370
35	449
35	501
35	551
35	620
35	823
35	950
35	989
37	53
37	59
37	122
37	139
37	320
37	321
37	346
37	566
37	865
37	904
37	946
37	966
38	54
38	155
38	194
38	283
38	361
38	417
38	581
38	629
38	660
38	686
38	687
38	826
39	43
39	75
39	116
39	130
39	216
39	312
39	401
39	473
39	528
39	549
39	583
39	592
39	626
39	683
39	760
39	963
39	967
39	977
39	982
40	143
40	302
40	412
40	429
41	81
41	192
41	259
41	666
41	713
41	968
42	200
42	329
42	985
43	47
43	62
43	162
43	176
43	352
43	442
43	708
43	751
43	765
43	871
43	903
44	279
44	426
44	548
44	594
44	796
44	875
45	164
45	289
45	656
45	852
46	79
46	89
46	162
46	277
46	323
46	562
46	687
46	897
46	898
46	930
47	126
47	215
47	436
47	455
47	757
49	59
49	230
49	249
49	681
49	687
49	762
49	777
49	780
50	141
50	183
50	280
50	763
50	795
51	183
51	480
51	741
51	809
52	120
53	54
53	82
53	133
53	144
53	186
53	232
53	291
53	293
53	392
53	811
53	878
53	888
53	893
53	944
54	66
54	105
54	135
54	204
54	330
54	367
54	396
54	498
54	654
54	855
54	867
54	950
54	992
55	364
55	434
55	560
55	623
55	630
55	639
55	682
55	912
56	68
56	70
56	122
56	267
56	295
56	460
56	509
56	609
56	749
56	780
56	831
57	810
57	911
57	917
58	163
58	905
59	122
59	320
59	321
59	430
59	452
59	700
59	762
59	827
59	872
59	888
59	986
60	202
60	372
60	404
60	448
60	481
60	569
60	581
60	627
60	648
60	681
60	742
60	746
60	811
60	867
61	155
61	194
61	234
61	271
61	347
61	404
61	507
61	612
61	686
61	735
61	742
61	744
61	793
61	813
61	836
61	866
61	867
61	948
62	81
62	273
62	514
62	868
62	898
63	226
63	519
64	259
64	598
64	621
65	112
65	122
65	155
65	228
65	256
65	383
65	414
65	417
65	513
65	566
65	604
65	619
65	681
65	742
65	849
65	883
65	900
66	212
66	780
66	904
67	172
67	304
67	365
67	442
67	751
67	853
67	892
67	968
67	977
68	112
68	136
68	321
68	730
68	773
68	864
69	491
69	938
70	82
70	122
70	133
70	186
70	228
70	257
70	354
70	358
70	448
70	642
70	682
70	823
70	837
70	867
71	154
71	168
71	232
71	315
71	505
71	573
71	677
71	678
71	830
71	986
72	129
72	155
72	269
72	341
72	559
72	770
72	803
72	826
72	910
72	914
72	935
72	967
72	990
73	235
73	307
73	314
73	394
73	419
73	498
73	648
73	813
73	878
74	169
74	757
74	763
74	868
74	977
75	125
75	127
75	247
75	283
75	346
75	387
75	521
75	602
75	621
75	726
75	751
75	873
75	942
75	997
77	225
77	275
77	318
77	400
77	617
77	945
78	173
78	211
78	854
78	936
78	997
79	145
79	245
79	366
79	402
79	411
79	442
79	605
79	953
80	96
80	240
80	399
80	584
80	604
80	619
80	643
80	705
80	788
80	819
80	906
80	918
80	950
81	86
81	549
81	559
81	622
81	847
82	155
82	196
82	208
82	510
82	685
82	724
83	346
83	357
83	453
83	561
83	602
83	683
83	726
83	796
83	797
83	836
84	525
84	535
84	595
84	653
84	853
84	860
85	96
85	560
85	604
85	660
85	810
85	934
86	334
86	418
86	534
86	694
86	825
86	892
87	91
87	522
87	758
87	765
88	129
88	368
88	406
88	407
88	514
88	734
88	800
88	806
88	847
88	919
88	937
89	123
89	259
89	457
89	623
89	626
89	645
89	719
89	754
89	810
90	111
90	195
90	254
90	460
90	573
90	730
90	773
90	830
90	964
91	165
91	177
91	294
91	622
91	623
91	647
91	813
91	814
91	898
91	903
91	911
91	988
92	108
92	329
92	456
92	523
92	525
92	852
93	153
93	476
93	714
93	724
94	615
94	699
94	701
94	782
95	200
95	250
95	251
95	344
95	464
96	106
96	222
96	375
96	383
96	532
96	584
96	590
96	798
96	989
97	323
98	213
98	579
99	122
99	142
99	325
99	346
99	540
99	831
100	149
100	215
100	280
100	368
100	528
100	748
100	806
100	829
101	260
101	446
101	580
101	635
101	852
102	250
102	976
103	109
103	494
103	561
103	760
103	833
103	844
103	852
103	929
103	943
104	162
104	268
104	366
104	425
104	596
104	630
104	698
104	802
104	846
104	930
105	118
105	298
105	317
105	326
105	428
105	510
105	540
105	568
105	612
105	629
105	673
105	688
105	735
105	885
105	945
105	999
106	159
106	383
106	414
106	481
106	627
106	715
106	729
106	811
106	827
106	885
106	966
107	431
107	755
108	225
108	281
108	748
108	841
109	177
109	286
109	316
109	406
109	486
109	489
109	517
109	545
109	591
109	739
111	188
111	254
111	426
111	448
111	452
111	554
111	574
111	764
111	828
112	139
112	143
112	227
112	257
112	354
112	358
112	477
112	561
112	567
112	578
112	620
112	720
112	796
112	888
112	900
112	946
112	996
113	127
113	177
113	194
113	234
113	316
113	407
113	476
113	494
113	602
113	751
113	771
113	803
113	955
113	971
114	255
114	307
114	310
114	379
114	403
114	434
114	466
114	482
114	518
114	607
114	674
114	705
114	772
114	858
115	144
115	236
115	354
115	515
115	574
115	585
115	644
115	723
115	731
115	749
115	875
115	916
116	276
116	390
116	521
116	528
116	530
116	540
116	576
116	583
116	595
116	619
116	751
116	763
116	792
116	795
116	901
118	153
118	155
118	283
118	316
118	404
118	407
118	476
118	501
118	507
118	510
118	627
118	703
118	840
118	873
118	958
118	997
119	297
119	344
120	260
120	439
120	575
120	598
120	722
121	281
121	297
121	363
121	407
121	416
121	490
121	557
121	606
121	608
121	649
121	667
121	675
122	139
122	228
122	419
122	438
122	473
122	510
122	581
122	593
122	609
122	648
122	715
122	721
122	764
122	948
122	966
122	982
123	255
123	334
123	365
123	366
123	457
123	571
123	611
123	670
123	754
124	146
124	293
124	297
124	323
124	388
124	483
124	523
124	576
124	602
124	727
124	803
124	809
124	829
124	886
124	957
125	304
125	363
125	440
125	445
125	467
125	494
125	548
125	569
125	572
125	634
125	797
125	844
125	921
125	940
125	949
126	138
126	204
126	268
126	319
126	334
126	381
126	513
126	605
126	623
126	798
126	944
126	967
127	161
127	347
127	445
127	544
127	549
127	559
127	667
127	717
127	757
127	803
127	868
128	308
128	402
128	522
128	624
128	650
128	694
128	719
128	752
128	758
128	802
128	829
129	138
129	171
129	268
129	365
129	411
129	418
129	436
129	513
129	539
129	660
129	706
129	847
129	898
129	939
129	948
129	963
130	224
130	234
130	257
130	295
130	444
130	448
130	510
130	687
130	690
130	703
130	714
130	747
130	828
130	867
130	876
130	900
130	935
131	196
131	204
131	277
131	293
131	312
131	361
131	404
131	417
131	512
131	534
131	544
131	619
131	622
131	650
131	746
131	866
131	871
131	935
131	939
131	946
132	471
133	159
133	314
133	392
133	417
133	629
133	686
133	744
133	853
133	899
133	941
133	982
134	307
134	310
134	356
134	604
134	643
134	908
135	143
135	144
135	170
135	194
135	257
135	295
135	298
135	312
135	322
135	437
135	533
135	540
135	724
135	796
135	945
135	966
135	999
136	150
136	302
136	546
136	586
136	680
136	730
136	831
136	838
138	223
138	234
138	290
138	407
138	559
138	626
138	645
138	765
138	826
138	840
138	891
139	208
139	404
139	405
139	510
139	724
139	776
139	818
139	888
139	950
141	359
141	439
141	465
141	748
141	889
141	983
142	160
142	178
142	197
142	234
142	298
142	387
142	405
142	501
142	507
142	515
142	567
142	762
142	801
142	813
142	816
142	985
143	429
143	461
143	473
143	516
143	766
143	831
143	908
143	916
143	992
144	194
144	347
144	358
144	448
144	681
144	706
144	711
144	921
144	939
144	992
145	162
145	192
145	233
145	245
145	338
145	499
145	646
145	754
145	859
145	932
145	988
146	149
146	177
146	201
146	247
146	416
146	631
146	669
146	806
146	957
147	275
147	465
147	569
147	795
147	801
147	864
148	425
148	647
148	874
149	439
149	525
149	535
149	542
149	656
149	671
149	673
149	706
149	708
149	795
149	903
149	961
150	718
151	300
151	333
151	468
151	716
151	750
151	782
152	233
152	255
152	319
152	375
152	466
152	482
152	553
152	754
152	934
152	952
153	428
153	748
153	843
153	872
153	963
153	970
154	361
154	652
154	709
154	716
154	720
154	793
154	831
154	908
154	991
155	234
155	310
155	390
155	404
155	407
155	494
155	511
155	561
155	576
155	592
155	620
155	746
155	803
155	868
155	935
156	480
157	205
157	212
157	376
157	695
157	991
158	238
159	302
159	311
159	321
159	351
159	492
159	654
159	682
159	715
159	827
159	923
159	941
160	196
160	392
160	430
160	515
160	609
160	627
160	731
160	766
160	801
160	828
160	899
161	210
161	259
161	446
161	473
161	595
161	822
161	892
161	949
161	985
162	192
162	787
162	800
162	903
163	170
163	230
163	262
163	309
164	653
164	683
164	774
164	847
165	367
165	396
165	417
165	530
165	674
165	687
165	846
165	952
166	242
166	249
166	404
166	515
166	589
166	594
166	612
166	690
166	721
166	737
166	945
166	980
167	217
168	175
168	261
168	321
168	351
169	263
169	273
169	337
169	671
169	751
169	922
169	962
169	970
169	971
170	322
170	437
170	444
170	477
170	486
170	585
170	689
170	780
170	831
170	915
171	193
171	539
171	557
171	789
171	822
171	920
172	215
172	343
172	368
172	380
172	514
172	595
172	820
172	922
173	191
173	345
174	492
174	587
174	674
174	676
174	701
174	705
174	709
174	819
174	890
175	255
175	324
175	672
175	736
176	233
176	259
176	343
176	734
176	847
177	386
177	430
177	440
177	583
177	669
177	703
177	755
177	774
177	794
177	836
177	919
177	942
178	293
178	568
178	606
178	673
178	683
178	833
178	921
178	942
178	970
178	971
179	357
179	368
179	515
179	631
179	763
179	822
179	829
179	922
180	575
180	598
180	692
181	226
181	316
181	644
181	677
181	731
181	791
181	878
181	931
182	319
182	705
182	775
182	810
183	635
183	957
184	722
185	781
186	216
186	228
186	267
186	404
186	405
186	419
186	703
186	790
186	867
186	871
186	966
187	412
187	599
187	625
188	195
188	384
188	519
188	585
188	876
188	887
189	373
189	859
189	917
190	255
190	373
190	432
190	630
190	845
190	874
191	250
192	539
192	666
192	713
192	765
192	859
192	926
193	258
193	507
193	523
193	591
193	726
193	863
193	983
194	257
194	348
194	448
194	510
194	552
194	569
194	629
194	783
195	254
195	546
195	574
195	849
196	228
196	266
196	269
196	278
196	372
196	392
196	404
196	469
196	593
196	627
196	642
196	790
196	883
196	914
196	966
196	967
197	227
197	297
197	359
197	387
197	389
197	473
197	515
197	612
197	629
197	656
197	673
197	690
197	717
197	792
197	794
197	844
197	856
197	866
197	876
197	998
198	207
198	308
198	343
198	463
198	661
199	276
199	370
199	513
199	584
199	630
199	704
199	761
199	786
199	862
200	329
201	251
201	388
201	389
201	416
201	428
201	483
201	748
201	751
201	756
201	794
201	799
201	833
201	929
201	985
202	254
202	413
202	420
202	437
202	516
202	869
203	229
203	517
204	223
204	282
204	348
204	534
204	619
204	665
204	771
204	871
204	906
204	955
205	235
205	239
205	252
205	321
205	330
205	587
205	676
205	677
205	827
205	855
206	243
206	301
206	313
206	693
206	737
207	380
207	611
207	757
207	758
207	804
207	847
208	216
208	234
208	278
208	419
208	481
208	492
208	498
208	555
208	681
208	714
208	729
208	914
209	545
209	722
210	258
210	401
210	440
210	557
210	726
210	809
210	843
210	863
210	983
210	985
211	388
211	400
211	594
211	841
211	864
212	231
212	349
212	600
213	260
213	292
213	552
213	804
215	339
215	357
215	406
215	562
215	847
215	903
215	942
215	987
216	278
216	404
216	551
216	552
216	574
216	888
216	899
217	694
217	848
218	271
218	276
218	319
218	334
218	403
218	466
218	742
218	744
218	757
219	447
219	660
219	684
219	706
221	332
221	364
221	881
222	352
222	482
222	623
223	241
223	404
223	449
223	463
223	526
223	650
223	671
223	753
223	770
223	771
223	823
223	840
223	883
223	919
223	928
223	967
223	996
224	317
224	346
224	540
224	556
224	567
224	629
224	756
224	764
224	793
224	816
224	866
224	921
225	229
225	275
225	382
225	947
226	303
226	413
226	437
226	558
226	728
226	797
226	916
227	267
227	401
227	404
227	445
227	509
227	581
227	629
227	631
227	673
227	694
227	735
227	738
227	796
227	808
228	269
228	372
228	504
228	648
228	776
228	867
228	879
228	923
229	445
229	465
229	602
229	833
229	841
230	279
230	382
230	410
230	413
230	437
230	473
230	585
230	723
231	485
231	566
231	749
231	766
232	261
232	299
232	460
232	665
232	715
232	776
232	827
232	876
232	878
232	950
233	245
233	339
233	539
233	694
233	787
233	968
234	507
234	556
234	583
234	646
234	665
234	735
234	840
234	937
234	955
235	396
235	397
235	566
235	587
235	729
235	893
236	305
236	689
236	743
236	838
237	302
237	696
237	864
238	246
238	984
239	736
239	944
240	294
240	310
240	340
240	367
240	604
240	788
240	894
240	944
240	958
241	245
241	357
241	447
241	507
241	528
241	631
241	708
241	763
241	770
241	789
241	794
241	806
241	891
241	919
241	977
242	355
242	401
242	509
242	889
242	928
243	302
243	315
243	362
243	574
243	743
243	986
245	339
245	380
245	726
245	727
245	754
245	771
245	778
245	922
245	937
246	388
246	528
246	850
247	253
247	273
247	283
247	440
247	447
247	528
247	557
247	760
247	825
247	914
247	942
247	970
247	997
249	410
249	578
249	780
249	864
249	980
251	313
251	318
251	423
251	446
251	453
251	490
251	543
251	550
251	669
251	876
252	481
252	676
252	704
252	819
252	994
253	297
253	325
253	388
253	453
253	467
253	525
253	612
253	656
253	690
253	714
253	825
253	914
253	929
253	942
253	948
253	957
254	279
254	533
254	613
254	749
254	781
255	352
255	402
255	422
255	500
255	518
255	551
255	752
255	870
255	911
256	269
256	460
256	492
256	620
256	761
256	791
256	808
256	883
256	923
256	990
256	996
257	369
257	392
257	473
257	620
257	688
257	747
257	921
257	966
258	337
258	538
258	957
258	974
259	312
259	499
259	535
259	734
259	778
259	847
259	848
259	897
259	898
260	651
260	726
260	739
261	270
261	615
261	855
261	951
262	298
262	785
263	363
263	388
263	439
263	637
263	748
263	779
263	852
264	352
264	435
264	550
264	623
264	641
264	802
264	813
264	845
265	781
266	299
266	351
266	627
266	648
266	657
266	740
266	788
266	837
266	972
267	316
267	341
267	404
267	405
267	473
267	495
267	533
267	683
267	687
267	724
267	921
267	941
267	945
267	962
267	990
267	999
268	282
268	304
268	361
268	498
268	650
268	687
268	826
268	923
268	955
269	293
269	314
269	350
269	354
269	392
269	394
269	438
269	448
269	555
269	664
269	705
269	849
270	379
270	433
270	466
270	479
270	647
270	736
270	990
271	334
271	369
271	559
271	584
271	646
271	650
271	678
271	761
271	996
272	289
272	456
273	390
273	622
273	758
273	826
273	930
275	345
275	475
275	510
275	589
275	610
275	851
275	936
276	375
276	405
276	408
276	433
276	442
276	482
276	524
276	670
276	705
276	775
276	845
276	865
276	952
277	457
277	563
277	571
277	754
277	787
277	802
277	817
277	848
278	302
278	314
278	498
278	583
278	606
278	620
278	627
278	634
278	642
278	663
278	665
278	718
278	771
278	862
279	389
279	410
279	533
279	869
280	406
280	486
280	528
280	544
280	685
280	706
280	852
280	889
280	929
281	998
282	319
282	560
282	563
282	719
283	401
283	476
283	688
283	749
283	901
284	598
285	434
285	744
285	772
285	775
285	858
285	870
285	996
286	545
286	556
286	649
286	974
287	424
287	699
287	709
287	965
288	356
288	761
288	918
288	956
289	502
289	538
289	635
289	755
289	760
289	833
289	834
290	418
290	683
290	751
290	803
290	928
291	362
291	396
291	434
291	556
291	587
291	625
291	701
291	803
291	846
292	525
292	529
292	575
293	341
293	350
293	367
293	372
293	430
293	467
293	584
293	592
293	626
293	771
293	775
293	803
293	823
293	826
293	923
293	996
294	351
294	352
294	526
294	566
294	587
294	744
295	510
295	567
295	568
295	574
295	797
295	831
295	893
295	940
295	966
296	573
296	609
296	620
296	715
296	743
297	401
297	436
297	528
297	576
297	595
297	602
297	656
297	683
297	727
297	735
297	795
297	866
298	382
298	495
298	540
298	664
298	688
298	714
298	836
298	887
298	947
299	321
299	492
299	553
299	654
299	664
299	677
299	724
299	827
299	878
299	908
300	333
300	516
301	386
301	413
301	497
301	728
301	737
301	866
301	975
301	979
302	452
302	729
303	537
303	585
304	319
304	370
304	374
304	408
304	665
304	671
304	694
304	771
304	787
304	840
304	910
305	548
305	831
307	340
307	402
307	482
307	513
307	592
307	746
307	837
308	418
308	542
308	621
308	641
308	754
308	771
308	800
308	802
308	922
310	335
310	412
310	427
310	622
310	643
310	648
310	824
310	827
310	846
310	883
311	354
311	533
311	562
311	676
311	941
311	991
312	350
312	370
312	476
312	534
312	592
312	620
312	742
312	840
312	929
312	950
312	997
313	329
313	453
313	473
313	515
313	569
313	747
313	914
313	967
313	971
314	414
314	619
314	648
314	682
314	906
315	424
315	600
315	782
315	882
316	333
316	348
316	405
316	501
316	561
316	592
316	746
316	828
316	872
316	885
316	975
316	998
317	325
317	453
317	475
317	783
318	326
318	345
318	464
318	490
318	525
318	711
318	714
318	914
318	936
319	378
319	481
319	526
319	620
319	871
320	548
320	556
320	594
320	714
320	801
320	931
321	492
321	657
322	718
322	764
323	325
323	386
323	388
323	389
323	447
323	631
323	748
323	751
323	794
323	825
323	833
323	921
324	356
324	376
324	744
324	951
324	972
325	428
325	446
325	453
325	467
325	507
325	557
325	801
325	844
326	426
326	437
326	472
326	585
326	725
326	766
326	869
327	446
327	501
327	521
327	576
327	675
327	717
327	825
327	935
327	962
327	997
329	745
329	760
329	815
329	993
330	492
330	505
330	716
330	878
330	908
331	573
332	625
332	786
333	349
333	397
333	680
333	700
333	818
334	375
334	457
334	466
334	596
334	605
334	622
334	650
334	952
334	988
334	996
335	592
335	628
335	881
337	499
337	805
338	391
338	402
338	411
338	435
338	442
338	466
338	605
338	670
338	765
338	802
339	368
339	380
339	457
339	463
339	530
339	542
339	802
339	868
339	873
339	937
339	961
340	493
340	941
340	944
340	958
341	365
341	392
341	406
341	549
341	753
341	770
341	836
341	840
341	847
341	891
341	939
342	454
342	491
342	924
343	406
343	446
343	557
343	621
343	684
343	727
343	816
343	829
343	873
343	903
344	617
344	861
344	943
345	355
345	536
345	617
345	799
345	979
346	358
346	382
346	495
346	567
346	634
346	756
346	796
346	799
346	809
346	823
346	872
346	876
347	351
347	354
347	358
347	384
347	444
347	477
347	681
347	688
347	731
347	777
347	796
347	828
347	887
347	923
347	947
347	998
348	401
348	494
348	521
348	540
348	892
348	945
349	397
349	818
350	358
350	405
350	444
350	504
350	507
350	512
350	530
350	551
350	770
350	935
350	955
350	967
351	429
351	481
351	615
351	782
352	607
352	611
352	645
352	652
352	653
352	686
354	430
354	509
354	629
354	642
354	724
354	762
354	773
354	796
354	801
354	947
354	966
355	431
355	545
355	601
355	745
355	755
355	794
355	947
355	963
356	532
356	811
356	855
356	894
357	408
357	440
357	447
357	524
357	808
357	823
358	453
358	477
358	495
358	632
358	673
358	749
358	793
358	828
358	946
358	980
359	602
359	834
359	985
360	368
360	418
360	706
360	787
360	868
360	919
361	369
361	392
361	559
361	606
361	817
361	823
361	824
361	955
361	972
361	988
361	994
362	532
362	566
362	654
362	676
362	691
362	721
362	740
363	447
363	489
363	631
363	637
363	663
363	675
363	748
363	779
363	806
363	983
363	995
364	425
364	582
364	638
365	436
365	528
365	595
365	622
365	650
365	668
365	776
365	891
365	897
365	903
365	967
366	666
366	767
367	374
367	526
367	559
367	584
367	642
367	846
367	858
367	941
367	952
368	455
368	502
368	631
368	962
369	379
369	650
369	792
369	898
369	955
369	967
370	449
370	592
370	619
370	620
370	646
370	665
370	823
370	883
370	967
370	996
371	421
371	589
371	617
372	469
372	537
372	592
372	596
372	602
372	645
372	660
372	685
372	746
372	771
372	814
372	823
372	842
372	893
372	934
372	999
373	624
374	379
374	407
374	442
374	466
374	486
374	526
374	562
374	605
374	619
374	650
374	758
374	798
374	897
374	918
374	955
375	466
375	623
375	772
375	810
376	412
376	701
376	890
378	505
378	593
378	642
378	682
378	865
378	888
379	394
379	399
379	412
379	590
379	913
379	990
380	713
380	839
380	969
381	411
381	604
381	623
381	647
381	810
382	423
382	453
382	578
382	688
382	703
382	738
382	793
382	872
382	946
383	427
383	505
383	605
383	628
383	643
383	654
383	790
383	952
384	437
384	472
384	572
384	578
384	718
384	777
384	780
384	946
386	446
386	523
386	567
386	612
387	418
387	612
387	619
387	621
387	727
387	751
387	794
387	803
387	823
387	826
387	866
387	868
387	900
387	921
388	445
388	489
388	490
388	502
388	717
388	822
388	901
388	971
389	523
389	528
389	544
389	626
389	673
389	717
389	749
389	833
389	963
390	511
390	530
390	544
390	763
390	771
390	774
390	873
390	919
390	928
390	982
390	997
391	442
391	522
391	524
391	670
391	732
391	754
391	859
391	898
392	404
392	419
392	498
392	650
392	687
392	749
392	923
393	431
393	497
393	517
393	975
394	526
394	596
394	642
394	682
394	819
394	846
394	958
395	500
395	565
396	427
396	492
396	772
396	846
397	679
397	716
397	743
397	782
397	904
398	548
398	589
399	518
399	628
399	858
400	470
400	543
400	725
400	854
400	936
401	418
401	436
401	496
401	507
401	525
401	556
401	562
401	683
401	889
401	919
401	949
401	982
402	622
402	870
403	442
403	482
403	660
404	407
404	457
404	476
404	609
404	634
404	646
404	803
404	849
405	476
405	512
405	619
405	626
405	720
405	742
405	747
405	777
405	790
405	826
405	885
405	946
405	997
406	483
406	499
406	635
406	637
406	774
406	829
406	928
407	542
407	583
407	611
407	650
407	714
407	742
407	883
407	948
407	967
407	982
408	417
408	514
408	592
408	619
408	656
408	771
408	947
408	948
409	473
409	724
409	766
409	796
409	999
410	495
410	540
410	687
410	723
411	466
411	513
411	814
411	952
412	881
413	593
413	764
413	766
413	875
414	492
414	913
415	784
416	431
416	515
416	517
416	569
416	809
416	863
416	940
416	949
417	449
417	495
417	559
417	600
417	663
417	720
417	771
417	840
417	853
417	883
417	921
418	530
418	556
418	619
418	620
418	671
418	817
418	825
418	847
418	853
418	873
419	551
419	555
419	648
419	691
419	729
419	908
420	531
420	864
420	964
421	470
421	902
422	518
422	798
422	870
422	988
423	799
424	484
424	709
424	740
424	890
426	519
426	531
426	723
426	791
426	821
426	831
426	864
426	931
427	449
427	479
427	676
428	517
428	612
428	728
428	856
428	942
429	620
429	677
430	495
430	510
430	511
430	521
430	634
430	703
430	738
430	831
430	849
430	876
430	885
430	999
431	523
431	608
431	717
431	755
431	886
431	993
432	630
432	645
432	765
432	775
432	845
433	597
433	647
433	788
434	560
434	630
434	639
434	665
434	674
434	704
434	878
434	951
435	442
436	495
436	542
436	556
436	559
436	563
436	576
436	606
436	626
436	753
436	787
436	826
436	836
436	891
436	921
436	937
436	958
436	967
436	977
436	990
437	574
437	869
438	512
438	642
438	657
438	923
438	934
438	992
439	983
440	545
440	651
440	735
440	921
440	983
440	985
441	745
441	815
442	605
442	641
442	765
442	847
442	898
442	981
443	539
443	804
443	839
444	510
444	553
444	569
444	796
444	800
444	887
445	446
445	453
445	568
445	667
445	833
445	898
445	940
446	637
446	783
446	803
446	834
446	843
446	963
447	511
447	515
447	668
447	803
447	860
447	901
447	995
448	510
448	540
448	691
448	883
448	899
448	900
448	992
449	498
449	513
449	549
449	654
449	660
449	771
449	867
449	883
449	934
449	958
449	972
452	473
452	632
452	644
452	743
452	864
452	900
453	602
453	634
453	656
453	667
453	673
453	799
453	843
453	844
453	866
453	901
453	970
455	524
455	544
455	562
455	668
455	671
455	706
455	859
455	901
455	971
456	538
456	722
456	856
457	662
457	753
457	817
457	826
457	967
458	994
460	584
460	600
460	740
460	749
460	989
461	492
461	546
461	561
461	883
461	923
461	966
462	628
462	643
462	672
462	740
462	858
462	990
463	524
463	562
463	621
463	734
463	779
463	903
463	969
465	490
465	540
465	815
465	993
466	619
466	645
466	705
467	473
467	511
467	561
467	675
467	714
467	738
467	747
467	856
467	921
469	498
469	551
469	606
469	620
469	648
469	746
469	761
469	819
469	883
470	768
470	927
470	936
471	513
471	623
471	671
471	752
471	868
472	680
472	821
472	875
472	883
472	998
473	556
473	561
473	569
473	578
473	718
473	777
473	840
473	842
473	887
473	999
475	558
476	494
476	507
476	540
476	549
476	552
476	556
476	569
476	803
476	842
476	850
476	872
476	950
477	510
477	578
477	644
477	716
477	749
477	780
477	789
477	822
477	869
477	999
478	479
478	584
478	701
478	736
478	862
478	955
479	597
479	604
479	647
479	674
479	788
479	918
479	944
480	491
480	713
481	555
481	686
481	730
481	776
481	908
482	674
482	765
482	893
483	521
483	525
483	726
483	795
483	920
483	942
483	970
484	618
485	733
486	509
486	519
486	783
486	867
488	614
489	528
489	631
489	739
489	850
489	886
490	523
490	536
490	540
490	649
490	656
490	737
490	738
490	783
490	833
490	866
490	935
491	698
491	713
492	566
492	738
492	749
492	878
492	955
493	622
493	660
494	521
494	592
494	688
494	703
494	735
494	790
494	808
494	900
495	561
495	574
495	650
495	756
495	793
495	946
495	999
496	501
496	544
496	631
496	789
496	816
496	829
497	525
497	528
497	631
498	548
498	551
498	724
498	867
498	883
498	998
499	774
499	987
500	639
500	874
500	989
501	515
501	556
501	626
501	667
501	673
501	703
501	794
501	836
502	745
502	769
502	850
502	957
504	606
504	646
504	749
504	803
504	817
504	871
504	955
504	988
504	996
505	776
505	782
505	878
506	977
507	515
507	606
507	690
507	793
507	803
509	648
509	747
509	756
509	801
509	843
509	910
509	921
509	927
510	512
510	515
510	714
510	746
510	747
510	793
510	833
510	879
511	514
511	576
511	656
511	688
511	703
511	742
511	792
512	581
512	642
512	826
512	891
512	935
512	996
513	640
513	650
513	660
513	758
513	802
513	859
514	595
514	706
514	757
514	806
514	820
514	822
514	842
514	901
515	637
515	690
515	803
515	822
515	856
516	743
516	818
517	669
517	799
518	808
518	845
519	697
519	821
520	545
521	581
521	640
521	751
521	753
521	789
521	823
521	910
521	935
521	939
522	853
522	926
522	967
522	968
523	538
523	809
524	653
524	829
524	897
524	922
525	629
525	631
525	656
525	669
525	690
525	942
525	949
525	985
526	584
526	619
526	676
526	749
526	750
528	687
528	789
528	808
528	868
528	901
529	741
529	896
530	544
530	556
530	606
530	622
530	671
530	746
530	787
530	814
530	868
530	901
530	982
531	762
531	915
532	587
532	625
532	643
532	704
532	865
532	878
532	913
533	548
533	644
533	801
533	867
533	879
534	549
534	553
534	706
534	747
534	794
534	816
534	946
534	970
535	685
535	903
535	919
536	649
536	714
536	735
536	943
537	572
537	718
538	751
538	779
538	863
538	920
538	983
539	611
539	897
539	903
540	612
540	760
540	797
540	946
541	598
541	741
542	611
542	848
542	961
543	545
544	576
544	937
544	957
545	809
545	880
545	943
545	983
546	707
546	721
546	818
547	864
548	766
548	879
548	998
549	578
549	612
549	619
549	742
549	751
549	795
549	872
549	892
549	935
549	939
549	985
550	560
550	670
550	765
551	555
551	593
551	620
551	650
551	742
551	802
551	810
551	817
551	940
551	992
552	556
552	571
552	576
552	602
552	626
552	803
552	836
552	885
552	950
552	982
552	996
553	563
553	664
553	814
553	862
553	878
554	689
554	797
554	907
555	593
555	596
555	648
555	654
555	720
555	923
555	999
556	583
556	760
556	792
556	878
556	901
556	910
557	843
557	863
557	901
557	985
558	594
559	579
559	665
559	746
559	771
559	783
559	803
560	619
560	645
560	892
561	567
561	629
561	686
561	703
561	840
561	866
561	928
561	939
561	997
562	619
562	652
562	800
562	847
562	898
563	605
563	660
563	817
563	911
563	955
564	882
564	904
564	991
566	600
567	703
567	738
567	799
567	833
567	883
568	581
568	612
569	578
569	629
569	673
569	686
569	724
569	794
569	888
569	899
569	921
569	929
569	931
571	584
571	606
571	623
571	646
571	652
571	720
571	770
571	802
571	826
571	873
571	930
571	967
572	801
572	854
572	936
572	980
572	999
573	743
573	831
574	721
574	731
574	821
574	994
575	651
575	692
575	834
576	640
576	667
576	687
576	797
576	823
576	910
576	996
577	597
578	821
578	876
578	887
580	658
580	667
581	593
581	640
581	746
581	816
581	823
581	840
583	751
583	793
583	795
583	837
583	957
583	970
583	982
584	704
584	705
584	982
585	762
585	869
586	613
586	689
586	700
586	721
586	916
587	596
587	744
587	765
587	906
587	944
588	661
588	767
588	778
588	954
589	854
589	940
590	772
590	874
591	656
591	850
591	886
591	897
591	949
592	642
592	771
592	798
592	871
592	883
592	990
592	992
593	749
593	790
593	867
593	914
593	946
594	668
594	697
594	797
594	799
594	936
594	940
595	668
595	763
595	795
595	805
595	868
596	620
596	842
596	906
597	674
597	786
599	736
599	782
599	956
600	657
600	729
600	827
600	894
600	956
600	991
601	884
602	629
602	637
602	760
602	766
602	789
602	822
602	833
602	863
602	914
602	928
602	945
604	609
604	628
604	646
604	704
604	846
604	881
605	622
605	802
606	690
606	742
606	770
606	771
606	813
606	948
607	924
608	886
608	963
608	974
609	681
609	731
609	931
609	999
610	617
610	693
611	623
611	758
611	968
612	649
612	738
612	794
612	836
612	837
612	843
612	866
613	733
614	984
615	657
615	855
615	882
616	960
617	693
617	854
618	716
619	665
619	837
619	871
619	939
619	972
619	996
620	814
620	867
621	656
621	848
621	873
621	987
622	623
622	817
622	837
622	982
623	814
623	930
623	952
624	917
625	890
625	951
626	640
626	727
626	897
626	939
626	948
627	715
627	720
627	766
627	876
627	879
627	885
628	643
628	657
628	704
628	824
628	865
628	941
628	990
629	809
629	921
630	786
630	930
631	675
631	949
632	721
632	729
632	730
632	818
632	831
632	849
634	714
634	783
634	891
635	675
635	974
636	754
637	805
637	822
637	852
638	647
639	765
640	685
640	687
640	703
640	720
640	834
641	800
641	814
641	891
642	691
642	827
642	923
642	972
643	990
644	648
644	700
644	731
644	824
644	831
644	966
645	719
645	775
645	810
645	911
646	798
646	840
646	847
646	871
646	934
648	699
648	729
648	776
648	899
648	950
649	949
650	753
650	826
650	866
650	897
650	923
650	958
650	967
652	771
652	820
652	967
653	753
653	930
653	942
653	953
653	968
654	677
654	994
656	942
656	971
657	676
657	855
657	865
657	883
657	894
657	941
657	950
657	991
660	753
660	771
660	826
660	842
660	930
662	774
662	839
662	954
662	987
663	665
663	681
663	693
663	787
663	823
663	910
663	935
663	993
664	676
664	811
664	816
665	790
665	911
665	955
665	996
666	713
666	787
666	825
666	924
667	675
667	703
667	856
667	866
668	892
669	836
669	971
670	786
671	774
671	787
671	808
671	826
671	853
671	858
671	892
673	686
673	799
673	939
673	940
673	946
674	678
675	943
675	971
675	983
676	827
676	950
677	878
678	704
678	736
678	824
678	846
678	855
678	918
679	781
679	965
680	733
681	756
681	875
681	914
681	990
682	691
682	813
682	817
682	941
683	727
683	774
683	803
683	809
683	833
683	962
683	970
683	997
684	909
685	690
685	694
685	751
685	806
685	829
685	840
686	744
686	776
686	871
686	885
686	899
686	935
686	986
687	738
687	808
687	813
687	859
687	883
687	891
687	962
687	997
688	718
688	796
688	813
688	840
688	844
688	999
689	730
689	864
690	922
693	854
694	825
694	903
696	819
697	768
697	864
698	713
698	800
698	853
698	987
700	731
700	869
701	913
703	836
703	891
703	916
703	982
704	865
704	911
704	923
704	951
705	944
705	994
706	787
706	889
707	882
708	789
708	814
708	954
710	925
711	725
711	737
711	900
712	989
713	752
713	898
714	756
714	780
714	914
714	945
714	980
714	997
714	999
715	888
715	908
715	994
716	729
716	818
716	827
716	828
716	849
717	796
717	809
717	833
717	867
717	914
717	947
718	721
718	723
718	783
718	887
718	900
719	800
719	859
719	981
720	746
720	856
720	868
720	885
721	791
721	831
721	849
723	766
724	876
724	900
724	914
725	756
725	785
726	974
727	760
727	789
727	859
727	891
727	892
727	910
727	921
727	997
728	884
729	888
729	908
729	966
730	773
730	849
730	945
731	828
731	831
731	849
734	800
734	814
735	872
735	946
736	798
736	881
736	890
737	777
737	980
737	998
738	747
738	798
738	910
738	914
738	940
738	945
739	809
739	852
739	947
739	983
740	890
740	965
742	823
742	988
744	788
744	862
744	918
745	755
745	863
746	817
746	856
746	899
747	757
747	885
747	914
748	789
748	843
748	928
748	974
748	997
749	776
749	793
749	883
749	914
749	950
749	986
749	990
749	992
750	956
750	991
751	787
751	825
751	868
752	800
752	973
753	778
753	816
753	860
753	873
753	891
753	897
754	859
755	789
755	809
755	834
755	856
755	963
757	774
757	802
757	847
757	865
758	987
759	881
759	918
760	792
760	803
760	822
760	843
760	844
760	919
760	928
761	819
761	948
761	956
762	867
762	900
763	770
763	794
763	901
763	921
764	766
765	771
765	810
765	903
766	887
769	852
770	789
770	837
770	891
770	958
771	837
771	897
772	786
773	931
773	994
774	837
774	852
774	935
775	810
775	912
776	950
776	986
776	992
777	797
777	999
778	787
779	949
780	875
784	907
786	865
787	829
787	842
787	847
787	873
787	903
787	930
787	977
788	858
788	874
788	923
789	795
789	817
789	826
789	829
789	848
789	919
790	843
790	916
790	921
790	923
791	831
792	826
792	921
792	962
792	993
793	796
793	900
793	947
794	797
794	833
794	840
794	914
795	822
795	823
795	971
796	831
796	849
796	876
796	882
796	945
796	947
797	831
799	872
799	945
800	926
800	969
801	940
802	859
802	903
802	926
802	969
802	981
802	987
803	813
803	903
803	948
803	996
804	807
804	937
805	860
805	961
807	909
809	822
809	836
809	873
809	929
809	962
809	971
811	827
813	842
814	825
814	934
814	988
816	829
817	952
819	862
819	972
820	863
821	869
822	971
823	885
823	966
823	999
824	828
824	883
824	885
824	888
824	894
824	923
825	892
825	923
826	866
826	868
826	891
826	892
826	935
826	996
827	965
827	991
828	923
828	996
829	873
829	926
829	935
831	836
831	966
833	949
834	861
834	960
834	963
836	844
836	856
836	892
836	946
836	947
837	892
837	996
838	964
840	917
840	935
840	971
840	985
842	846
842	883
842	934
843	863
843	983
844	856
844	886
844	945
846	855
846	990
847	903
847	922
850	983
850	995
853	897
856	946
856	947
856	971
859	981
861	884
866	872
866	876
866	942
866	947
866	997
867	883
867	986
868	930
868	939
868	982
871	988
872	929
873	897
874	912
875	936
878	890
879	883
879	999
880	993
882	894
882	994
883	914
883	923
885	935
886	963
886	974
886	983
888	986
891	911
891	958
891	967
891	982
891	988
893	908
893	941
893	958
893	972
894	913
899	914
900	946
901	919
906	941
906	972
908	991
911	989
913	956
913	989
916	940
921	966
921	999
922	982
923	955
924	926
926	952
928	962
928	971
928	984
929	942
929	958
939	999
942	985
943	945
943	949
943	975
944	972
944	988
945	947
945	998
947	948
950	992
955	967
956	991
971	982
974	983
975	980
989	991
992	999
