0	135
0	223
0	511
0	538
0	596
1	173
1	278
1	499
1	571
1	676
1	946
2	42
2	181
2	199
2	245
2	350
2	552
2	566
2	587
2	714
2	738
2	802
2	830
2	917
3	46
3	116
3	124
3	173
3	224
3	262
3	336
3	386
3	427
3	451
3	590
3	932
3	976
3	979
4	138
4	446
4	522
4	635
4	662
4	758
4	790
4	983
5	352
6	28
6	72
6	85
6	99
6	130
6	167
6	214
6	453
6	532
6	558
6	781
6	851
6	951
7	115
7	196
7	220
7	251
7	296
7	608
7	609
7	810
7	865
8	169
8	404
8	485
8	537
8	603
8	620
8	668
8	882
9	596
9	898
9	934
10	355
10	519
12	130
12	140
12	174
12	289
12	310
12	391
12	393
12	595
12	624
12	660
12	686
12	688
12	695
12	781
12	829
12	842
12	852
12	866
13	63
13	100
13	316
13	368
13	385
13	442
13	470
13	485
13	498
13	530
13	541
13	557
13	565
13	661
13	708
13	779
13	937
13	940
14	588
14	876
14	942
14	993
15	64
15	77
15	181
15	238
15	326
15	332
15	486
15	513
15	595
15	743
15	781
15	807
15	815
15	829
15	980
15	983
16	234
16	601
16	716
17	31
17	344
17	446
17	582
17	636
17	695
17	705
17	837
17	926
18	128
18	355
18	389
18	390
18	396
18	432
18	444
18	445
18	507
18	510
18	581
18	691
18	718
18	869
18	919
19	180
19	222
19	350
19	362
19	530
19	579
19	666
19	854
19	873
19	908
19	917
20	105
20	160
20	330
20	388
20	644
20	749
20	814
20	854
20	900
20	954
21	260
21	315
21	378
21	428
21	464
21	520
21	543
21	554
21	591
21	619
21	731
21	734
21	745
22	178
22	275
22	306
22	703
22	788
22	789
22	907
23	48
23	103
23	148
23	724
23	798
23	942
24	70
24	76
24	152
24	186
24	221
24	454
24	543
24	586
24	623
24	639
24	825
25	745
25	987
26	192
26	479
26	694
26	858
27	46
27	248
27	625
27	762
27	763
27	848
27	961
28	43
28	84
28	256
28	430
28	439
28	481
28	495
28	543
28	568
28	604
28	616
28	619
28	768
28	872
28	927
28	981
28	999
29	41
29	61
29	181
29	269
29	292
29	299
29	378
29	409
29	416
29	423
29	464
29	579
29	682
29	716
29	744
29	753
29	778
29	802
29	866
29	903
29	971
30	288
30	532
31	93
31	97
31	157
31	216
31	294
31	363
31	442
31	535
31	576
31	629
31	731
31	969
31	976
31	988
32	62
32	70
32	76
32	149
32	221
32	414
32	424
32	586
32	752
32	885
32	969
32	981
33	112
33	293
33	360
33	415
33	567
33	604
33	623
33	703
33	741
33	825
33	855
34	46
34	116
34	179
34	253
34	419
34	444
34	478
34	512
34	531
34	784
34	914
34	957
35	54
35	123
35	146
35	324
35	338
35	350
35	404
35	603
35	607
35	626
35	753
35	757
35	918
35	919
35	984
36	49
36	288
36	751
36	959
37	337
37	347
37	442
37	745
37	767
37	771
37	995
38	74
38	732
38	912
39	63
39	241
39	246
39	347
39	357
39	384
39	486
39	522
39	541
39	630
39	648
39	656
39	677
39	678
39	708
39	741
39	784
39	861
39	892
39	924
39	966
39	967
39	980
40	122
40	495
40	536
40	591
40	619
40	638
40	731
40	741
40	759
40	783
40	855
40	868
40	927
40	953
40	988
41	205
41	228
41	241
41	299
41	484
41	554
41	566
41	839
41	999
42	215
42	331
42	350
42	382
42	389
42	429
42	440
42	484
42	493
42	646
42	651
42	719
42	760
42	808
42	821
42	963
43	69
43	86
43	89
43	93
43	221
43	307
43	347
43	381
43	781
43	811
43	817
43	896
43	998
44	150
44	219
44	249
44	332
44	426
44	646
44	714
44	963
45	521
45	948
46	157
46	173
46	201
46	247
46	310
46	330
46	440
46	507
46	581
46	612
46	655
46	835
46	836
47	249
47	368
47	376
47	382
47	389
47	443
47	450
47	478
47	504
47	512
47	558
47	641
47	763
47	857
47	932
47	963
47	983
48	798
48	995
50	100
50	179
50	180
50	209
50	232
50	247
50	253
50	332
50	350
50	443
50	676
50	698
50	736
50	815
50	835
50	932
50	946
52	276
52	580
52	858
52	946
52	961
52	979
53	189
53	418
53	601
53	619
53	793
53	884
54	360
54	373
54	384
54	389
54	514
54	526
54	536
54	537
54	568
54	606
54	626
54	676
54	690
54	827
54	908
54	919
55	73
55	135
55	208
55	402
55	748
55	884
56	223
56	372
56	516
56	538
56	594
56	658
56	791
57	146
57	245
57	249
57	279
57	345
57	410
57	426
57	523
57	608
57	609
57	707
57	714
57	830
57	955
58	112
58	149
58	170
58	221
58	235
58	289
58	381
58	494
58	569
58	595
58	606
58	665
58	733
58	811
58	966
59	397
59	499
59	913
60	179
60	321
60	341
60	542
60	694
60	747
60	957
61	255
61	279
61	300
61	388
61	540
61	544
61	546
61	908
61	962
62	95
62	221
62	284
62	381
62	639
62	703
62	905
62	934
62	941
62	945
63	75
63	80
63	112
63	368
63	380
63	386
63	465
63	470
63	541
63	585
63	807
63	808
63	872
63	906
63	979
64	80
64	128
64	131
64	213
64	227
64	310
64	339
64	531
64	648
64	656
64	672
64	708
64	828
64	848
64	906
65	163
65	261
65	344
65	380
65	774
65	819
65	848
65	869
66	97
66	188
66	223
66	460
66	643
67	277
67	383
67	961
67	978
68	311
68	369
68	433
68	762
68	911
68	958
69	151
69	575
70	108
70	112
70	143
70	424
70	488
70	578
70	636
70	723
70	787
70	839
70	866
71	786
71	876
72	87
72	89
72	157
72	229
72	253
72	699
72	854
72	872
72	924
73	143
73	275
73	359
73	464
73	554
73	605
73	788
73	789
73	884
74	97
74	510
75	179
75	232
75	404
75	443
75	483
75	558
75	736
75	741
75	743
75	765
75	903
75	932
75	936
75	939
75	953
76	186
76	304
76	335
76	456
76	586
76	588
76	596
76	605
76	731
77	131
77	231
77	274
77	374
77	380
77	490
77	565
77	672
77	781
77	860
77	894
77	926
77	988
78	87
78	168
78	209
78	219
78	238
78	247
78	350
78	451
78	457
78	478
78	485
78	697
78	762
78	763
78	801
78	814
78	828
78	854
78	929
78	940
79	173
79	281
79	341
79	382
79	445
79	531
79	544
79	672
79	752
79	836
80	126
80	270
80	276
80	339
80	450
80	623
80	631
80	729
80	967
81	112
81	275
81	282
81	323
81	395
81	490
81	525
81	578
81	651
81	771
81	825
81	941
81	945
82	124
82	166
82	235
82	386
82	396
82	457
82	491
82	530
82	541
82	648
82	656
82	683
82	733
82	846
82	919
83	96
83	147
83	213
83	339
83	557
84	245
84	367
84	378
84	439
84	532
84	888
85	112
85	304
85	404
85	506
85	520
85	589
85	665
85	705
85	732
85	742
85	803
85	804
86	131
86	170
86	195
86	445
86	463
86	544
86	652
86	688
86	718
86	772
86	784
86	841
86	860
86	936
87	124
87	232
87	238
87	293
87	336
87	650
87	652
87	669
87	699
87	848
87	924
88	169
88	501
88	563
88	681
88	834
89	238
89	300
89	358
89	363
89	384
89	391
89	485
89	530
89	602
89	676
89	698
89	729
89	743
89	744
89	752
89	819
89	835
89	917
89	953
89	954
90	105
90	106
90	164
90	180
90	184
90	202
90	232
90	283
90	309
90	377
90	478
90	540
90	666
90	828
90	873
90	895
90	932
90	985
91	336
91	380
91	772
91	935
92	452
92	773
92	787
93	289
93	323
93	330
93	399
93	421
93	471
93	538
93	623
93	630
93	945
95	143
95	351
95	446
95	454
95	506
95	604
95	631
95	655
95	703
95	731
95	742
95	796
95	811
95	851
95	866
95	872
95	885
95	905
95	955
95	960
96	216
96	317
96	354
96	386
96	519
96	581
96	672
96	966
97	274
97	534
97	662
97	794
97	816
97	867
98	277
98	406
98	694
98	857
98	958
99	177
99	194
99	303
99	330
99	363
99	411
99	453
99	656
99	696
99	752
99	852
99	914
99	924
99	951
100	106
100	287
100	334
100	385
100	455
100	465
100	530
100	705
100	781
100	807
100	815
100	829
100	832
100	860
100	894
101	102
101	107
101	305
101	361
101	395
101	703
101	771
101	941
101	952
101	997
102	328
102	393
102	520
102	528
102	569
102	734
102	871
102	896
102	905
103	237
103	310
103	446
103	516
103	527
103	623
103	639
103	695
103	705
103	770
103	771
104	365
104	511
104	723
104	745
104	813
104	817
104	942
105	150
105	257
105	266
105	281
105	326
105	330
105	391
105	714
105	749
105	821
105	940
106	116
106	190
106	240
106	253
106	283
106	644
106	711
106	753
106	763
106	766
106	821
106	902
106	914
106	985
107	372
107	390
107	508
107	564
107	675
108	161
108	418
108	488
108	503
108	632
108	713
108	734
108	789
108	797
108	884
109	115
109	150
109	240
109	272
109	298
109	410
109	440
109	607
109	652
109	711
109	759
109	784
109	832
109	870
109	940
110	562
110	900
111	218
111	739
112	186
112	307
112	328
112	395
112	508
112	588
112	623
112	705
112	809
112	988
113	166
113	174
113	182
113	254
113	535
113	564
113	576
113	639
114	374
114	772
114	816
115	300
115	426
115	441
115	459
115	481
115	514
115	554
115	755
115	766
115	895
115	902
115	910
115	918
116	162
116	185
116	206
116	209
116	232
116	253
116	294
116	309
116	384
116	444
116	445
116	573
116	669
116	698
116	702
116	736
116	781
116	808
116	917
116	954
118	518
118	614
118	911
119	212
119	298
119	319
119	362
119	377
119	433
119	455
119	546
119	562
119	614
119	911
120	928
121	300
121	392
121	477
121	768
121	830
121	963
122	184
122	249
122	317
122	417
122	514
122	607
122	620
122	624
122	832
122	914
122	963
123	228
123	290
123	299
123	452
124	144
124	187
124	224
124	465
124	545
124	547
124	631
124	693
124	828
124	980
126	183
126	195
126	335
126	347
126	564
126	629
126	909
126	926
127	145
127	562
127	913
128	555
128	772
129	135
129	136
129	600
129	725
130	140
130	221
130	322
130	338
130	360
130	423
130	523
130	565
130	606
130	607
130	616
130	683
130	770
130	807
130	899
130	952
130	967
130	998
131	187
131	243
131	293
131	380
131	569
131	635
131	672
131	677
131	678
131	702
131	752
131	765
131	775
131	860
131	939
132	392
132	488
132	890
134	145
134	298
134	410
134	573
134	873
134	990
135	143
135	152
135	424
135	574
135	619
136	226
136	237
136	446
136	628
136	631
136	658
136	692
136	705
136	808
136	817
137	394
137	671
138	175
138	582
138	675
138	874
138	892
139	180
139	267
139	707
139	721
139	735
139	865
139	871
140	290
140	331
140	338
140	350
140	431
140	485
140	494
140	623
140	652
140	660
140	855
140	882
140	914
140	963
140	966
140	999
141	261
141	549
141	923
142	319
143	282
143	330
143	431
143	442
143	490
143	503
143	543
143	567
143	605
143	742
143	804
143	851
143	868
144	231
144	354
144	438
144	465
144	491
144	507
144	530
144	577
144	584
144	677
144	708
144	829
144	859
144	979
145	501
145	599
145	614
145	900
146	197
146	214
146	245
146	281
146	317
146	411
146	579
146	580
146	626
146	753
146	903
146	971
146	999
147	374
147	560
147	695
147	754
147	935
148	365
148	575
148	593
148	786
148	993
149	255
149	306
149	368
149	453
149	491
149	561
149	565
149	596
149	606
149	631
149	804
149	811
149	852
149	869
149	894
149	921
149	979
150	156
150	199
150	203
150	253
150	312
150	373
150	458
150	485
150	736
150	762
150	932
150	940
152	170
152	415
152	520
152	525
152	536
152	551
152	561
152	567
152	578
152	597
152	660
152	703
152	825
152	851
152	885
152	905
153	806
154	447
154	630
155	157
155	254
155	326
155	506
155	625
155	744
155	836
155	982
156	212
156	222
156	620
156	694
156	812
156	940
157	255
157	293
157	356
157	386
157	522
157	648
157	652
157	841
157	896
157	932
157	943
158	189
158	286
158	367
158	416
158	883
158	884
159	234
159	405
159	938
160	220
160	397
160	518
160	562
160	760
160	904
161	181
161	239
161	292
161	297
161	461
161	468
161	474
161	532
161	605
161	778
161	787
161	802
161	842
161	890
162	249
162	350
162	370
162	443
162	565
162	917
163	258
163	510
163	710
163	792
163	844
163	928
164	209
164	238
164	289
164	376
164	406
164	483
164	504
164	584
164	634
164	729
164	846
164	944
165	274
165	415
165	476
165	569
165	578
165	885
165	898
166	316
166	385
166	399
166	494
166	534
166	565
166	630
166	770
166	774
166	791
166	862
167	170
167	177
167	255
167	381
167	385
167	449
167	523
167	539
167	543
167	691
167	826
167	855
167	986
168	240
168	248
168	314
168	368
168	376
168	514
168	542
168	735
168	743
168	749
168	775
168	985
169	197
169	300
169	481
169	606
169	676
169	759
169	795
169	810
169	834
169	895
169	917
170	221
170	256
170	623
170	697
170	803
170	842
170	866
170	896
170	983
171	178
171	189
171	241
171	286
171	409
171	533
171	927
173	248
173	334
173	382
173	387
173	486
173	612
173	739
174	186
174	446
174	453
174	454
174	506
174	536
174	550
174	643
174	703
174	740
174	799
174	811
174	866
174	927
174	960
174	994
175	396
175	413
175	447
175	498
175	684
175	764
175	805
175	906
175	915
176	400
176	993
177	194
177	201
177	235
177	256
177	358
177	373
177	390
177	393
177	539
177	607
177	696
177	983
178	205
178	215
178	238
178	239
178	241
178	292
178	367
178	401
178	429
178	452
178	488
178	543
178	579
178	608
178	750
178	910
178	984
178	986
179	250
179	253
179	390
179	438
179	444
179	559
179	562
179	736
179	951
179	976
179	991
180	238
180	259
180	459
180	563
180	768
180	812
180	900
181	260
181	288
181	525
181	568
181	591
181	690
181	727
181	810
181	865
181	883
181	889
182	183
182	629
182	915
183	236
183	357
183	425
183	565
183	576
183	764
183	988
184	388
184	457
184	486
184	634
184	763
184	814
184	835
184	857
184	932
185	222
185	570
185	653
185	835
185	913
186	237
186	385
186	547
186	589
186	595
186	648
186	705
186	825
186	826
186	934
186	952
187	246
187	354
187	534
187	677
187	681
187	754
187	816
187	892
187	906
188	236
188	569
188	864
189	822
190	440
190	768
190	963
191	243
191	447
192	277
192	369
192	499
192	972
193	400
193	425
193	677
193	732
194	201
194	238
194	289
194	325
194	334
194	345
194	429
194	486
194	618
194	675
194	815
194	919
194	944
195	238
195	265
195	316
195	385
195	386
195	425
195	438
195	576
195	774
195	803
195	921
196	288
196	426
196	704
196	749
196	954
197	249
197	272
197	283
197	299
197	343
197	417
197	513
197	526
197	646
197	729
197	854
197	908
197	918
198	223
199	209
199	300
199	350
199	373
199	711
199	760
199	763
199	765
199	940
199	943
200	214
200	241
200	268
200	360
200	367
200	464
200	476
200	503
200	532
200	579
200	611
200	616
200	697
200	852
200	863
200	868
200	927
200	952
201	293
201	389
201	406
201	542
201	624
201	638
201	655
201	808
201	821
201	979
201	983
202	377
202	526
202	619
202	759
202	818
202	830
202	834
202	914
203	206
203	222
203	369
203	562
203	728
203	900
205	334
205	389
205	566
205	619
205	621
205	727
205	733
205	766
205	789
205	851
205	888
206	350
206	410
206	443
206	539
206	540
206	563
206	749
206	916
206	985
207	249
207	827
208	313
208	473
208	674
208	890
209	212
209	240
209	444
209	542
209	587
209	597
209	698
209	775
209	784
209	861
209	981
209	985
210	378
210	466
210	591
210	994
212	309
212	340
212	760
212	873
213	374
213	534
213	560
213	967
213	996
214	301
214	315
214	359
214	395
214	415
214	428
214	466
214	525
214	619
214	757
214	789
214	871
214	884
214	885
214	960
215	241
215	269
215	493
215	714
215	753
215	927
216	408
216	553
216	574
216	598
216	675
216	892
216	909
216	926
217	249
217	269
217	281
217	325
217	410
217	526
217	551
217	579
217	587
217	619
217	620
217	681
217	768
217	802
217	818
217	902
218	227
218	336
218	644
218	689
218	739
218	772
218	782
219	220
219	452
219	777
219	992
220	241
220	370
220	768
220	777
220	883
221	237
221	282
221	586
221	737
221	945
222	775
222	873
222	916
222	917
223	408
223	495
223	692
223	794
223	956
224	248
224	336
224	356
224	478
224	504
224	540
224	542
224	571
224	581
224	584
224	614
224	722
224	744
224	836
224	859
224	937
225	247
225	450
225	510
225	835
225	858
225	961
226	408
226	635
226	636
226	677
226	770
226	968
227	336
227	339
227	375
227	419
227	432
227	462
227	560
227	594
227	612
227	648
227	672
227	682
227	695
227	828
227	939
227	976
228	291
228	777
228	984
229	303
229	310
229	429
229	497
229	523
229	550
229	584
229	618
229	731
229	829
229	981
230	251
230	820
231	465
231	534
231	539
231	565
231	589
231	676
231	688
231	691
231	733
231	807
231	924
232	309
232	314
232	340
232	363
232	406
232	580
232	634
232	857
232	916
235	358
235	391
235	438
235	510
235	569
235	577
235	603
235	691
235	742
235	869
235	877
235	966
235	980
235	986
236	337
236	346
236	594
236	658
236	692
236	898
237	290
237	335
237	393
237	567
237	692
237	817
238	283
238	302
238	303
238	317
238	332
238	363
238	376
238	441
238	453
238	462
238	513
238	558
238	602
238	644
238	722
238	728
238	765
238	775
238	815
238	846
238	882
238	897
238	940
238	943
238	966
239	468
239	566
239	633
239	713
239	787
239	810
239	971
240	295
240	300
240	384
240	484
240	646
240	719
240	763
240	940
240	961
241	260
241	378
241	401
241	481
241	488
241	532
241	568
241	609
241	802
241	863
242	315
242	409
242	520
242	606
242	631
242	727
242	734
242	778
242	779
242	851
242	888
242	925
243	250
243	640
243	937
245	282
245	392
245	526
245	606
245	651
245	681
245	714
245	759
245	802
245	810
245	865
245	955
245	971
246	336
246	432
246	502
246	545
246	565
246	656
246	807
246	951
247	406
247	436
247	462
247	504
247	582
247	602
247	624
247	652
247	655
247	774
247	976
248	319
248	410
248	444
248	457
248	485
248	638
249	295
249	324
249	514
249	644
249	759
249	760
250	396
250	661
250	710
250	819
250	844
250	848
251	435
251	755
251	787
252	889
253	368
253	376
253	387
253	436
253	450
253	486
253	522
253	547
253	584
253	676
253	836
253	859
253	869
253	924
253	929
253	977
254	302
254	304
254	376
254	390
254	399
254	486
254	577
254	656
254	672
254	859
254	861
254	937
254	966
254	979
254	997
254	998
255	256
255	334
255	382
255	523
255	603
255	606
255	638
255	641
255	690
255	697
255	754
255	826
255	919
256	281
256	290
256	540
256	652
256	714
256	738
256	873
256	943
256	971
257	332
257	363
257	444
257	504
257	676
257	728
257	736
257	743
257	763
257	801
257	836
257	894
257	924
257	940
258	701
259	440
259	607
259	634
259	735
260	370
260	409
260	468
260	626
260	637
260	713
260	727
260	910
260	947
261	420
261	447
261	661
261	739
261	819
261	823
261	906
261	935
263	370
263	406
263	889
265	645
265	887
266	276
266	336
266	354
266	396
266	590
266	612
266	678
268	351
268	495
268	572
268	579
268	597
268	606
268	651
268	685
268	802
268	899
268	999
269	401
269	410
269	441
269	526
269	626
269	681
269	714
269	728
269	738
269	749
269	830
269	895
269	918
269	933
269	963
270	355
270	893
271	806
272	401
272	783
272	832
273	334
273	338
273	381
273	615
273	621
273	638
273	641
273	686
273	691
273	781
273	789
273	804
273	866
273	905
273	969
274	347
274	629
274	764
275	301
275	305
275	381
275	409
275	423
275	430
275	734
276	507
276	555
276	836
276	929
276	951
278	627
278	706
278	761
278	928
279	317
279	389
279	483
279	526
279	626
279	650
279	743
279	763
279	851
279	902
279	929
279	940
280	850
280	987
281	290
281	373
281	430
281	504
281	681
281	696
281	719
281	738
281	783
281	882
281	886
281	999
282	284
282	423
282	428
282	454
282	528
282	541
282	605
282	700
282	789
282	808
282	866
282	905
282	931
283	377
283	760
283	812
283	897
284	490
284	508
284	596
284	679
284	905
284	934
284	986
285	622
285	878
286	296
286	299
286	322
286	468
286	566
286	633
286	712
286	713
286	948
286	992
287	289
287	307
287	310
287	368
287	483
287	493
287	504
287	523
287	565
287	636
287	665
287	807
287	852
287	861
287	905
287	937
287	940
287	980
288	403
288	459
288	464
288	632
288	681
288	773
288	888
288	992
289	334
289	363
289	465
289	486
289	513
289	530
289	547
289	640
289	646
289	741
289	743
289	821
289	829
289	852
289	919
289	966
289	979
290	325
290	367
290	439
290	449
290	494
290	530
290	617
290	697
290	802
290	829
290	852
290	882
290	896
290	899
290	903
290	953
290	984
291	402
291	974
292	360
292	367
292	456
292	525
292	579
292	703
292	883
293	330
293	334
293	391
293	393
293	404
293	558
293	621
293	623
293	696
293	699
293	803
294	502
294	519
294	547
294	580
294	648
294	656
294	743
294	774
294	848
294	921
294	937
294	976
295	381
295	469
295	546
295	613
295	651
296	350
296	474
296	777
296	848
296	992
297	503
297	554
297	619
297	674
297	789
297	925
297	955
298	350
298	542
298	546
298	562
298	760
298	882
299	401
299	464
299	619
299	865
299	884
300	493
300	526
300	563
300	587
300	620
300	697
300	714
300	775
300	830
300	971
301	328
301	727
301	767
302	393
302	491
302	595
302	697
302	779
302	781
302	808
302	826
302	892
302	981
303	332
303	368
303	441
303	510
303	699
304	429
304	494
304	541
304	543
304	550
304	591
304	779
304	796
304	809
304	862
304	891
304	896
304	899
304	914
304	927
304	998
305	480
305	481
305	591
305	601
305	605
305	647
305	734
305	796
306	310
306	335
306	363
306	393
306	408
306	439
306	471
306	565
306	629
306	631
306	682
306	699
306	722
306	808
306	852
306	862
306	934
307	446
307	453
307	509
307	535
307	594
307	642
307	658
307	713
307	740
307	842
307	874
309	340
309	443
309	478
309	486
309	512
309	537
309	602
309	624
309	736
309	836
309	882
309	917
309	943
310	347
310	356
310	385
310	386
310	430
310	510
310	550
310	564
310	589
310	642
310	708
310	765
310	803
310	846
310	852
310	914
310	919
310	998
311	482
311	499
312	559
312	562
312	722
313	379
313	412
313	674
313	713
313	910
314	332
314	350
314	384
314	932
315	464
315	488
315	556
315	788
315	789
315	871
316	331
316	357
316	390
316	438
316	508
316	577
316	623
316	630
316	631
316	677
316	763
316	809
316	937
316	967
317	363
317	558
317	655
317	681
317	711
317	818
317	908
318	362
318	844
318	869
319	482
319	546
319	744
319	823
321	341
321	555
321	762
321	882
321	930
322	415
322	488
322	532
322	554
322	611
322	733
322	766
322	788
322	855
323	431
323	596
323	679
323	745
323	798
323	995
324	389
324	608
324	609
324	759
324	830
324	888
324	895
324	902
325	452
325	573
325	729
325	821
325	917
325	929
325	971
326	340
326	350
326	465
326	470
326	722
326	733
326	763
326	811
326	829
326	852
326	873
326	976
326	981
326	983
327	474
328	360
328	494
328	528
328	605
328	665
328	804
328	984
329	366
329	448
329	600
329	843
330	457
330	513
330	686
330	718
330	828
330	924
330	981
331	378
331	391
331	444
331	485
331	514
331	719
331	768
331	802
331	872
332	388
332	474
332	486
332	504
332	555
332	557
332	573
332	733
332	736
332	951
332	967
333	448
333	593
333	671
334	358
334	363
334	411
334	423
334	430
334	508
334	513
334	550
334	650
334	651
334	677
334	742
334	778
334	801
334	851
334	903
334	951
334	953
334	955
334	983
334	984
335	586
335	628
335	866
335	942
336	625
336	718
336	739
336	811
336	848
336	924
337	446
337	589
337	658
337	798
337	988
338	390
338	391
338	453
338	536
338	558
338	597
338	618
338	633
338	686
338	733
338	752
338	799
338	811
338	859
338	927
338	953
338	963
339	594
339	693
339	776
339	799
339	936
340	458
340	624
340	669
340	763
340	835
340	869
340	946
341	362
341	406
341	443
341	835
341	848
341	858
341	958
343	409
344	372
344	732
344	915
345	373
345	426
345	458
345	484
345	613
345	644
345	760
345	801
345	802
345	830
345	971
346	398
346	732
346	805
346	909
347	453
347	564
347	574
347	617
347	682
347	688
347	692
347	756
347	803
348	654
348	885
349	570
349	982
350	540
350	542
350	573
350	584
350	602
350	760
350	857
350	873
350	930
350	932
350	985
351	426
351	439
351	464
351	481
351	638
351	642
351	697
351	783
351	851
351	888
351	986
352	367
354	386
354	413
354	582
354	677
354	816
354	899
354	906
354	923
355	432
355	545
355	581
355	582
355	819
355	838
355	977
355	996
356	502
356	695
356	708
356	741
357	465
357	523
357	531
357	589
357	631
357	675
357	693
357	705
357	807
357	808
357	811
357	837
357	969
358	618
358	650
358	652
358	722
358	765
358	788
358	859
358	983
359	523
359	789
360	415
360	431
360	520
360	532
360	606
360	851
360	877
360	883
360	899
360	975
361	884
362	410
362	518
362	760
362	870
363	373
363	391
363	681
363	683
363	775
363	786
363	814
363	955
363	998
365	460
365	489
365	850
365	993
366	813
366	876
366	987
367	493
367	632
367	713
367	914
367	955
368	390
368	453
368	522
368	541
368	618
368	639
368	642
368	682
368	693
368	829
368	929
368	981
369	653
369	958
370	483
370	651
370	738
372	437
372	598
372	693
372	740
372	794
373	384
373	438
373	484
373	513
373	573
373	620
373	646
373	650
373	651
373	714
373	728
373	763
373	775
373	835
373	859
373	877
373	882
373	917
373	924
373	969
374	413
374	502
374	516
374	640
374	996
375	547
375	841
375	848
375	924
376	406
376	443
376	444
376	510
376	513
376	518
376	544
376	581
376	711
376	729
376	741
376	801
377	514
377	583
377	707
377	818
377	821
377	947
378	401
378	464
378	488
378	608
378	639
378	728
378	753
380	432
380	516
380	531
380	547
380	564
380	660
380	672
380	682
380	698
380	708
380	718
380	877
381	490
381	506
381	703
381	731
381	803
381	817
381	826
381	866
382	542
382	555
382	711
382	719
382	722
382	801
382	834
382	940
382	944
383	819
384	404
384	620
384	644
384	722
384	784
384	872
384	897
384	944
385	411
385	464
385	508
385	588
385	691
385	708
385	852
385	885
386	656
386	708
386	841
386	869
386	893
386	967
387	450
387	512
387	581
387	682
387	782
387	842
387	897
387	899
388	634
388	749
388	911
388	958
389	441
389	453
389	493
389	537
389	728
389	759
389	917
390	442
390	444
390	445
390	465
390	539
390	624
390	656
390	688
390	741
390	754
390	779
390	807
390	829
390	846
390	874
390	966
391	512
391	513
391	683
391	688
391	696
391	765
391	828
391	882
391	939
391	951
391	979
392	681
392	795
392	873
392	889
392	917
392	918
392	971
393	411
393	445
393	475
393	541
393	604
393	695
393	708
393	842
393	894
393	954
393	998
394	414
394	511
394	692
394	734
394	745
394	931
395	489
395	567
395	643
395	737
395	885
395	905
396	419
396	661
396	860
396	977
396	996
397	785
397	913
398	400
399	423
399	506
399	519
399	527
399	564
399	576
399	582
399	631
399	758
399	771
399	926
400	437
400	833
401	464
401	495
401	568
401	579
401	621
401	638
401	690
401	763
401	902
401	955
401	971
402	681
402	965
402	992
403	409
403	633
403	721
403	773
403	962
404	457
404	551
404	580
404	616
404	646
404	752
404	799
404	885
404	932
404	953
404	963
404	984
405	422
405	671
405	734
406	443
406	444
406	450
406	486
406	504
406	585
406	676
406	743
408	425
408	462
408	471
408	509
408	553
408	564
408	677
408	695
408	811
409	674
410	441
410	469
410	613
410	727
410	760
410	917
410	957
410	985
411	580
411	603
411	683
411	733
411	741
411	753
411	846
411	998
411	999
412	422
412	448
412	517
412	647
413	471
413	673
414	631
414	703
414	767
415	456
415	464
415	532
415	554
415	569
415	626
415	750
415	796
415	825
416	464
416	468
416	480
416	533
416	643
416	697
416	787
416	905
416	910
416	952
416	975
416	984
417	484
417	537
417	563
417	646
417	691
417	698
417	735
417	736
417	910
418	880
419	581
419	977
419	982
421	774
421	781
421	803
421	852
421	874
421	892
422	680
422	716
422	871
422	994
423	578
423	742
423	804
423	862
423	896
423	927
423	960
424	448
424	508
424	554
424	567
424	605
424	807
424	905
424	941
425	535
425	628
425	645
425	692
426	481
426	486
426	696
426	728
426	741
426	743
426	753
426	784
426	795
426	802
427	447
427	878
428	574
428	589
428	896
429	558
429	587
429	603
429	616
429	775
429	919
429	955
429	983
430	536
430	578
430	595
430	660
430	696
430	811
430	817
430	855
430	888
431	476
431	558
431	579
431	616
431	660
431	686
431	705
431	727
431	740
431	866
431	882
432	502
432	661
432	682
432	688
432	754
433	562
433	570
433	958
435	965
436	701
436	841
436	976
437	598
437	906
438	510
438	557
438	612
438	618
438	636
438	718
438	779
438	877
438	939
439	464
439	503
439	606
439	624
439	641
439	697
439	778
440	735
440	760
440	870
440	932
440	963
441	514
441	681
441	698
441	728
441	814
441	818
441	832
441	870
442	490
442	506
442	535
442	536
442	630
442	631
442	636
442	643
442	803
442	807
442	986
443	602
443	651
443	669
443	811
443	828
443	917
443	932
443	966
443	983
444	453
444	486
444	512
444	530
444	590
444	836
444	916
444	932
444	954
445	510
445	585
445	655
445	678
445	683
445	718
445	743
445	936
446	516
446	799
446	826
446	915
447	754
448	938
449	508
449	550
449	618
449	636
449	641
449	642
449	713
449	826
449	851
449	855
449	889
449	960
449	986
450	486
450	504
450	676
450	823
450	835
450	930
450	939
451	699
451	836
451	951
452	587
452	753
452	895
453	455
453	526
453	631
453	781
453	842
453	861
453	953
453	976
453	999
454	572
454	577
454	578
454	588
454	638
454	660
454	731
454	804
454	885
454	896
455	531
455	547
455	678
455	729
455	772
455	828
455	894
455	929
456	786
456	941
456	945
456	981
457	483
457	743
457	744
457	832
457	944
458	542
458	602
458	634
459	609
459	820
460	489
461	578
461	907
461	941
462	507
462	678
462	844
462	869
462	919
462	976
463	857
464	476
464	514
464	566
464	651
464	955
465	631
465	656
465	842
465	860
465	896
465	898
465	980
466	488
466	871
466	933
467	551
467	795
467	971
468	476
468	637
468	789
468	825
468	868
468	883
469	482
469	583
469	668
469	760
469	889
470	636
470	669
470	708
470	729
470	919
470	983
471	475
471	596
471	732
471	794
471	861
472	822
473	895
474	626
474	773
475	588
475	758
475	876
475	969
476	503
476	603
476	641
476	742
476	788
476	804
476	890
476	896
477	698
477	812
478	558
478	669
478	722
478	746
478	775
478	857
479	559
479	726
479	900
479	902
479	911
480	533
480	727
480	789
480	868
481	483
481	525
481	579
481	605
481	731
481	738
481	953
481	955
482	599
482	644
482	735
483	484
483	540
483	563
483	580
483	584
483	624
483	634
483	651
483	698
483	731
483	736
484	587
484	624
484	768
484	814
484	916
485	518
485	573
485	681
485	689
485	711
485	735
485	749
485	763
485	801
485	814
485	828
486	507
486	544
486	584
486	765
486	936
486	951
487	601
487	766
487	787
487	793
488	601
488	925
489	813
490	506
490	543
490	605
490	616
490	642
490	804
490	969
491	577
491	623
491	765
491	862
491	980
491	986
493	520
493	638
493	711
493	899
493	914
493	953
493	955
494	588
494	595
494	685
494	733
494	803
494	826
495	525
495	619
495	767
495	830
495	960
497	995
498	519
498	617
498	867
499	858
499	961
501	726
501	917
502	509
502	576
502	702
502	756
502	776
502	936
503	605
503	611
503	621
503	750
503	778
503	811
504	602
504	669
504	841
504	854
504	924
505	831
505	926
506	594
506	611
506	631
506	636
506	642
506	643
506	705
507	571
507	590
507	669
507	844
507	869
508	551
508	569
508	642
508	705
508	826
508	905
508	934
508	943
509	629
509	648
509	829
509	867
509	873
510	513
510	576
510	672
510	682
510	718
510	969
511	534
511	594
511	692
511	740
511	745
512	541
512	584
512	612
512	676
512	743
513	580
513	585
513	638
513	660
513	722
513	778
513	924
513	966
513	983
514	722
514	810
514	818
514	830
514	832
514	984
516	557
516	776
516	808
517	716
517	737
518	563
519	582
519	630
519	648
519	677
519	756
519	939
520	606
520	716
520	839
520	884
521	959
522	541
522	544
522	565
522	618
522	623
522	625
522	678
522	683
522	699
522	702
522	776
522	781
522	836
522	892
522	983
523	534
523	535
523	577
523	686
523	691
523	695
523	699
523	863
523	980
525	558
525	591
525	605
525	637
525	660
525	697
525	883
525	910
525	960
525	969
526	587
526	681
526	719
526	795
526	903
527	648
527	675
527	771
527	799
527	926
528	540
528	554
528	685
528	703
528	723
528	865
528	905
528	966
529	559
529	666
529	930
529	957
529	961
530	544
530	577
530	630
530	819
530	860
530	861
530	939
530	983
531	576
531	595
531	636
531	702
531	718
531	776
531	837
531	848
531	966
532	611
532	727
532	741
532	766
533	871
534	695
534	799
534	842
534	852
534	926
535	808
535	988
536	574
536	611
536	825
536	896
536	907
536	960
536	981
537	563
537	668
537	714
537	753
537	818
537	849
537	851
537	901
537	902
537	908
538	575
538	794
539	607
539	650
539	714
539	821
539	832
540	698
540	917
541	595
541	809
541	861
541	892
541	921
541	937
542	603
542	683
542	741
542	744
542	870
542	902
542	985
543	696
543	757
544	589
544	652
544	672
544	746
544	774
544	815
544	924
544	928
544	943
545	581
545	906
545	937
545	976
546	744
547	557
547	746
547	775
547	807
547	937
548	628
549	935
549	936
550	603
550	611
550	631
550	683
550	765
550	784
550	852
550	917
550	929
550	979
550	980
550	986
550	998
551	606
551	638
551	685
551	750
551	811
551	829
551	830
551	899
551	948
551	975
552	947
553	582
553	617
553	752
553	829
553	926
554	605
554	734
554	868
554	883
554	888
554	899
554	941
555	563
555	615
555	666
555	911
555	913
555	954
555	957
556	751
557	636
557	682
557	693
557	765
557	861
558	685
558	815
558	842
558	908
558	927
558	944
558	966
559	911
559	936
559	961
560	912
560	996
561	586
561	604
561	609
561	660
561	685
561	719
561	903
561	969
562	722
562	762
562	854
562	857
563	619
563	668
563	818
563	832
563	889
564	628
564	921
564	926
565	691
565	765
565	815
565	842
565	939
566	609
566	818
566	872
566	890
566	910
566	948
566	984
567	569
567	586
567	952
568	579
568	580
568	651
568	793
568	804
568	851
568	865
568	984
570	954
571	627
571	823
571	982
572	637
572	822
573	602
573	676
573	714
573	943
574	660
574	734
574	771
574	799
574	817
576	582
576	595
576	623
576	629
576	641
576	677
576	776
576	879
576	919
576	928
576	976
577	612
577	677
577	688
577	696
577	741
577	752
577	888
577	892
578	605
578	700
578	892
578	969
579	738
579	783
579	802
579	868
579	955
580	585
580	652
580	852
580	892
581	612
581	779
581	801
581	946
582	612
582	617
582	648
582	705
582	837
582	935
582	956
582	979
583	707
584	585
584	743
584	765
584	828
584	859
584	916
584	943
584	954
584	983
585	815
585	828
585	859
585	939
585	951
586	593
586	700
586	740
586	941
586	997
587	651
587	711
587	768
587	796
587	917
588	942
588	975
589	642
589	650
589	705
589	862
589	892
589	896
589	936
589	945
590	739
591	597
591	604
591	611
591	619
591	699
591	851
591	855
591	903
591	905
591	975
592	680
592	737
592	839
593	680
593	938
593	989
594	617
594	641
594	643
594	692
594	874
595	643
595	723
595	740
595	754
595	758
595	811
595	852
596	737
596	798
596	905
596	995
597	605
597	616
597	655
597	674
597	750
597	757
597	855
597	927
597	999
599	610
600	922
600	989
601	713
601	787
601	907
602	676
602	691
602	702
602	736
602	763
602	835
602	932
602	954
602	983
603	621
603	641
603	642
603	696
603	852
603	855
603	892
603	894
603	919
603	927
603	999
604	605
604	660
604	672
604	703
604	742
604	778
604	825
604	898
605	619
605	686
605	731
605	783
605	898
606	750
606	775
606	788
606	855
606	888
607	632
607	759
607	883
607	990
608	632
608	697
608	759
608	783
608	810
608	947
608	948
609	719
609	750
609	908
609	933
611	616
611	643
611	651
611	665
611	703
611	757
611	784
612	640
612	779
612	835
612	860
612	936
612	977
613	726
613	785
613	854
613	900
614	801
616	639
616	658
616	765
616	804
616	808
616	825
616	846
616	877
616	903
616	986
616	989
617	656
617	692
617	695
617	803
617	809
617	921
618	699
618	702
618	857
618	894
618	999
619	766
619	868
619	969
620	644
620	714
620	728
620	814
620	872
620	897
620	985
621	626
621	637
621	639
621	790
622	628
622	645
622	864
623	631
623	641
623	643
623	764
623	807
623	811
623	828
623	905
623	981
624	652
624	677
624	741
624	815
624	859
624	896
624	979
624	980
625	823
625	893
626	713
626	781
626	789
626	863
626	969
627	710
627	730
629	816
630	693
630	733
630	752
630	790
630	828
630	956
630	988
631	636
631	640
631	642
631	892
632	674
633	802
634	650
634	652
634	763
634	814
634	815
634	859
634	953
634	954
635	639
635	675
635	764
635	838
636	695
636	781
636	803
636	921
638	738
638	777
638	855
638	877
638	896
638	914
639	740
639	742
639	746
639	770
639	808
639	934
640	669
640	844
640	906
641	665
641	799
641	981
642	804
642	837
642	862
642	896
642	918
643	753
643	758
643	772
643	955
644	711
644	714
644	917
644	933
645	921
645	968
646	651
646	676
646	728
646	753
646	854
646	897
646	932
646	963
646	966
647	922
648	693
648	754
648	771
648	921
648	924
648	936
650	678
650	741
650	815
650	828
650	836
650	851
650	859
650	870
650	894
650	939
650	963
651	714
651	719
651	832
652	660
652	669
652	929
652	940
652	996
653	881
655	656
655	665
655	699
655	702
655	811
655	846
655	896
655	903
655	979
655	983
656	677
656	776
656	914
656	937
656	980
658	864
658	891
660	676
660	696
660	783
660	855
660	975
661	756
661	936
661	977
662	915
663	968
665	691
665	783
665	796
665	803
666	726
666	801
668	990
669	819
669	835
669	836
669	860
669	937
669	954
669	967
672	702
672	708
672	718
672	828
672	867
672	939
674	727
674	778
674	793
674	910
675	764
675	770
675	790
675	909
676	836
676	861
676	892
677	829
677	892
678	792
678	811
678	936
679	690
680	839
681	690
681	750
681	783
681	784
681	832
681	984
682	869
682	874
683	743
683	746
683	846
683	894
683	980
684	805
685	696
685	740
685	796
685	921
685	927
685	953
685	984
685	999
686	705
686	713
686	885
686	917
686	919
686	969
686	986
688	756
688	779
688	926
690	719
690	750
690	783
690	795
690	802
690	910
690	984
691	770
691	807
692	771
692	786
695	752
695	809
695	829
696	765
696	829
696	899
696	937
696	955
697	783
697	851
697	903
697	914
697	927
697	955
698	784
698	882
698	916
698	917
699	809
699	980
700	703
700	717
700	742
700	995
701	729
702	746
702	861
702	972
703	734
703	786
703	825
703	868
703	941
703	997
704	947
705	796
705	803
705	817
705	829
705	874
705	891
707	830
708	776
708	809
708	882
708	894
708	921
708	979
708	983
711	714
711	719
711	728
711	733
711	812
711	832
711	943
711	963
713	871
714	731
714	738
714	830
714	888
714	889
718	924
718	967
719	765
719	897
719	981
720	959
721	787
721	789
721	883
722	743
722	765
722	801
722	814
722	929
722	932
722	954
722	983
723	817
723	945
724	850
725	791
727	766
727	767
727	974
728	783
728	944
728	966
729	835
730	964
731	740
731	788
731	796
731	803
731	804
731	807
731	817
731	862
733	781
733	815
733	861
733	944
734	796
734	825
734	871
735	736
735	830
735	944
736	744
736	760
736	821
737	791
737	931
737	989
738	783
738	821
738	834
738	883
738	953
739	823
739	848
739	936
740	842
740	934
741	744
741	776
741	869
741	872
741	932
741	942
742	766
742	795
742	862
742	952
742	960
742	986
742	998
743	754
743	932
743	939
743	940
743	946
743	966
744	763
744	844
744	894
744	900
744	951
745	771
745	786
746	760
746	842
746	857
746	943
746	944
746	946
747	823
747	853
749	801
749	916
749	932
749	940
750	783
750	818
750	873
750	927
750	947
751	868
752	837
753	902
753	963
753	984
754	936
755	773
755	948
757	759
757	851
757	863
757	871
758	786
758	803
758	804
758	811
758	921
758	926
759	777
760	763
760	854
762	958
762	991
763	818
763	916
763	960
763	999
764	790
765	774
765	937
765	943
765	966
766	883
768	830
768	948
768	984
770	874
770	988
773	777
773	795
773	865
774	837
774	936
774	943
775	814
775	859
775	895
775	902
775	975
775	997
776	921
776	977
776	981
777	889
777	951
778	825
778	855
779	807
779	842
779	855
779	877
779	894
779	999
781	837
781	842
781	861
781	903
781	986
782	920
783	855
783	888
783	971
784	855
784	872
784	882
784	897
788	796
788	865
788	877
788	902
788	975
789	975
791	938
793	925
795	865
795	896
795	918
795	948
796	941
796	997
798	995
799	808
799	919
799	931
801	844
801	870
801	954
801	958
802	901
802	984
803	809
803	899
803	934
804	808
804	885
804	905
805	816
805	864
806	974
807	809
807	828
807	846
807	870
807	871
807	986
808	934
809	829
809	980
810	895
810	918
811	925
811	952
812	908
813	850
813	987
814	897
815	873
815	894
815	924
815	943
816	915
817	960
818	963
821	940
821	983
823	920
823	982
825	855
825	871
826	953
827	886
828	929
834	940
835	857
835	932
835	940
835	943
835	944
836	929
836	946
836	951
837	862
837	892
837	921
841	844
841	921
841	977
842	887
842	899
842	903
842	941
844	848
844	859
846	936
846	966
846	983
848	926
850	987
851	883
851	894
851	908
851	971
851	984
853	972
853	982
854	917
855	894
855	953
855	955
855	999
857	869
858	916
858	930
858	991
859	882
859	955
861	869
861	882
861	924
862	894
862	934
863	918
866	903
866	952
866	989
866	998
869	874
869	976
872	914
872	955
874	996
877	882
877	919
877	953
883	925
883	955
884	989
885	997
887	909
888	975
888	979
891	922
894	943
894	999
895	908
896	899
897	940
899	903
899	927
899	953
900	901
900	971
903	953
903	999
905	931
905	945
905	975
912	921
914	940
914	984
914	998
916	940
916	954
917	940
917	985
920	978
922	975
924	939
927	981
929	954
931	952
931	960
934	988
937	981
939	969
939	976
940	944
941	960
943	954
943	967
946	961
947	948
947	975
954	963
955	986
960	969
963	990
966	983
977	991
979	981
983	999
