0	22
0	134
0	163
0	361
0	417
0	671
0	720
0	723
0	789
0	843
1	56
1	58
1	108
1	236
1	312
1	313
1	438
1	459
1	531
1	552
1	751
1	825
1	829
1	899
1	912
1	986
1	995
2	25
2	670
2	837
2	975
3	117
3	164
3	284
3	295
3	305
3	349
3	370
3	390
3	469
3	592
3	793
3	832
3	934
4	49
4	158
4	296
4	576
4	808
4	819
4	959
5	43
5	82
5	821
5	942
6	19
6	235
6	311
6	429
6	486
6	514
6	525
6	534
6	554
6	597
6	650
6	662
6	695
6	781
6	810
6	845
6	869
6	969
6	971
6	986
7	234
7	304
8	86
8	115
8	242
8	409
8	485
8	589
9	69
9	90
9	110
9	178
9	201
9	235
9	388
9	463
9	492
9	525
9	618
9	663
9	676
9	825
9	899
9	925
9	954
9	986
10	60
10	83
10	156
10	248
10	280
10	302
10	349
10	370
10	616
10	832
10	840
10	956
11	140
11	358
11	463
11	555
11	618
11	644
11	649
12	29
12	36
12	56
12	128
12	244
12	328
12	455
12	497
12	508
12	560
12	590
12	703
12	721
12	724
12	744
12	762
12	788
12	840
12	896
12	914
13	82
13	336
13	368
13	423
13	433
13	538
13	633
13	736
13	998
14	576
14	724
14	748
14	905
15	19
15	223
15	648
15	936
16	128
16	242
16	375
16	485
16	523
16	570
16	856
16	893
17	18
17	113
17	238
17	250
17	337
17	545
17	600
17	617
17	689
17	805
17	935
17	968
18	188
18	204
18	265
18	276
18	329
18	359
18	366
18	457
18	590
18	615
18	639
18	710
18	721
18	754
18	937
19	142
19	285
19	431
19	492
19	516
19	593
19	613
19	628
19	642
19	686
19	692
19	695
19	764
19	820
19	834
19	839
20	471
20	490
20	531
20	580
20	697
20	714
20	745
20	810
20	883
20	991
21	46
21	340
21	413
21	605
22	205
22	325
22	377
22	426
22	601
22	796
23	125
23	132
23	151
23	167
23	204
23	235
23	389
23	569
23	623
23	626
23	674
23	684
23	699
23	717
23	744
23	745
23	783
23	817
23	829
23	899
23	948
23	987
23	995
24	625
25	79
25	149
25	156
25	229
25	337
25	824
25	937
26	99
26	175
26	248
26	369
26	370
26	447
26	485
26	536
26	658
26	732
26	792
27	74
27	206
27	354
27	364
27	422
27	433
27	526
27	529
27	559
27	571
27	744
27	774
27	870
27	956
27	959
27	997
28	186
28	277
28	350
28	356
28	392
28	489
28	491
28	533
28	570
28	668
28	730
28	751
28	757
28	792
28	804
28	881
28	899
28	906
28	926
28	941
28	949
29	108
29	125
29	183
29	244
29	391
29	397
29	429
29	438
29	466
29	509
29	552
29	590
29	620
29	631
29	667
29	714
29	725
29	734
29	772
29	879
29	911
29	994
32	482
32	567
33	408
33	414
33	484
33	525
33	583
33	616
34	285
34	301
34	304
34	373
34	669
34	717
34	719
34	768
34	845
34	872
34	913
35	146
35	868
35	902
36	96
36	99
36	154
36	227
36	240
36	263
36	284
36	395
36	447
36	569
36	621
36	639
38	77
38	169
38	437
38	543
38	624
38	665
38	809
38	822
38	855
39	126
39	204
39	241
39	257
39	366
39	706
39	759
39	837
39	880
39	974
40	179
40	193
40	322
40	345
40	437
40	450
40	552
40	644
40	651
40	962
40	967
40	993
41	51
41	52
41	56
41	171
41	187
41	197
41	241
41	394
41	455
41	493
41	511
41	544
41	620
41	631
41	650
41	667
41	741
41	774
41	778
41	854
41	906
41	995
41	999
42	228
42	264
42	315
42	445
42	468
42	497
42	540
42	592
42	734
42	751
42	900
42	912
42	949
42	965
42	985
43	250
45	529
46	605
47	103
47	139
47	228
47	490
47	543
47	697
47	718
47	979
48	54
48	56
48	182
48	206
48	249
48	307
48	321
48	380
48	457
48	497
48	528
48	543
48	575
48	840
48	959
49	210
49	354
49	405
49	841
49	886
49	926
49	991
50	242
50	256
50	372
50	633
50	645
50	865
50	868
50	961
51	64
51	91
51	108
51	210
51	365
51	437
51	518
51	559
51	612
51	654
51	725
51	747
51	779
51	798
51	956
51	969
52	102
52	316
52	371
52	373
52	379
52	449
52	486
52	554
52	563
52	626
52	662
52	664
52	705
52	761
52	820
52	872
52	876
52	909
52	965
53	88
53	564
53	835
53	889
54	64
54	88
54	106
54	116
54	132
54	171
54	280
54	497
54	526
54	576
54	774
54	800
54	983
55	331
55	453
56	132
56	166
56	212
56	742
56	751
56	788
56	854
56	912
56	947
56	956
57	185
57	442
57	604
58	61
58	106
58	247
58	325
58	373
58	514
58	522
58	618
58	623
58	641
58	674
58	681
58	781
58	829
58	899
58	985
59	107
59	135
59	203
59	248
59	451
60	83
60	195
60	208
60	282
60	366
60	739
61	111
61	295
61	325
61	430
61	439
61	630
61	974
61	982
62	114
62	225
62	300
62	397
62	819
63	118
63	129
63	766
64	108
64	225
64	253
64	307
64	455
64	529
64	559
64	703
64	713
64	722
64	738
64	840
64	880
64	956
65	96
65	113
65	122
65	141
65	151
65	164
65	245
65	499
65	519
65	643
65	772
65	918
65	954
66	96
66	110
66	227
66	247
66	264
66	309
66	421
66	530
66	544
66	601
66	615
66	710
66	847
66	937
66	943
66	944
67	80
67	103
67	152
67	157
67	253
67	342
67	432
67	450
67	562
67	705
67	958
68	86
68	93
68	98
68	253
68	256
68	279
68	280
68	703
68	788
69	139
69	155
69	169
69	344
69	345
69	419
69	464
69	525
69	644
69	810
69	952
70	318
70	405
70	437
70	574
70	697
70	845
70	933
70	949
70	979
71	187
71	245
71	250
71	499
71	546
71	658
72	456
72	558
73	97
73	188
73	273
73	379
73	389
73	402
73	440
73	596
73	719
73	872
73	876
74	151
74	328
74	384
74	394
74	469
74	534
74	628
74	667
74	718
74	772
74	791
74	828
74	829
74	862
75	334
75	335
75	414
75	680
75	942
76	616
77	350
77	412
77	444
77	594
77	727
77	933
78	97
78	125
78	197
78	202
78	247
78	285
78	309
78	339
78	345
78	352
78	384
78	431
78	596
78	623
78	679
78	692
78	806
78	890
78	947
78	980
79	476
79	720
79	851
80	431
80	597
80	701
80	952
81	148
81	325
81	568
81	638
81	657
81	710
81	720
81	796
82	505
82	578
82	585
82	930
83	143
83	216
83	300
83	305
83	370
83	404
83	473
83	485
83	500
83	533
83	560
83	569
83	693
83	703
83	732
83	881
83	891
83	906
83	985
84	169
84	318
84	358
84	471
84	597
84	604
84	886
85	934
85	982
86	244
86	253
86	331
86	400
86	491
86	517
86	536
86	592
86	704
86	750
86	879
86	955
87	762
88	210
88	468
88	491
88	508
88	524
88	589
88	742
88	801
88	870
88	881
89	219
89	351
89	434
89	439
89	476
89	937
90	309
90	346
90	350
90	565
90	572
90	626
90	717
90	734
90	736
90	829
90	892
90	899
90	941
90	962
91	501
91	587
92	304
92	403
92	593
92	768
92	839
93	292
93	307
93	494
93	747
93	840
93	916
93	932
94	131
94	161
94	264
94	298
94	323
94	332
94	361
94	470
94	609
94	615
94	630
94	721
94	772
94	923
94	959
94	986
94	996
95	218
95	746
95	796
95	990
96	163
96	309
96	329
96	394
96	457
96	500
96	535
96	558
96	657
96	760
96	935
97	190
97	273
97	298
97	596
97	628
97	715
97	746
97	837
97	878
98	188
98	216
98	225
98	256
98	397
98	405
98	455
98	473
98	491
98	511
98	590
98	650
98	700
98	725
98	734
98	759
98	804
98	810
98	945
98	971
99	315
99	390
99	435
99	447
99	570
99	603
99	647
99	668
99	762
99	790
99	832
100	217
100	258
100	397
100	605
100	802
100	860
101	126
101	230
101	829
101	874
101	970
102	121
102	184
102	226
102	379
102	449
102	504
102	596
102	604
102	613
102	708
102	861
103	210
103	243
103	294
103	402
103	438
103	493
103	646
103	718
103	755
103	759
103	817
103	933
104	243
104	294
104	300
104	402
104	518
104	557
104	709
104	714
104	806
104	813
104	836
104	879
104	989
106	166
106	199
106	201
106	255
106	300
106	354
106	429
106	544
106	592
106	606
106	741
106	817
106	857
106	989
107	281
107	368
107	392
107	404
107	423
107	585
107	704
107	842
107	901
107	959
108	206
108	249
108	313
108	394
108	460
108	541
108	735
108	865
108	971
109	550
110	342
110	459
110	754
110	850
110	892
110	896
111	530
111	642
111	691
112	156
112	190
112	615
112	617
112	657
112	676
112	729
112	764
112	843
113	240
113	255
113	276
113	290
113	337
113	349
113	370
113	399
113	603
113	639
113	668
113	698
113	821
113	976
114	180
114	242
114	258
114	645
115	210
115	865
115	870
115	888
115	961
116	448
116	610
116	750
116	852
116	870
116	932
117	133
117	349
117	399
117	500
117	639
117	658
117	698
117	701
117	724
118	411
118	428
118	446
118	807
119	564
119	624
120	293
120	436
120	442
121	126
121	156
121	265
121	295
121	325
121	530
121	847
121	935
121	943
122	164
122	276
122	284
122	323
122	335
122	391
122	447
122	452
122	535
122	600
122	643
122	721
122	751
122	911
123	148
123	178
123	179
123	257
123	333
123	346
123	371
123	431
123	466
123	468
123	500
123	572
123	913
123	947
124	133
124	241
124	254
124	295
124	399
124	469
124	512
124	592
124	603
124	636
124	658
124	668
124	821
124	887
125	141
125	160
125	186
125	356
125	384
125	450
125	452
125	455
125	468
125	522
125	598
125	862
126	164
126	219
126	284
126	329
126	335
126	337
126	395
126	452
126	466
126	542
126	690
126	698
126	772
126	935
127	385
127	427
127	429
127	564
127	728
127	800
127	827
127	901
127	920
127	932
128	162
128	277
128	320
128	378
128	397
128	508
128	526
128	540
128	557
128	612
128	840
128	902
130	269
130	624
130	629
130	797
131	160
131	372
131	404
131	508
131	639
131	641
131	647
131	900
131	906
131	957
132	151
132	384
132	463
132	509
132	514
132	552
132	569
132	600
132	631
132	646
132	654
132	676
132	699
132	805
132	840
133	138
133	154
133	203
133	280
133	302
133	359
133	400
133	438
133	566
133	730
133	980
134	154
134	178
134	179
134	240
134	309
134	391
134	405
134	470
134	489
134	500
134	544
134	630
134	671
134	710
134	744
134	802
134	804
134	862
134	896
134	912
134	986
135	292
135	570
135	585
136	164
136	167
136	284
136	299
136	314
136	337
136	430
136	519
136	650
136	667
136	772
136	904
136	911
137	756
138	240
138	284
138	333
138	381
138	383
138	395
138	519
138	561
138	643
138	698
138	828
138	935
138	974
139	214
139	289
139	355
139	384
139	444
139	481
139	527
139	543
139	557
139	675
139	755
139	779
139	971
139	985
140	152
140	226
140	463
140	486
140	626
140	656
140	725
140	778
140	781
140	862
140	907
140	924
140	928
140	941
140	952
141	161
141	216
141	290
141	295
141	391
141	468
141	473
141	488
141	550
141	606
141	631
141	668
141	754
141	879
141	925
141	982
141	990
142	184
142	298
142	498
142	552
142	632
142	635
142	742
142	746
143	240
143	284
143	400
143	410
143	422
143	435
143	438
143	485
143	788
143	801
143	821
143	906
145	988
146	242
146	378
146	448
146	588
146	627
146	722
146	788
146	875
147	211
147	440
147	456
147	791
147	857
147	903
148	329
148	447
148	796
148	925
149	191
149	219
149	439
149	546
149	711
149	833
149	915
149	943
150	563
150	586
150	894
150	895
151	166
151	193
151	315
151	417
151	514
151	552
151	590
151	631
151	637
151	641
151	679
151	717
151	751
151	778
151	783
151	829
151	862
151	995
151	999
152	312
152	511
152	525
152	554
152	767
152	909
152	941
152	979
153	206
153	271
153	354
153	526
153	564
153	737
153	817
153	945
154	190
154	271
154	276
154	290
154	466
154	615
154	667
154	673
154	709
154	716
154	723
154	739
154	772
154	925
154	980
155	193
155	212
155	228
155	389
155	654
155	805
155	838
155	947
155	948
155	985
156	359
156	398
156	426
156	470
156	499
156	558
156	600
156	609
156	698
156	735
156	954
156	996
157	169
157	285
157	619
157	664
157	672
157	692
157	697
157	701
157	795
157	820
157	993
158	222
158	313
158	549
158	575
158	860
158	883
158	910
158	978
159	209
159	300
159	312
159	345
159	394
159	493
159	552
159	559
159	564
159	620
159	734
159	755
159	757
159	865
159	959
160	254
160	263
160	306
160	332
160	400
160	438
160	463
160	492
160	508
160	519
160	523
160	533
160	628
160	668
160	771
160	804
160	866
160	887
160	906
160	912
160	954
161	211
161	241
161	264
161	314
161	318
161	361
161	469
161	474
161	565
161	710
161	717
161	729
161	759
161	794
161	806
161	911
161	918
161	980
161	999
162	310
162	354
162	413
162	424
162	453
162	875
162	905
163	226
163	240
163	273
163	388
163	395
163	473
163	572
163	614
163	642
163	660
163	764
163	996
164	190
164	255
164	271
164	314
164	359
164	435
164	498
164	512
164	572
164	636
164	661
164	735
164	866
164	912
164	918
165	212
165	321
165	400
165	457
165	485
165	570
165	803
165	830
166	354
166	429
166	529
166	607
166	681
166	759
166	779
166	836
166	846
166	858
166	965
166	998
167	313
167	323
167	468
167	528
167	552
167	553
167	569
167	825
167	828
167	906
167	925
167	949
167	986
168	663
169	235
169	267
169	285
169	289
169	345
169	444
169	450
169	641
169	644
169	727
169	767
169	805
169	811
169	979
170	330
170	901
171	322
171	356
171	368
171	391
171	468
171	508
171	540
171	590
171	600
171	759
171	804
171	809
171	854
171	945
172	547
172	844
173	321
173	336
173	585
173	777
174	180
174	405
174	875
174	905
175	254
175	280
175	305
175	461
175	583
175	934
175	946
177	595
177	658
177	680
177	848
177	938
178	179
178	247
178	316
178	452
178	599
178	628
178	635
178	637
178	676
178	690
178	693
178	715
178	730
178	850
178	953
178	962
178	987
178	995
179	290
179	317
179	325
179	350
179	377
179	459
179	470
179	695
179	715
179	816
179	828
179	837
179	846
179	913
179	925
179	976
180	776
181	645
181	917
182	199
182	215
182	244
182	364
182	485
182	489
182	517
182	560
182	578
182	603
182	716
182	771
182	790
182	802
182	997
183	245
183	631
183	757
183	793
183	866
183	900
183	906
184	402
184	496
184	683
184	820
184	890
184	925
184	993
185	312
185	663
186	209
186	306
186	356
186	430
186	435
186	452
186	681
186	829
186	854
186	957
187	282
187	976
187	998
188	235
188	247
188	267
188	322
188	379
188	450
188	463
188	598
188	599
188	654
188	663
188	674
188	718
188	727
188	810
188	838
188	869
188	890
188	965
188	995
190	196
190	200
190	255
190	264
190	309
190	469
190	532
190	558
190	630
190	631
190	680
190	772
190	904
190	918
191	199
191	338
191	760
191	847
191	922
191	943
192	194
192	195
192	334
192	682
192	812
192	934
193	206
193	235
193	460
193	556
193	559
193	574
193	644
193	650
193	681
193	684
193	798
193	907
193	947
193	969
194	196
194	408
194	570
194	583
195	408
195	570
195	728
196	328
196	514
196	668
196	998
197	286
197	394
197	421
197	429
197	445
197	490
197	617
197	641
197	684
197	734
197	777
197	933
197	941
197	948
198	577
199	249
199	254
199	361
199	429
199	457
199	469
199	473
199	508
199	571
199	693
199	704
199	710
199	965
199	989
200	253
200	257
200	263
200	314
200	317
200	348
200	395
200	519
200	565
200	630
200	668
200	744
200	772
200	913
200	925
200	996
201	227
201	361
201	429
201	565
201	620
201	677
201	727
201	792
201	865
201	912
201	995
202	290
202	299
202	308
202	469
202	599
202	626
202	628
202	637
202	648
202	656
202	662
202	679
202	695
202	805
202	861
202	892
203	608
203	732
203	814
204	255
204	301
204	309
204	395
204	407
204	441
204	643
204	717
204	911
204	954
205	317
205	346
205	359
205	489
205	715
205	837
206	445
206	589
206	734
206	808
206	879
206	888
206	972
207	276
207	305
207	461
207	512
207	658
207	730
207	790
207	812
207	994
208	230
208	551
208	578
208	830
208	858
209	244
209	259
209	271
209	277
209	307
209	481
209	532
209	552
209	557
209	734
209	755
209	771
209	788
209	819
209	821
210	236
210	286
210	294
210	315
210	369
210	477
210	511
210	531
210	552
210	556
210	590
210	740
210	742
210	755
210	801
211	265
211	286
211	299
211	431
211	571
211	662
211	674
211	687
211	693
211	744
211	789
211	791
211	838
211	880
211	907
212	236
212	311
212	339
212	371
212	419
212	464
212	618
212	646
212	684
212	699
212	817
212	828
212	854
213	222
213	357
213	432
213	444
213	510
213	567
213	622
213	836
213	838
214	220
214	287
214	311
214	412
214	475
214	604
214	755
214	822
214	826
214	886
215	244
215	375
215	774
215	813
215	856
215	866
216	271
216	277
216	435
216	438
216	485
216	639
216	704
216	721
216	757
216	759
216	790
216	793
216	801
216	846
216	906
217	330
218	267
218	586
218	719
218	940
219	226
219	359
219	417
219	535
220	315
220	355
220	432
220	453
220	540
220	644
220	733
220	852
220	966
222	543
222	575
222	576
222	590
222	733
222	740
222	809
222	813
222	826
222	888
223	431
223	940
225	300
225	356
225	455
225	659
225	737
225	738
225	755
225	800
226	642
226	657
226	679
226	784
227	247
227	254
227	280
227	313
227	515
227	544
227	615
227	667
227	693
227	716
227	726
227	744
227	821
227	849
227	900
227	904
227	982
228	286
228	311
228	318
228	365
228	432
228	646
228	876
228	886
228	947
228	971
229	305
229	335
229	377
229	545
229	643
229	723
230	390
230	466
230	570
230	739
231	426
231	486
231	596
231	618
231	648
231	662
231	695
231	781
232	256
232	357
232	364
232	460
232	493
232	557
232	813
232	855
232	991
233	494
233	536
233	807
233	916
233	927
234	456
234	580
234	597
234	619
234	638
234	767
234	921
235	373
235	419
235	450
235	463
235	478
235	650
235	662
235	754
236	317
236	371
236	380
236	498
236	514
236	531
236	539
236	598
236	854
236	912
236	948
236	987
237	694
238	279
238	301
238	332
238	388
238	403
238	431
238	617
238	839
238	843
238	954
239	243
239	424
239	487
239	527
239	853
240	255
240	276
240	314
240	457
240	488
240	489
240	503
240	512
240	541
240	606
240	689
240	918
241	276
241	301
241	410
241	438
241	630
241	854
242	310
242	448
242	852
242	914
242	932
243	312
243	477
243	496
243	557
243	605
243	675
243	836
243	853
244	378
244	485
244	497
244	736
244	738
244	757
244	759
244	771
244	792
244	840
244	956
245	323
245	334
245	615
247	290
247	301
247	432
247	452
247	468
247	470
247	599
247	650
247	669
247	674
247	717
247	783
247	847
247	912
247	947
248	305
248	332
248	485
248	488
248	505
248	610
248	650
248	702
248	732
248	859
248	866
249	336
249	372
249	445
249	477
249	585
249	612
249	703
249	808
249	825
249	840
249	842
249	881
249	887
249	992
249	999
250	254
250	276
250	280
250	417
250	579
250	615
250	643
250	735
250	859
250	944
250	968
251	342
251	387
251	389
251	539
251	544
251	637
251	700
251	798
251	805
251	845
251	850
251	854
251	892
252	294
252	605
252	841
253	272
253	306
253	455
253	500
253	541
253	606
253	630
253	673
253	710
253	716
253	724
253	728
253	736
253	925
254	280
254	320
254	321
254	391
254	400
254	441
254	489
254	528
254	558
254	596
254	703
254	736
254	904
254	913
254	969
255	276
255	282
255	292
255	337
255	377
255	400
255	441
255	505
255	515
255	606
255	616
255	710
255	866
255	980
256	576
256	714
256	842
256	852
256	865
256	875
256	928
257	504
257	677
257	735
257	823
257	990
258	427
258	733
258	748
260	484
260	874
261	653
263	280
263	284
263	314
263	320
263	757
263	914
263	982
264	284
264	309
264	350
264	361
264	391
264	417
264	498
264	639
264	715
264	794
264	892
265	323
265	335
265	366
265	426
265	495
265	617
265	754
265	795
265	937
265	938
265	943
267	286
267	380
267	463
267	576
267	646
267	663
267	687
267	767
267	810
267	909
267	947
267	969
269	481
270	439
271	300
271	405
271	429
271	489
271	497
271	514
271	713
271	870
271	960
271	997
272	284
272	290
272	348
272	425
272	426
272	430
272	459
272	592
272	658
272	704
272	726
272	862
272	904
272	949
272	965
272	980
272	985
273	285
273	308
273	384
273	695
273	710
273	804
273	954
274	697
274	749
275	325
275	333
275	614
275	648
275	837
275	851
275	954
275	995
276	284
276	306
276	337
276	667
276	693
276	739
276	906
277	307
277	336
277	508
277	509
277	591
277	771
277	801
277	802
277	804
277	945
278	289
278	475
278	496
278	718
278	979
278	987
279	308
279	342
279	425
279	498
279	530
279	579
279	641
279	746
279	919
280	332
280	399
280	461
280	519
280	598
280	630
280	636
280	723
280	725
280	739
280	816
280	866
281	354
281	570
281	738
281	788
281	870
281	893
282	334
282	359
282	377
282	498
282	643
282	677
282	848
282	976
283	297
284	305
284	334
284	410
284	466
284	489
284	668
284	693
284	754
284	772
284	850
284	862
285	379
285	419
285	474
285	486
285	619
285	635
285	662
285	676
285	695
285	778
285	789
285	880
285	907
286	312
286	386
286	387
286	394
286	580
286	662
286	718
286	755
286	781
286	999
287	364
287	453
287	527
287	622
287	651
287	675
287	815
287	836
287	860
288	423
288	433
288	512
288	526
288	560
288	704
288	955
288	972
288	982
289	312
289	358
289	604
289	697
289	778
290	301
290	304
290	530
290	599
290	657
290	676
290	686
290	710
290	729
290	880
290	913
290	947
290	954
291	295
291	333
291	346
291	796
293	444
293	696
293	758
293	952
293	967
294	437
294	469
294	879
294	985
295	325
295	348
295	359
295	396
295	398
295	473
295	542
295	772
295	968
296	477
296	564
297	326
297	360
297	597
298	430
298	470
298	522
298	715
298	729
298	913
298	958
299	315
299	356
299	373
299	430
299	498
299	531
299	637
299	699
299	727
299	808
299	995
300	475
300	559
300	591
300	725
300	819
300	836
300	846
301	333
301	388
301	452
301	592
301	684
301	959
302	616
302	658
303	871
304	521
304	596
304	705
304	863
305	390
305	399
305	426
305	438
305	485
305	515
305	528
305	541
305	754
306	435
306	515
306	592
306	764
306	771
306	896
306	906
307	518
307	526
307	553
307	555
307	591
307	610
307	616
307	728
307	808
307	900
308	388
308	425
308	572
308	579
308	601
308	614
309	434
309	473
309	522
309	601
309	710
309	715
309	996
310	319
310	409
310	413
310	871
310	916
310	917
310	959
310	961
311	387
311	492
311	496
311	531
311	612
311	650
311	692
311	742
311	789
311	817
311	890
311	912
311	947
311	962
311	986
311	995
312	543
312	556
312	654
312	717
312	755
312	770
312	850
312	979
313	315
313	350
313	380
313	514
313	658
313	717
313	806
313	869
313	879
313	941
314	466
314	515
314	710
314	721
314	904
314	986
315	339
315	387
315	445
315	529
315	571
315	654
315	725
315	736
315	755
315	762
315	886
315	887
315	953
316	352
316	464
316	613
316	632
316	635
316	687
316	701
316	844
316	876
316	882
317	636
317	699
317	996
318	534
318	554
318	632
318	767
318	811
318	815
318	822
319	433
319	517
319	858
319	951
320	323
320	333
320	370
320	377
320	400
320	500
320	673
320	693
320	803
320	904
320	944
321	433
321	485
321	505
321	523
321	730
322	365
322	453
322	468
322	492
322	531
322	540
322	612
322	684
322	699
322	740
322	742
322	755
322	798
322	806
322	971
322	999
323	366
323	377
323	430
323	459
323	469
323	522
323	530
323	596
323	668
323	721
323	878
323	891
323	982
325	377
325	381
325	403
325	440
325	623
325	688
325	710
325	764
325	990
326	479
327	749
328	457
328	608
328	621
328	639
328	814
329	341
329	519
329	599
329	615
329	636
329	676
329	735
329	760
329	911
329	937
329	968
330	748
330	756
330	775
330	809
331	448
331	453
331	659
331	718
331	750
331	802
331	835
331	868
332	400
332	429
332	435
332	636
332	685
332	703
332	716
332	736
332	825
332	840
332	869
332	914
332	949
332	995
333	345
333	579
333	789
334	383
334	400
334	452
334	739
335	457
335	561
335	609
335	723
336	356
336	378
336	410
336	423
336	870
336	871
337	398
337	416
337	430
337	441
337	488
337	643
337	729
337	847
337	904
338	416
339	350
339	504
339	574
339	590
339	592
339	628
339	641
339	656
339	662
339	699
339	751
339	986
340	389
340	436
340	475
340	562
340	770
340	845
340	966
341	426
341	535
341	639
341	658
341	682
341	723
341	794
341	911
342	469
342	601
342	671
342	746
342	764
342	851
342	958
344	464
344	478
344	525
344	613
344	681
344	834
344	909
344	966
344	979
345	358
345	486
345	532
345	554
345	727
345	869
345	962
346	425
346	579
346	894
347	363
347	533
347	633
347	724
347	747
348	476
348	563
348	572
348	693
348	760
348	784
348	982
349	499
349	566
349	639
349	726
349	849
350	384
350	470
350	641
350	717
350	892
350	995
351	625
352	373
352	388
352	596
352	604
352	857
354	355
354	475
354	627
354	737
354	742
354	841
354	902
354	905
354	979
355	357
355	358
355	418
355	437
355	490
355	509
355	714
355	727
355	798
355	943
356	571
356	631
356	650
356	757
356	804
356	878
356	918
356	959
356	986
356	997
357	412
357	418
357	465
357	562
357	594
357	860
358	562
358	640
359	535
359	558
359	609
359	617
359	698
359	723
359	796
359	816
359	878
360	480
360	672
360	765
360	831
361	391
361	473
361	488
361	519
361	626
361	631
361	710
361	717
361	721
361	949
363	501
363	766
363	889
363	959
364	529
364	589
364	700
364	842
364	971
365	387
365	412
365	460
365	527
365	565
365	725
365	888
365	948
366	369
366	495
366	503
366	609
366	847
367	605
367	853
368	451
368	517
368	538
368	951
369	404
369	788
369	900
369	997
370	447
370	461
370	523
370	673
370	726
370	732
370	803
370	982
371	419
371	525
371	526
371	597
371	686
371	699
371	781
371	817
371	844
371	907
371	925
371	999
372	405
372	491
372	497
372	590
372	788
372	801
372	808
372	904
372	944
372	955
372	972
372	989
373	386
373	419
373	552
373	626
373	669
373	676
373	692
373	722
373	740
373	781
373	783
373	795
373	839
373	850
373	953
373	996
374	874
375	423
375	483
375	814
375	927
376	497
376	508
376	846
376	866
376	870
376	945
376	980
377	395
377	430
377	558
377	792
377	938
377	968
378	397
378	435
378	659
378	724
379	450
379	692
379	708
379	729
379	795
379	890
379	909
380	387
380	389
380	429
380	460
380	569
380	632
380	674
380	869
380	920
380	965
380	985
381	470
381	476
381	499
381	528
381	615
381	660
382	462
382	640
382	696
383	417
383	441
383	447
383	498
383	542
383	636
383	723
383	764
383	878
383	896
383	996
384	394
384	531
384	626
384	650
384	657
384	699
384	940
385	538
385	748
385	840
386	539
386	554
386	565
386	626
386	810
386	820
386	850
386	987
387	412
387	493
387	676
387	681
387	730
387	869
387	933
387	941
387	948
387	962
388	434
388	601
388	642
388	806
388	837
389	444
389	681
389	947
389	953
390	505
390	570
390	713
391	458
391	532
391	544
391	569
391	689
391	862
391	870
391	896
391	918
391	961
392	507
392	537
392	901
394	405
394	429
394	445
394	514
394	551
394	559
394	644
394	654
394	699
394	798
394	842
394	949
394	986
394	999
395	489
395	544
395	558
395	617
395	706
395	760
395	821
395	968
395	990
396	404
396	772
396	816
397	415
397	627
397	733
397	770
397	800
397	808
397	969
398	426
398	519
398	615
398	617
398	690
398	816
398	891
398	975
398	982
399	435
399	499
399	595
399	840
399	859
400	452
400	485
400	512
400	566
400	666
400	739
400	812
400	856
400	911
401	763
401	873
401	902
402	664
402	701
402	705
402	767
402	851
403	440
403	746
403	880
404	423
404	433
404	441
404	536
404	585
404	685
404	750
404	856
404	859
405	413
405	452
405	455
405	529
405	591
405	654
405	681
405	700
405	921
405	946
407	459
407	513
407	546
407	609
407	653
407	660
407	816
407	943
408	566
408	583
408	997
409	901
410	435
410	438
410	578
410	598
410	693
410	728
410	732
410	759
410	912
410	959
410	960
411	578
411	766
411	870
412	464
412	473
412	532
412	602
412	605
412	733
412	737
412	779
412	860
412	865
413	518
413	557
413	647
413	750
413	841
413	853
413	855
413	868
413	977
414	550
415	494
415	605
415	624
415	675
415	809
416	973
417	470
417	690
417	706
417	715
417	717
417	837
417	911
417	940
418	737
418	979
419	486
419	514
419	623
419	695
419	767
419	876
420	517
420	573
420	946
421	495
421	522
421	643
421	872
422	589
422	762
422	814
422	852
422	870
422	914
422	957
422	972
423	871
423	916
424	607
424	627
424	733
424	755
425	516
425	572
425	579
425	851
426	530
426	668
426	848
426	918
426	935
427	555
429	469
429	590
429	606
429	612
429	631
429	662
429	725
429	734
429	846
429	854
429	912
429	914
429	961
429	965
429	991
430	466
430	492
430	522
430	669
430	744
430	754
430	837
431	596
431	601
431	638
431	690
431	828
431	843
431	847
432	493
432	574
432	626
432	687
432	742
432	751
432	838
432	865
433	524
433	536
433	564
433	621
433	713
433	790
433	856
433	916
434	768
434	872
434	880
435	508
435	532
435	603
435	715
435	726
435	739
435	786
435	846
435	870
435	881
435	887
436	442
436	562
436	665
437	518
437	602
437	605
437	740
437	742
437	770
437	909
437	986
438	512
438	517
438	592
438	606
438	639
438	693
438	887
438	904
439	818
440	579
440	614
440	682
440	844
441	500
441	598
441	639
441	653
441	673
442	594
443	487
443	748
444	641
445	491
445	509
445	591
445	610
445	631
445	654
445	663
445	745
445	829
445	840
445	888
445	979
445	987
446	538
447	512
447	561
447	647
447	658
447	713
447	757
447	774
448	524
448	557
448	675
448	722
448	742
448	774
448	821
448	840
448	871
449	580
449	705
449	863
450	486
450	554
450	648
450	683
450	993
451	502
451	566
451	585
452	469
452	504
452	586
452	590
452	736
452	762
452	772
452	794
452	796
452	878
453	540
453	553
453	564
453	607
453	622
453	928
453	986
454	712
455	725
455	774
455	804
455	945
455	965
455	996
456	516
456	642
456	752
456	922
457	739
457	849
458	512
458	588
458	589
458	603
458	803
458	812
458	827
459	470
459	523
459	541
459	598
459	620
459	668
459	687
459	772
459	825
459	925
459	954
460	477
460	509
460	526
460	539
460	557
460	733
460	742
460	789
460	801
460	852
460	961
460	997
461	666
461	790
461	859
462	471
462	478
462	805
463	531
463	534
463	539
463	641
463	687
463	708
463	817
463	829
463	862
463	880
463	948
464	805
464	953
464	962
464	991
465	929
466	515
466	523
466	600
466	630
466	703
466	710
466	793
466	794
467	485
467	678
468	469
468	514
468	522
468	525
468	544
468	631
468	674
468	676
468	714
468	725
468	751
468	817
468	974
469	542
469	565
469	569
469	598
469	754
469	846
469	953
469	999
470	522
470	569
470	744
470	828
470	965
471	651
471	967
473	544
473	689
473	739
473	825
473	904
473	999
474	586
474	692
474	717
475	543
475	576
475	602
475	644
475	733
475	779
475	797
475	819
476	609
476	707
476	787
476	796
477	511
477	529
477	576
477	699
477	742
477	755
477	798
477	813
477	819
477	822
478	496
478	531
478	554
478	876
478	883
478	909
478	993
480	758
481	491
481	540
481	605
481	607
481	813
481	819
481	841
481	875
481	926
482	675
482	826
484	616
484	743
484	938
485	757
485	793
485	858
485	961
485	985
485	994
486	580
486	593
486	637
486	778
486	781
486	789
486	805
486	810
486	820
487	901
488	515
488	566
488	595
488	621
488	693
488	709
488	739
488	911
489	523
489	528
489	532
489	693
489	716
489	726
489	736
490	555
490	838
490	885
491	591
491	750
491	771
491	805
491	868
491	961
492	493
492	531
492	649
492	687
492	745
492	805
492	806
492	938
492	996
493	509
493	529
493	556
493	574
493	740
493	745
493	847
493	869
493	879
494	524
494	610
494	901
494	908
495	504
495	566
495	682
495	764
495	794
495	837
495	975
496	664
496	795
497	522
497	654
497	685
497	708
497	747
497	801
497	969
498	689
499	595
499	723
499	848
499	849
499	935
500	532
500	739
500	793
500	840
501	773
503	535
503	688
503	721
503	794
503	891
503	911
503	976
504	614
504	642
504	687
504	791
505	541
505	621
505	821
505	900
505	906
507	607
508	576
508	606
508	759
508	771
508	798
508	801
508	959
509	559
509	565
509	650
509	704
509	714
509	724
509	725
509	740
509	850
510	855
511	540
511	556
511	808
511	842
511	969
512	704
512	871
513	666
514	574
514	641
514	674
514	684
514	700
514	742
514	806
514	854
514	887
515	739
515	772
515	944
515	960
516	597
516	649
516	758
516	838
516	890
517	866
518	543
518	557
518	722
518	779
518	800
518	852
518	928
519	522
519	558
519	615
519	698
519	704
519	754
519	842
519	906
519	911
519	974
520	747
520	766
521	898
522	532
522	599
522	609
522	669
522	717
522	843
522	854
522	892
523	536
523	673
523	703
523	732
523	859
523	881
523	986
524	747
524	771
524	801
525	619
525	626
525	641
525	684
525	778
525	825
525	829
525	986
526	685
526	725
526	733
526	788
526	809
526	813
526	842
526	945
527	607
527	675
528	693
528	726
528	788
528	887
528	904
528	914
528	997
529	607
529	770
529	808
529	912
529	969
529	985
530	546
530	558
530	682
530	711
530	937
530	976
531	613
531	620
531	687
531	747
531	844
531	948
531	992
532	606
532	700
532	717
532	734
532	825
532	828
532	846
532	863
532	892
532	946
533	603
533	693
533	871
533	957
534	574
534	733
534	742
534	805
534	879
534	962
534	985
535	609
535	615
535	621
535	668
535	682
535	706
535	796
535	837
535	849
535	973
536	771
536	777
536	807
536	960
536	980
537	538
537	916
538	587
538	610
538	753
538	769
538	901
538	905
539	569
539	650
539	654
539	727
539	745
539	811
539	817
539	822
539	845
539	850
539	882
539	890
539	948
539	969
540	557
540	650
540	700
540	734
540	755
540	774
540	865
540	962
540	965
541	630
541	639
541	655
541	668
541	849
542	598
542	639
542	693
542	706
542	794
542	881
542	887
542	982
543	576
543	622
543	888
543	965
543	979
544	558
544	598
544	667
544	679
544	693
544	715
544	726
544	828
544	944
544	999
545	670
545	677
545	711
545	975
545	982
546	787
546	915
546	937
547	651
547	705
547	767
547	820
547	834
548	915
549	665
549	939
550	660
551	666
551	713
551	782
551	918
552	556
552	656
552	663
552	667
552	688
552	695
552	717
552	804
552	828
552	829
552	899
552	912
552	949
552	965
552	986
553	588
553	659
553	747
553	769
553	777
553	800
553	801
553	916
554	580
554	618
554	952
555	564
555	627
555	725
555	800
556	646
556	725
556	737
556	740
556	755
556	854
557	605
557	855
557	865
557	928
557	971
558	630
558	689
558	721
558	729
558	772
558	796
558	878
558	911
558	925
559	602
559	740
559	742
559	745
559	759
559	809
560	566
560	673
560	757
560	887
560	900
560	906
561	566
561	643
561	709
561	721
561	744
561	832
563	614
563	671
563	695
563	735
563	806
563	899
563	925
564	622
564	685
564	813
565	631
565	667
565	825
565	843
565	989
566	636
566	658
566	689
566	698
566	713
566	726
566	849
566	893
566	906
566	923
566	942
566	998
567	587
567	770
569	599
569	650
569	684
569	699
569	716
569	854
569	862
569	869
570	647
570	741
570	935
571	620
571	650
571	740
571	745
571	771
571	798
571	804
571	813
571	925
571	947
571	965
571	969
571	985
572	596
572	891
574	681
574	740
574	745
574	755
574	987
575	605
575	627
575	815
575	955
576	800
576	836
576	904
578	728
578	730
578	732
578	803
578	859
578	932
578	994
579	671
579	688
580	597
580	604
580	618
580	637
580	667
580	692
580	839
580	863
582	890
582	921
582	931
583	680
583	994
585	732
585	739
585	858
585	951
585	960
586	768
586	791
587	813
588	631
588	870
589	724
589	730
589	738
589	759
589	870
589	956
589	961
590	631
590	715
590	734
590	774
590	806
590	811
590	842
590	854
590	869
591	734
591	945
592	647
592	657
592	693
592	736
592	878
592	906
592	972
592	999
593	601
593	669
593	687
593	715
593	719
593	789
593	811
593	958
593	993
595	660
595	923
595	938
596	601
596	614
596	648
596	695
596	958
596	974
597	701
597	767
597	863
597	880
598	713
598	838
598	918
599	641
599	662
599	699
599	789
599	892
599	899
599	941
600	636
600	676
600	710
600	713
600	723
600	734
600	862
600	896
600	960
600	982
601	625
601	729
602	718
602	749
602	751
602	770
602	820
603	647
603	693
603	792
603	793
603	896
603	914
605	933
606	612
606	631
606	734
606	945
607	684
607	841
607	928
608	643
608	824
608	830
608	832
609	617
609	688
609	706
609	710
609	847
610	777
611	622
612	693
612	700
612	737
612	788
612	846
612	914
612	999
613	637
613	648
613	664
613	683
613	834
613	839
613	844
613	921
614	671
614	686
614	746
614	958
615	688
615	698
616	680
616	790
617	658
617	698
617	781
617	849
617	918
617	935
618	632
618	637
618	679
618	958
619	674
619	683
619	811
619	882
619	921
620	631
620	684
620	716
620	751
620	829
620	869
620	912
620	949
620	974
621	892
621	896
621	995
622	675
622	749
622	815
622	819
622	860
622	933
623	626
623	628
623	690
623	862
623	944
623	954
623	995
624	841
625	796
625	833
626	751
626	772
626	781
626	837
626	844
626	921
626	941
627	659
627	852
627	875
628	637
628	650
628	746
628	896
628	913
628	954
630	671
630	699
630	755
630	794
630	911
631	855
631	869
631	881
631	945
631	955
632	671
632	767
632	781
632	789
632	791
635	876
635	928
635	952
636	639
636	687
636	713
636	732
636	792
636	821
637	701
637	876
637	899
638	784
638	851
638	872
638	878
638	937
638	996
639	721
639	960
641	734
641	751
641	805
641	806
641	810
641	869
641	941
641	948
641	980
641	987
641	995
642	719
642	784
642	789
643	723
643	803
643	821
643	849
644	684
644	800
644	810
644	845
645	748
646	654
646	745
646	781
646	811
646	887
646	947
647	668
647	673
647	732
647	997
648	882
648	890
649	687
649	883
649	924
650	703
650	722
650	949
650	953
650	969
651	845
651	995
653	707
654	687
654	751
654	829
654	945
654	986
655	743
655	918
656	684
656	761
656	829
656	844
657	690
657	746
658	693
658	709
658	721
658	739
659	724
659	801
660	680
661	691
662	778
662	805
662	810
662	838
662	844
662	861
662	960
662	993
663	745
663	810
663	820
663	936
663	958
663	987
664	683
664	708
664	857
665	696
666	673
667	710
667	829
668	745
668	854
668	887
668	980
668	996
669	676
669	699
669	995
670	691
670	816
670	824
671	706
671	746
671	764
671	783
671	840
671	899
673	858
673	866
673	900
673	914
673	982
674	687
674	717
674	751
674	869
675	826
675	841
675	933
676	823
676	828
676	995
679	789
679	862
679	876
681	805
681	829
681	862
681	912
681	925
681	987
682	688
682	709
682	735
682	743
682	980
683	692
683	839
683	882
684	690
684	808
684	880
684	892
684	948
684	953
685	704
685	724
685	801
685	842
685	914
685	989
686	761
686	778
686	872
686	890
686	958
687	778
687	805
687	876
687	907
687	925
687	995
688	821
688	968
688	989
688	996
689	739
689	896
689	944
690	862
690	892
690	913
691	937
691	963
692	882
692	909
693	716
693	808
693	828
693	982
693	989
693	999
694	834
694	883
694	921
695	746
695	789
695	805
695	820
695	876
695	909
695	971
697	795
697	936
697	947
698	711
698	849
699	721
699	725
699	751
699	862
699	907
699	944
700	808
700	817
700	840
700	969
700	999
701	861
701	890
701	958
702	793
702	994
703	757
703	840
703	957
704	713
704	725
704	750
704	762
704	793
704	871
704	881
704	886
704	932
705	850
705	861
705	921
706	794
706	847
706	849
708	798
708	811
708	820
708	839
708	844
708	907
708	947
709	723
709	754
709	824
710	754
710	968
713	916
714	747
714	750
714	806
714	886
714	912
714	986
715	778
715	798
715	844
715	892
715	974
716	734
716	896
716	957
716	959
717	718
717	789
717	825
717	949
717	954
717	960
718	740
718	863
719	724
719	892
720	833
720	919
721	866
721	970
722	852
722	994
724	757
724	858
724	870
724	961
725	733
725	740
725	879
725	918
725	949
726	821
726	881
726	923
726	925
727	829
729	837
729	840
729	893
729	954
730	762
730	774
730	819
730	956
732	803
732	896
732	900
732	942
732	997
733	815
733	888
733	992
734	751
734	783
734	945
735	793
735	824
736	754
736	804
736	887
736	985
737	813
737	819
737	836
737	977
738	775
738	852
738	853
738	885
738	933
738	956
738	961
739	744
739	969
739	974
739	989
740	741
740	845
740	850
740	879
740	969
741	878
741	941
741	985
742	789
743	923
743	998
744	792
744	825
744	906
744	914
744	968
745	878
745	953
745	987
746	958
747	755
747	800
749	979
750	771
750	914
750	932
750	961
751	762
751	806
751	869
751	904
751	965
752	784
752	897
752	958
754	829
754	848
754	849
754	934
755	778
755	781
755	808
757	840
757	957
759	813
759	887
759	896
759	980
759	999
760	791
760	897
760	922
760	973
762	846
762	946
762	956
762	957
762	965
762	997
764	847
764	891
764	913
765	834
765	845
767	834
767	993
768	851
768	872
768	940
768	958
769	955
770	822
770	865
770	962
771	908
771	914
772	896
772	911
772	938
772	974
774	802
774	840
774	846
774	914
775	972
777	893
778	810
778	944
779	853
779	879
779	885
779	992
781	783
781	805
781	839
781	844
781	880
783	879
783	899
783	907
784	787
787	823
787	919
787	922
788	829
788	911
788	914
788	989
789	850
789	999
791	818
791	839
792	828
792	846
792	887
792	908
792	956
792	997
793	900
794	869
794	944
794	982
795	857
798	825
798	918
800	908
800	920
800	972
801	836
801	914
801	930
801	959
802	972
803	994
803	999
804	912
804	945
804	972
805	947
805	948
805	999
806	892
806	912
806	941
806	945
807	827
807	901
807	930
808	810
808	902
808	961
808	977
809	836
809	888
809	962
809	979
809	991
810	844
810	869
810	913
810	947
811	831
811	936
812	901
812	960
813	949
815	902
816	990
817	941
817	953
817	999
819	888
819	977
821	935
821	944
822	992
823	833
823	937
823	975
825	869
826	966
828	869
828	909
828	999
829	854
829	878
829	941
829	949
829	999
835	902
836	920
837	872
837	937
838	936
838	962
839	844
839	845
839	854
839	921
839	966
840	948
840	959
840	989
841	926
842	886
843	913
843	954
844	845
844	850
844	899
844	941
844	965
844	967
845	947
845	993
848	911
852	865
852	928
852	933
853	885
854	985
855	875
855	926
856	994
857	880
857	958
861	995
863	921
865	888
865	928
866	957
866	959
868	875
869	876
869	880
869	886
869	941
869	948
870	914
870	969
872	996
873	966
876	890
878	949
879	959
879	987
880	907
880	947
880	958
881	887
881	953
881	994
881	997
883	993
886	969
887	896
887	982
890	948
890	958
891	911
892	899
892	954
892	975
892	985
893	900
893	946
896	904
896	918
899	995
900	960
902	926
902	949
904	945
905	959
906	918
907	954
907	995
908	961
909	952
912	949
913	954
913	996
914	945
914	989
915	973
916	920
918	935
918	986
922	968
923	989
925	944
925	999
926	991
934	946
934	970
936	971
937	973
942	970
946	997
948	953
949	995
952	979
954	990
960	997
961	983
965	987
969	980
980	999
982	997
985	986
985	989
985	999
