0	35
0	102
0	208
0	446
0	470
0	569
0	607
0	739
0	807
0	975
1	96
1	161
1	162
1	279
1	416
1	730
1	767
1	807
1	874
1	969
2	25
2	108
2	111
2	156
2	161
2	477
2	509
2	521
2	623
2	660
2	855
2	940
3	963
4	120
4	182
4	209
4	248
4	265
4	450
4	519
4	910
4	926
5	34
5	50
5	58
5	208
5	306
5	325
5	357
5	371
5	573
5	602
5	626
5	656
5	666
5	723
5	778
5	858
5	964
6	257
6	328
6	375
6	523
6	628
6	775
6	904
7	61
7	73
7	209
7	274
7	356
7	422
7	439
7	446
7	619
7	673
7	678
7	742
8	62
8	215
8	347
8	469
8	544
8	684
8	710
8	721
8	771
8	895
9	114
9	268
9	336
9	658
9	775
9	817
9	944
9	952
10	34
10	61
10	113
10	144
10	180
10	385
10	445
10	457
10	490
10	510
10	532
10	550
10	602
10	702
10	781
10	794
10	945
10	963
10	970
11	73
11	131
11	156
11	223
11	296
11	332
11	339
11	446
11	459
11	485
11	499
11	513
11	517
11	549
11	687
11	749
11	784
11	825
11	861
12	46
12	61
12	123
12	156
12	202
12	243
12	361
12	650
12	655
12	802
12	915
13	159
13	191
13	281
13	357
13	492
13	532
13	536
13	542
13	549
13	562
13	578
13	748
13	859
13	923
14	39
14	328
14	382
14	453
14	500
14	537
14	565
14	774
14	840
14	899
15	102
15	126
15	145
15	221
15	256
15	357
15	371
15	416
15	428
15	538
15	597
15	622
15	681
15	791
15	807
16	366
16	657
16	919
16	924
17	677
17	801
17	833
18	173
18	176
18	180
18	198
18	274
18	368
18	449
18	567
18	669
18	684
18	692
18	741
18	793
18	814
19	152
19	185
19	241
19	317
19	585
19	949
19	950
20	245
20	417
20	754
20	987
21	118
21	173
21	210
21	499
21	501
21	581
21	648
21	678
21	802
21	835
21	948
22	68
22	93
22	118
22	164
22	223
22	330
22	350
22	490
22	493
22	623
22	629
22	970
23	116
23	126
23	137
23	208
23	223
23	290
23	319
23	495
23	659
23	692
23	773
23	776
23	788
24	57
24	72
24	90
24	100
24	201
24	654
24	873
25	34
25	94
25	144
25	535
25	537
25	623
25	626
25	662
25	777
26	45
26	108
26	159
26	162
26	185
26	187
26	325
26	413
26	431
26	514
26	548
26	638
26	723
26	770
26	807
26	808
26	826
26	845
26	846
27	49
27	129
27	192
27	827
27	832
27	851
27	881
27	958
28	33
28	68
28	91
28	374
28	397
28	437
28	565
28	721
28	756
28	775
28	797
28	812
28	816
28	826
28	919
29	34
29	35
29	58
29	122
29	188
29	219
29	251
29	319
29	510
29	610
29	777
29	807
29	917
30	68
30	119
30	208
30	261
30	264
30	265
30	267
30	332
30	371
30	439
30	554
30	586
30	597
30	647
30	687
30	743
30	964
31	113
31	220
31	359
31	642
31	649
31	670
31	784
31	825
31	863
32	52
32	54
32	274
32	281
32	425
32	525
32	575
32	629
32	711
32	852
32	879
33	41
33	92
33	142
33	246
33	479
33	505
33	628
33	745
34	53
34	93
34	261
34	326
34	440
34	494
34	625
34	659
34	748
34	892
35	145
35	191
35	216
35	350
35	406
35	452
35	538
35	598
35	778
35	825
35	875
36	422
36	544
36	928
36	958
37	142
37	186
37	298
37	398
37	447
37	591
37	626
37	712
37	792
37	797
37	822
37	851
38	122
38	188
38	283
38	396
38	494
38	866
38	984
39	117
39	129
39	438
39	491
39	519
39	665
39	668
39	688
39	929
39	986
40	185
40	392
40	466
40	468
40	595
40	674
40	740
40	973
41	142
41	154
41	253
41	362
41	682
41	756
41	810
41	812
41	818
41	839
41	983
41	993
42	74
42	137
42	185
42	221
42	266
42	344
42	403
42	455
42	517
42	553
42	587
42	597
42	763
42	779
42	809
42	853
42	886
44	59
44	147
44	155
44	202
44	210
44	224
44	228
44	262
44	293
44	420
44	619
44	752
44	763
44	790
44	812
44	874
44	976
44	988
45	76
45	93
45	221
45	261
45	277
45	310
45	376
45	423
45	430
45	431
45	448
45	475
45	579
45	584
45	593
45	656
45	767
45	791
45	816
45	818
45	999
46	104
46	234
46	292
46	617
46	619
46	624
46	655
46	889
46	915
46	926
47	207
47	261
47	355
47	376
47	386
47	423
47	475
47	529
47	693
47	707
47	773
47	780
47	882
47	914
48	226
48	263
48	441
48	611
48	734
49	284
49	314
49	361
49	366
49	438
49	665
49	680
50	56
50	88
50	96
50	145
50	233
50	277
50	357
50	517
50	535
50	536
50	554
50	562
50	569
50	573
50	597
50	638
50	784
51	73
51	169
51	280
51	785
52	93
52	202
52	223
52	261
52	493
52	578
52	635
52	687
52	768
52	852
52	872
52	889
52	961
52	989
53	63
53	108
53	164
53	321
53	489
53	492
53	494
53	623
53	625
53	632
53	704
53	765
53	901
54	259
54	533
54	564
54	580
54	771
54	852
55	585
55	949
56	59
56	261
56	306
56	423
56	475
56	540
56	649
56	681
56	683
56	914
56	916
56	970
56	983
56	991
57	268
57	295
57	546
57	559
57	708
57	842
58	94
58	122
58	141
58	217
58	219
58	357
58	463
58	512
58	601
58	649
58	688
58	859
59	64
59	315
59	364
59	497
59	661
59	683
59	780
59	812
59	872
59	888
59	918
59	970
60	143
61	210
61	223
61	250
61	281
61	321
61	323
61	660
61	765
61	945
61	970
61	989
62	80
62	101
62	166
62	173
62	274
62	389
62	422
62	436
62	814
62	828
63	88
63	116
63	218
63	289
63	339
63	359
63	373
63	425
63	472
63	488
63	493
63	512
63	558
63	567
63	580
63	779
63	788
63	964
63	965
63	968
64	114
64	382
64	383
64	530
64	588
64	741
64	836
64	853
64	881
65	185
65	221
65	282
65	351
65	357
65	440
65	674
65	706
65	773
65	779
65	807
65	892
66	81
66	89
66	92
66	362
66	420
66	433
66	451
66	498
66	626
66	730
66	735
66	812
66	839
66	860
66	918
67	168
67	359
67	385
67	419
67	566
68	99
68	147
68	157
68	249
68	431
68	460
68	520
68	541
68	664
68	693
68	748
68	763
68	821
68	845
68	918
68	980
69	82
69	253
69	276
69	348
69	476
69	539
69	694
69	962
69	985
70	123
70	173
70	209
70	290
70	445
70	461
70	581
70	693
70	803
70	852
70	859
70	879
71	264
71	386
71	494
71	542
71	549
71	642
71	755
71	875
71	908
71	921
71	923
72	91
72	291
72	298
72	301
72	748
72	848
73	86
73	119
73	210
73	235
73	323
73	354
73	409
73	501
73	579
73	684
73	880
73	926
74	110
74	233
74	373
74	405
74	638
74	767
74	807
75	618
75	963
76	295
76	302
76	343
76	528
76	553
76	723
77	97
77	146
77	259
77	393
78	182
78	293
78	313
78	352
78	407
78	450
78	451
78	680
78	682
78	710
78	764
78	797
78	812
78	953
78	966
78	986
79	634
79	676
79	963
80	98
80	439
80	469
80	655
80	780
80	862
80	948
81	90
81	93
81	274
81	347
81	382
81	429
81	520
81	642
81	702
81	757
81	762
81	831
81	859
81	888
81	918
81	925
82	100
82	273
83	537
83	595
84	131
84	144
84	282
84	290
84	340
84	475
84	538
84	550
84	621
84	755
84	945
85	268
85	334
86	98
86	101
86	340
86	353
86	356
86	360
86	489
86	647
86	655
86	786
86	835
86	872
86	948
88	223
88	224
88	260
88	261
88	265
88	273
88	350
88	364
88	517
88	532
88	549
88	579
88	635
88	788
88	791
88	862
88	894
88	946
89	247
89	313
89	320
89	383
89	532
89	688
89	831
89	836
89	935
89	946
89	960
89	966
89	983
90	114
90	279
90	301
90	341
90	345
90	405
90	434
90	455
90	505
90	516
90	529
90	712
90	756
90	783
90	809
90	822
90	841
90	903
90	906
90	978
91	159
91	269
91	352
91	530
91	593
91	615
91	822
91	841
92	120
92	136
92	260
92	278
92	297
92	328
92	354
92	370
92	377
92	382
92	437
92	530
92	658
92	668
92	671
92	682
92	721
92	790
92	810
92	897
92	922
93	197
93	206
93	218
93	319
93	339
93	384
93	430
93	512
93	521
93	586
93	632
93	656
93	660
93	781
93	787
93	794
93	803
93	852
93	882
94	119
94	123
94	205
94	261
94	290
94	339
94	457
94	520
94	706
94	786
94	859
94	948
95	233
95	357
95	416
95	674
95	869
95	878
96	159
96	233
96	317
96	376
96	461
96	506
96	674
96	690
96	737
96	858
96	950
97	146
97	180
97	342
97	609
97	895
98	146
98	643
99	135
99	181
99	224
99	228
99	271
99	288
99	313
99	336
99	364
99	378
99	391
99	412
99	569
99	584
99	693
99	720
99	756
99	821
99	931
100	231
100	345
100	514
100	730
100	783
100	853
100	897
100	967
101	139
101	168
101	170
101	209
101	439
101	580
101	609
101	626
101	852
102	395
102	662
102	739
103	444
103	471
103	924
104	181
104	410
104	420
104	619
104	664
104	762
104	831
104	898
104	923
104	925
104	960
105	268
105	341
105	374
105	434
105	523
105	615
105	899
105	959
106	143
106	159
106	508
106	522
106	941
107	166
107	213
107	312
107	314
107	410
107	881
108	241
108	255
108	288
108	371
108	376
108	452
108	457
108	492
108	548
108	659
108	733
108	923
109	328
109	479
109	628
109	679
109	748
109	834
110	142
110	172
110	253
110	264
110	337
110	341
110	351
110	465
110	511
110	572
110	584
110	720
110	748
110	791
110	998
111	256
111	273
111	288
111	332
111	381
111	446
111	607
111	625
111	656
111	765
111	777
111	781
111	784
111	787
111	925
113	202
113	208
113	223
113	445
113	512
113	545
113	632
113	704
113	821
113	917
113	961
114	135
114	138
114	224
114	279
114	488
114	530
114	541
114	560
114	614
114	782
114	783
114	873
114	916
114	955
115	406
115	642
115	646
115	670
115	737
115	892
115	949
115	992
116	175
116	180
116	277
116	288
116	306
116	386
116	452
116	492
116	512
116	542
116	548
116	554
116	664
116	818
116	830
116	857
116	862
116	869
116	882
116	965
117	173
117	209
117	304
117	319
117	370
117	409
117	412
117	693
117	778
117	793
117	910
118	141
118	206
118	219
118	463
118	493
118	510
118	512
118	580
118	623
118	659
118	660
118	686
118	693
118	733
118	803
119	156
119	206
119	256
119	304
119	436
119	457
119	520
119	558
119	623
119	625
119	666
119	757
119	769
119	787
119	862
119	961
120	192
120	258
120	264
120	345
120	450
120	734
120	746
120	881
120	910
120	968
121	126
121	197
121	206
121	223
121	601
121	629
121	653
121	689
121	789
122	157
122	206
122	478
122	865
123	154
123	156
123	180
123	247
123	419
123	457
123	477
123	632
123	659
123	742
123	789
123	948
125	190
125	611
125	891
126	145
126	186
126	187
126	470
126	492
126	536
126	541
126	549
126	550
126	554
126	565
126	621
126	646
126	803
126	936
126	969
127	284
127	657
127	851
127	974
127	987
128	170
128	232
128	956
129	244
129	292
129	438
129	441
129	934
130	792
130	884
131	144
131	598
131	662
132	644
132	930
133	140
134	213
134	323
134	365
134	407
134	412
134	467
134	675
134	735
134	798
134	802
134	915
135	221
135	302
135	345
135	348
135	466
135	526
135	587
135	654
135	783
135	816
135	942
136	196
136	429
136	587
136	904
137	208
137	239
137	371
137	542
137	597
137	706
137	723
137	807
137	886
137	892
137	908
138	311
138	391
138	479
138	516
138	584
138	831
139	141
139	156
139	168
139	469
139	477
139	482
139	655
139	729
139	794
139	852
140	464
140	942
141	197
141	206
141	463
141	566
141	777
141	911
142	163
142	278
142	405
142	437
142	479
142	636
142	817
142	831
142	853
142	900
142	902
143	231
144	195
144	282
144	315
144	396
144	510
144	521
144	602
144	623
144	632
144	692
144	769
144	825
144	859
144	877
144	880
144	917
144	992
145	155
145	231
145	237
145	250
145	326
145	371
145	520
145	554
145	569
145	586
145	683
145	692
145	768
145	769
145	778
145	923
145	964
146	169
146	609
146	813
146	889
147	175
147	187
147	223
147	265
147	330
147	423
147	431
147	532
147	763
147	810
147	816
147	821
147	935
148	984
149	152
149	239
149	440
149	458
149	646
149	674
150	239
150	778
150	846
151	219
151	317
151	539
151	587
151	809
151	878
151	949
153	258
153	323
153	409
153	420
153	467
153	497
153	558
153	688
153	714
153	822
153	840
153	978
154	164
154	165
154	315
154	319
154	330
154	493
154	520
154	756
154	757
154	872
154	915
154	928
154	964
154	965
154	992
155	174
155	347
155	581
155	661
155	673
155	882
155	894
155	998
156	310
156	349
156	373
156	439
156	457
156	499
156	580
156	687
156	689
156	711
156	786
156	787
157	281
157	319
157	349
157	436
157	579
157	586
157	660
157	673
157	704
157	880
157	885
157	901
158	237
158	245
158	320
158	365
158	382
158	383
158	420
158	543
158	554
158	561
158	616
158	633
158	683
158	902
159	185
159	188
159	208
159	413
159	492
159	532
159	593
159	597
159	656
159	692
159	786
159	874
159	996
160	263
161	182
161	324
161	384
161	396
161	463
161	472
161	535
161	549
161	617
161	648
161	733
161	755
161	760
161	781
161	825
161	862
161	880
161	901
161	996
162	265
162	306
162	351
162	371
162	475
162	730
162	816
162	873
162	985
163	307
163	699
164	360
164	369
164	439
164	502
164	533
164	581
164	629
164	632
164	678
164	770
164	839
164	926
165	244
165	247
165	325
165	347
165	477
165	489
165	494
165	687
165	741
165	817
165	945
166	235
166	389
166	399
166	751
166	766
166	785
166	833
166	847
166	852
166	957
166	958
167	515
168	575
168	618
168	662
168	803
168	855
169	436
169	609
169	650
169	889
170	235
170	259
170	273
170	280
170	308
170	518
170	711
170	751
170	785
170	958
171	263
172	187
172	231
172	237
172	264
172	336
172	346
172	348
172	397
172	405
172	416
172	429
172	434
172	486
172	588
172	762
172	767
172	840
172	845
172	903
172	916
172	932
173	280
173	361
173	409
173	446
173	678
173	702
173	741
173	814
173	926
174	175
174	209
174	253
174	326
174	358
174	470
174	532
174	664
174	740
174	757
174	768
174	880
174	896
174	931
174	964
175	264
175	311
175	326
175	330
175	333
175	337
175	442
175	498
175	712
175	841
175	955
176	340
176	363
176	533
176	625
176	879
176	885
176	930
179	378
179	429
179	775
179	782
179	792
179	823
179	881
179	965
180	205
180	235
180	814
180	926
180	977
180	994
181	187
181	249
181	250
181	260
181	374
181	383
181	812
181	820
181	845
181	858
181	914
181	946
181	983
182	228
182	245
182	293
182	383
182	450
182	615
182	682
182	745
182	790
182	797
182	834
182	891
182	982
183	608
184	555
184	771
184	956
185	186
185	233
185	468
185	574
185	595
185	706
185	740
185	770
185	878
185	950
186	231
186	291
186	337
186	748
186	809
186	964
186	999
187	264
187	298
187	383
187	397
187	488
187	688
187	857
187	869
187	886
187	946
187	960
188	238
188	267
188	273
188	277
188	304
188	420
188	429
188	445
188	472
188	477
188	490
188	542
188	578
188	649
188	880
188	901
188	989
189	408
189	444
189	715
190	453
190	636
190	714
190	814
190	829
191	195
191	396
191	597
191	607
191	656
191	817
191	892
192	444
192	487
192	545
192	675
192	795
192	829
192	964
192	976
194	233
194	305
194	324
194	428
194	452
194	562
194	598
194	739
194	869
194	903
194	949
195	351
195	452
195	530
195	597
195	660
195	706
195	873
195	992
196	523
196	671
196	871
197	206
197	290
197	304
197	339
197	353
197	359
197	396
197	463
197	510
197	567
197	733
197	778
197	784
197	901
197	917
197	961
198	393
198	469
198	525
198	564
198	650
199	253
199	302
199	311
199	345
199	401
199	942
200	311
200	637
200	713
200	717
200	718
200	732
200	792
200	906
201	228
201	242
201	374
201	591
201	697
201	764
201	808
201	841
201	952
202	217
202	221
202	250
202	260
202	304
202	326
202	376
202	453
202	475
202	488
202	520
202	529
202	532
202	586
202	588
202	763
202	857
202	931
202	996
203	208
203	253
203	370
203	378
203	429
203	498
203	548
203	688
203	778
203	788
203	812
203	932
203	960
203	983
204	290
204	567
204	655
204	825
204	865
205	342
205	360
205	425
205	741
205	843
205	847
206	216
206	238
206	700
206	879
207	209
207	364
207	532
207	647
207	757
207	774
207	812
207	882
207	918
207	964
208	221
208	239
208	261
208	452
208	521
208	542
208	587
208	602
208	621
208	629
208	635
208	638
208	706
208	774
208	791
209	353
209	368
209	412
209	505
209	558
209	579
209	617
209	624
209	741
209	768
209	774
209	889
210	321
210	332
210	347
210	533
210	542
210	894
210	918
211	545
211	614
211	840
211	919
211	934
211	982
212	283
212	547
213	262
213	314
213	362
213	438
213	651
213	655
213	714
213	757
213	824
213	976
214	232
214	312
214	534
214	685
214	751
215	232
215	389
215	436
215	813
215	895
216	432
216	510
216	646
216	865
216	975
217	258
217	277
217	309
217	341
217	345
217	429
217	486
217	498
217	679
217	810
217	886
217	991
217	998
218	385
218	424
218	485
218	567
218	580
218	648
218	660
218	662
218	733
218	781
218	825
218	880
218	946
219	325
219	646
219	695
219	819
220	290
220	538
220	548
220	733
220	961
220	975
221	279
221	443
221	448
221	816
222	981
223	250
223	326
223	371
223	445
223	457
223	492
223	621
223	692
223	693
223	765
223	970
224	228
224	306
224	330
224	413
224	475
224	548
224	647
224	664
224	681
224	683
224	735
224	821
224	998
226	312
226	365
226	421
227	596
227	746
227	824
227	933
228	260
228	262
228	264
228	278
228	370
228	438
228	633
228	683
228	693
228	735
228	745
228	815
228	830
228	932
228	953
228	974
229	246
229	500
229	651
229	671
229	800
229	851
230	311
230	434
231	242
231	303
231	395
231	433
231	448
231	588
231	626
231	664
231	783
231	818
231	952
231	967
232	785
232	847
232	920
232	947
233	255
233	324
233	376
233	704
233	875
234	331
234	361
234	382
234	603
234	636
234	665
234	669
234	977
234	991
234	994
235	501
235	525
235	752
235	801
235	958
237	245
237	247
237	370
237	376
237	412
237	520
237	530
237	543
237	616
237	633
237	669
237	735
237	826
237	983
238	321
238	660
238	666
238	704
238	787
238	901
239	858
239	908
239	985
239	988
241	329
241	355
241	642
241	670
241	846
242	257
242	294
242	301
242	346
242	405
242	442
242	465
242	486
242	572
242	756
242	767
242	806
242	822
242	845
242	986
243	267
243	566
243	601
243	605
243	629
243	653
243	927
244	248
244	398
244	437
244	698
244	714
244	790
244	820
244	832
244	894
245	293
245	313
245	316
245	320
245	362
245	407
245	616
245	714
245	735
245	899
245	976
245	986
246	266
246	345
246	523
247	292
247	362
247	543
247	669
247	680
247	707
247	812
247	918
247	932
247	964
247	978
247	986
248	260
248	383
248	412
248	460
248	669
248	683
248	735
248	826
248	836
248	840
248	910
248	952
249	293
249	505
249	579
249	588
249	633
249	664
249	735
249	780
249	804
249	810
249	817
249	826
249	830
249	932
249	965
249	976
250	325
250	469
250	548
250	579
250	678
250	872
250	923
250	957
250	964
251	878
252	929
253	279
253	337
253	442
253	460
253	530
253	645
253	811
253	952
253	967
255	282
255	296
255	357
255	371
255	376
255	452
255	629
255	659
255	666
255	681
255	692
255	791
255	892
255	950
255	970
256	386
256	431
256	452
256	510
256	692
256	698
256	768
256	770
256	778
256	816
256	875
256	896
257	266
257	291
257	447
257	691
257	701
257	904
257	910
258	497
258	530
258	588
258	658
258	688
258	735
258	830
258	840
258	888
258	935
259	360
259	833
260	264
260	297
260	368
260	448
260	541
260	565
260	626
260	642
260	647
260	679
260	742
260	763
260	931
261	282
261	306
261	332
261	350
261	384
261	386
261	485
261	520
261	625
261	707
261	786
261	898
261	901
261	964
261	971
262	365
262	377
262	491
262	668
262	817
263	876
263	920
264	272
264	337
264	364
264	614
264	626
264	651
264	767
264	790
264	818
265	315
265	354
265	429
265	448
265	489
265	502
265	558
265	669
265	681
265	818
265	858
265	862
265	868
265	914
265	960
266	270
266	447
266	465
266	546
266	762
266	848
267	350
267	373
267	502
267	525
267	573
267	575
267	578
267	586
267	623
267	989
268	302
268	559
268	906
269	365
269	480
269	720
269	742
269	902
269	931
270	291
270	301
270	615
270	630
270	717
270	808
270	900
271	323
271	368
271	497
271	596
271	671
271	703
271	735
271	746
271	889
271	979
272	293
272	315
272	337
272	398
272	651
272	741
272	851
272	974
273	386
273	536
273	661
273	781
273	894
274	364
274	492
274	493
274	537
274	687
274	702
274	762
274	828
274	948
275	484
275	652
276	413
276	415
276	466
276	553
276	654
276	720
276	962
277	288
277	386
277	440
277	452
277	470
277	573
277	602
277	656
277	778
278	341
278	346
278	374
278	479
278	511
278	620
278	848
278	931
279	461
279	551
279	560
279	572
279	667
279	718
279	725
279	773
279	806
279	831
279	874
279	903
280	331
280	596
280	663
280	751
280	937
280	994
281	339
281	360
281	493
281	502
281	550
281	578
281	579
281	581
281	677
281	753
281	763
281	835
281	862
281	872
281	989
282	356
282	391
282	452
282	484
282	597
282	706
282	791
282	921
282	923
282	936
282	969
282	978
283	513
283	863
283	879
284	333
284	919
284	924
284	966
285	404
285	552
286	727
287	299
287	414
287	906
287	944
288	371
288	488
288	517
288	551
288	572
288	624
288	921
289	384
289	863
289	865
289	923
290	339
290	457
290	623
290	659
290	660
290	777
290	961
291	298
291	309
291	465
291	511
291	591
291	654
291	697
291	708
291	845
291	906
291	978
292	353
292	361
292	449
292	501
292	520
292	541
292	641
292	649
292	661
292	802
292	814
293	362
293	365
293	451
293	485
293	565
293	633
293	675
293	735
293	736
293	763
293	820
293	966
294	298
294	301
294	346
294	378
294	480
294	511
294	967
295	311
295	379
295	709
296	446
296	535
296	625
296	629
296	778
296	779
296	936
296	989
297	451
297	497
297	529
297	543
297	630
297	651
297	667
297	696
297	745
297	815
297	926
297	935
297	993
298	328
298	523
298	591
298	697
298	871
298	906
298	959
299	311
299	701
299	983
301	410
301	460
301	465
301	572
301	588
301	682
301	767
301	993
302	337
302	357
302	391
302	430
302	560
302	587
302	614
302	845
302	903
302	931
302	955
302	983
303	343
303	348
303	354
303	358
303	420
303	455
303	725
303	783
304	321
304	363
304	416
304	495
304	499
304	510
304	521
304	601
304	623
304	692
304	733
304	769
304	786
304	791
304	803
304	852
304	961
305	355
305	426
305	468
305	549
306	310
306	315
306	391
306	398
306	423
306	430
306	446
306	475
306	486
306	542
306	574
306	656
306	683
306	768
306	782
306	810
306	882
306	925
306	988
306	991
307	473
307	476
307	551
307	637
307	645
308	321
308	349
308	439
308	489
308	525
308	852
309	311
309	336
309	464
309	516
309	699
309	707
309	952
310	325
310	330
310	370
310	416
310	434
310	452
310	498
310	549
310	693
310	776
310	791
310	809
310	818
310	857
310	921
310	936
310	964
311	334
311	415
311	528
311	654
311	718
311	944
312	487
313	316
313	633
313	668
313	698
313	736
313	775
313	795
314	665
314	827
314	883
314	986
314	993
315	472
315	490
315	533
315	617
315	678
315	693
315	707
315	774
315	779
315	788
315	970
316	417
316	438
316	665
316	780
316	827
316	851
316	910
316	932
317	324
317	495
317	886
319	457
319	492
319	510
319	580
319	623
319	778
319	788
319	802
319	852
319	857
319	879
319	880
320	365
320	382
320	437
320	536
320	688
320	697
320	775
320	840
320	904
320	983
321	373
321	510
321	580
321	617
322	344
322	443
322	645
322	723
323	368
323	520
323	558
323	650
323	682
323	821
324	351
324	506
324	950
325	416
325	428
325	492
325	656
325	666
325	723
325	768
325	882
325	916
325	971
326	537
326	579
326	626
326	779
326	786
326	802
326	896
326	960
326	978
326	991
328	657
328	668
328	691
328	826
328	831
328	910
328	976
329	343
329	413
329	424
329	458
329	595
329	597
329	642
329	670
329	844
330	343
330	431
330	495
330	579
330	610
330	625
330	666
330	696
330	818
330	857
330	858
330	904
330	982
331	368
331	407
331	501
331	651
331	682
332	371
332	412
332	489
332	490
332	532
332	748
332	770
333	587
333	614
333	707
334	476
334	559
334	645
334	713
336	344
336	348
336	405
336	551
337	344
337	405
337	516
337	587
337	712
337	720
337	871
337	980
337	987
337	998
339	369
339	381
339	525
339	579
339	621
339	649
339	733
339	765
339	789
339	802
339	835
340	359
340	363
340	445
340	571
340	728
340	866
341	391
341	448
341	633
341	830
341	853
342	427
342	474
342	544
342	793
342	895
342	915
342	926
343	612
343	846
344	470
344	712
344	748
344	773
344	988
345	405
345	434
345	442
345	712
345	720
345	737
345	962
346	434
346	651
346	691
346	694
346	697
346	818
346	897
346	902
347	354
347	502
347	520
347	542
347	626
347	860
347	868
347	882
347	895
347	965
348	397
348	412
348	423
348	562
348	578
348	674
348	770
348	896
348	985
348	988
349	439
349	469
349	802
350	581
350	621
350	635
350	689
350	692
350	693
350	757
350	802
350	917
351	424
351	674
351	739
351	749
351	875
351	969
352	465
352	511
352	600
352	672
352	775
352	909
352	944
352	959
353	356
353	357
353	425
353	532
353	635
353	681
353	687
353	757
353	780
353	828
353	872
354	356
354	383
354	510
354	720
354	757
354	768
354	868
354	991
354	993
354	998
355	406
356	489
356	512
356	520
356	579
356	661
356	778
356	786
356	882
356	914
356	979
356	991
357	423
357	550
357	569
357	707
357	874
357	908
357	962
357	988
358	423
358	593
358	712
358	730
358	740
358	773
358	955
359	394
359	445
359	472
359	863
360	367
360	525
360	537
360	580
360	684
360	743
360	766
360	843
360	922
360	977
361	368
361	412
361	453
361	497
361	502
361	581
361	839
362	450
362	451
362	675
362	735
362	827
362	976
362	983
363	445
363	477
363	513
363	566
363	690
363	855
363	911
363	948
363	990
364	365
364	409
364	623
364	650
364	689
364	741
364	872
364	889
364	895
365	489
365	626
365	647
365	753
365	966
366	775
366	823
367	393
367	641
367	724
367	729
367	771
368	380
368	420
368	436
368	624
368	828
368	915
368	918
369	802
370	378
370	451
370	465
370	815
370	830
370	841
370	896
370	932
370	946
371	416
371	470
371	569
371	656
371	704
371	776
371	778
371	791
371	869
371	936
371	950
371	971
371	996
372	627
373	439
373	482
373	623
373	635
373	802
373	894
374	486
374	797
374	831
374	906
375	508
375	522
375	523
376	384
376	445
376	470
376	567
376	629
376	683
376	707
376	767
376	770
376	978
376	996
377	450
377	451
377	471
377	565
377	616
377	795
377	840
377	851
377	924
377	935
378	451
378	530
378	633
378	651
378	661
378	714
378	720
378	909
378	935
378	983
380	467
380	488
380	491
380	924
381	393
381	477
381	509
381	678
381	686
381	877
381	885
382	497
382	619
382	735
382	746
382	762
382	808
382	824
383	434
383	453
383	505
383	762
383	824
383	999
384	470
384	472
384	513
384	578
384	635
384	677
384	706
384	769
384	778
384	880
384	901
385	825
386	494
386	548
386	567
386	576
386	621
386	681
386	770
386	970
389	724
391	812
392	506
392	723
393	482
393	594
393	729
393	787
393	843
393	940
393	956
394	406
394	414
394	567
395	468
395	515
395	583
396	536
396	552
396	662
396	749
396	802
396	923
396	975
397	505
397	514
397	520
397	529
397	541
397	584
397	658
397	664
397	696
397	721
397	840
397	952
397	965
398	519
398	582
398	591
398	630
398	671
398	691
398	734
398	822
398	897
399	518
399	926
400	473
400	667
400	950
400	973
401	516
402	589
403	473
405	448
405	461
405	613
405	720
405	845
405	896
405	898
405	976
405	986
406	569
406	819
409	429
409	525
409	526
409	741
409	802
409	923
409	924
410	698
410	715
410	735
410	752
410	840
411	856
412	460
412	678
412	774
412	815
412	931
412	993
413	670
414	511
414	903
414	906
414	955
415	476
415	962
416	656
416	666
416	706
416	723
417	438
417	745
417	934
419	456
419	502
419	575
419	917
419	965
420	541
420	622
420	707
420	791
420	889
420	932
420	965
422	453
422	533
422	663
422	741
422	753
422	771
422	785
422	938
423	433
423	520
423	549
423	584
423	666
423	707
423	740
423	767
423	851
423	871
423	886
423	946
423	999
424	749
425	743
425	847
426	943
427	799
427	899
428	573
428	646
428	662
428	861
429	442
429	565
429	597
429	692
429	810
430	475
430	681
430	707
430	773
430	786
430	999
431	520
431	625
431	692
431	788
431	923
431	945
432	975
433	465
433	505
433	560
433	572
433	584
433	642
433	821
433	873
433	978
433	980
434	546
434	745
434	853
434	871
434	946
436	518
436	619
436	840
436	922
436	994
437	453
437	460
437	480
437	588
437	651
437	696
437	698
437	774
437	790
437	826
437	871
437	932
438	451
438	491
438	672
438	899
439	469
439	482
439	581
439	594
439	673
439	678
439	743
439	860
439	945
440	470
440	535
440	542
440	670
440	755
440	760
440	791
440	818
441	467
441	832
441	937
442	647
442	804
442	808
442	944
443	466
443	539
443	546
443	576
443	645
443	699
445	819
445	861
445	862
445	917
446	490
446	578
446	586
446	593
446	704
446	791
446	812
446	852
446	882
447	600
447	691
447	716
447	902
447	983
448	588
448	696
448	697
448	763
448	774
448	817
448	909
449	467
449	852
449	881
449	889
449	933
450	586
450	596
450	671
450	682
450	763
450	790
450	839
450	966
450	974
451	480
451	584
451	714
451	725
451	790
451	795
451	827
451	834
452	470
452	542
452	548
452	638
452	739
452	748
452	781
452	807
452	866
452	913
452	957
453	581
453	746
453	774
453	910
454	947
454	995
455	458
455	562
455	707
455	806
455	967
456	509
456	533
456	755
456	885
457	502
457	648
457	660
457	769
457	791
457	872
457	880
457	922
458	466
458	597
458	654
458	712
458	791
459	729
459	855
460	465
460	543
460	584
460	756
460	830
460	853
461	730
461	818
461	962
461	978
463	478
463	648
463	733
463	777
463	789
464	759
465	479
465	486
465	523
465	588
465	797
465	817
465	818
465	826
465	941
465	980
465	998
466	553
466	574
466	612
466	723
466	806
466	850
466	980
467	561
467	619
467	688
467	752
467	799
467	994
468	494
468	997
469	482
469	485
469	580
469	753
469	793
469	877
469	894
470	499
470	549
470	573
470	629
470	632
470	706
470	778
471	680
471	851
471	934
472	490
472	554
472	578
472	586
472	621
472	623
472	633
472	704
472	778
472	802
472	935
473	539
473	645
473	944
473	951
474	711
474	753
474	956
475	505
475	526
475	572
475	597
475	693
475	776
475	860
475	862
475	923
475	991
476	503
476	528
476	574
476	767
476	890
477	617
477	928
478	733
478	917
479	615
479	725
479	810
479	822
479	842
479	909
479	952
479	983
480	511
480	530
480	658
480	664
480	671
480	745
480	782
480	840
480	841
480	897
480	957
480	964
480	987
482	786
482	789
482	802
482	835
482	852
482	922
482	961
484	844
484	975
485	490
485	536
485	569
485	632
485	733
485	770
485	781
485	784
485	791
485	860
485	882
485	901
485	914
485	925
486	725
486	763
486	897
486	960
486	991
487	519
487	910
488	586
488	614
488	681
488	882
488	967
488	991
489	493
489	497
489	520
489	661
489	918
489	968
490	493
490	573
490	621
490	778
490	784
490	874
490	894
490	901
491	522
491	680
491	714
491	832
492	770
492	781
492	860
492	908
492	917
492	992
492	996
493	499
493	573
493	593
493	635
493	678
493	692
493	704
493	788
493	821
494	538
494	662
494	748
494	749
494	911
494	923
494	992
495	624
495	882
496	940
497	521
497	669
497	779
497	812
497	868
497	898
498	529
498	541
498	735
498	745
498	762
498	773
498	882
498	918
498	950
498	955
498	960
498	965
498	999
499	510
499	520
499	521
499	629
499	768
499	901
499	945
499	970
500	519
500	812
500	946
500	986
501	617
501	751
501	978
502	622
502	650
502	678
502	704
502	741
502	948
503	539
504	747
504	912
505	543
505	672
505	720
505	826
505	845
505	868
505	932
506	674
506	728
506	739
506	740
507	805
508	522
509	660
509	673
509	872
509	940
509	961
510	567
510	569
510	649
510	666
510	825
510	865
510	961
511	530
511	720
511	725
511	756
511	871
512	621
512	623
512	660
512	690
512	733
512	769
512	852
513	778
513	866
513	917
514	645
514	667
514	804
514	806
515	662
515	674
516	539
516	637
516	732
516	823
517	536
517	569
517	578
517	706
517	737
517	779
517	784
517	791
517	807
517	850
517	921
517	999
518	895
518	929
518	974
519	691
519	734
519	827
519	904
520	536
520	541
520	554
520	646
520	784
520	788
520	840
520	857
520	859
520	868
520	880
520	923
520	945
520	964
520	965
521	573
521	621
521	692
521	886
521	917
521	923
522	620
522	919
523	800
523	987
525	581
525	622
525	623
525	629
525	649
525	686
525	788
525	794
525	879
525	960
525	998
526	541
526	542
526	572
526	647
526	656
526	816
526	925
526	985
527	887
528	773
528	850
529	712
529	768
529	837
529	841
529	970
530	584
530	679
530	852
530	919
530	952
530	967
532	579
532	629
532	692
532	765
532	786
532	945
532	964
532	970
533	537
533	573
533	575
533	828
534	734
535	578
535	652
535	692
535	863
535	886
536	593
536	621
536	659
536	660
536	770
536	807
536	821
537	554
537	609
537	660
537	880
538	573
538	646
538	704
538	784
539	645
539	861
540	746
540	771
541	569
541	681
541	712
541	757
541	780
541	991
542	730
542	781
542	857
542	923
542	946
542	964
542	998
543	633
543	812
543	840
543	932
544	545
544	814
544	815
544	968
545	561
545	839
545	888
545	895
545	977
546	593
546	713
546	823
546	842
546	871
546	900
547	758
548	554
548	656
548	670
548	692
548	768
548	857
548	914
548	988
548	993
548	996
549	638
549	706
549	923
550	579
550	581
550	623
550	650
550	825
550	911
550	915
551	584
551	725
551	732
551	944
551	967
551	992
553	667
553	723
554	586
554	625
554	649
554	748
554	791
554	794
554	860
554	874
554	894
554	921
554	925
554	964
556	585
556	598
556	695
556	728
558	625
558	661
558	664
558	741
558	774
558	889
558	945
559	612
559	951
560	696
560	896
560	914
560	960
560	964
561	603
561	824
561	926
562	670
562	737
562	773
562	804
562	875
562	971
563	743
564	580
564	687
564	743
565	633
565	762
565	790
565	932
566	660
566	686
567	586
567	865
567	866
568	663
568	736
568	979
569	704
570	800
570	972
571	690
571	990
572	782
572	886
572	897
573	602
573	650
573	706
573	762
573	768
573	869
573	874
573	921
573	923
574	890
574	971
575	610
575	852
575	877
575	879
576	670
576	804
576	807
578	770
578	788
578	816
578	868
578	872
578	894
578	896
579	635
579	673
579	692
579	768
579	781
579	787
579	925
579	957
579	970
580	711
580	930
580	948
581	619
581	635
581	653
581	673
581	711
581	757
581	770
581	786
581	930
582	718
584	903
584	916
584	967
586	617
586	625
586	768
586	857
586	882
586	925
587	717
587	931
588	831
588	988
588	998
590	716
591	725
591	808
591	842
591	871
593	654
593	656
593	706
594	641
594	870
594	956
597	638
597	642
597	776
597	816
597	857
598	662
598	774
600	730
600	952
601	623
602	623
602	629
602	660
602	662
602	769
602	787
602	989
603	762
603	795
603	836
603	899
605	727
607	749
607	779
607	908
607	992
609	702
609	793
609	852
609	911
609	915
610	856
612	699
612	759
613	716
613	860
614	696
614	725
614	792
614	897
614	999
615	697
615	701
615	841
615	884
615	909
615	986
616	735
616	795
616	979
617	742
619	623
619	678
619	702
619	840
619	872
619	888
619	910
619	935
619	957
620	665
620	764
620	800
621	704
621	710
621	769
621	791
621	961
621	988
622	658
622	681
622	872
622	894
622	896
623	653
623	660
623	786
623	803
623	868
623	940
623	989
624	673
624	677
624	786
624	860
624	930
625	660
625	683
625	778
625	818
625	859
625	862
625	916
625	925
625	964
625	970
626	647
626	741
626	820
626	831
626	840
626	932
626	946
626	960
628	820
628	883
628	897
628	953
628	972
629	780
629	802
629	862
629	901
630	744
630	959
630	976
632	648
632	726
632	733
632	765
632	778
632	936
632	996
633	725
633	745
633	810
633	815
633	820
633	851
633	853
633	897
633	970
635	648
635	661
635	681
635	769
635	786
635	888
635	961
635	991
636	682
636	752
637	804
641	686
642	869
642	886
642	949
643	757
643	922
645	654
645	699
645	732
645	971
647	707
647	735
647	763
647	812
647	910
647	964
647	983
647	991
648	704
648	720
648	786
648	978
649	913
649	963
650	662
650	742
650	778
650	788
650	810
650	851
650	859
650	872
650	945
651	657
651	658
651	680
651	691
651	798
651	831
651	834
651	932
651	974
652	690
653	686
653	852
653	879
654	776
654	873
654	971
654	980
655	702
655	753
655	815
655	915
655	926
655	977
656	741
656	936
656	965
658	725
658	812
658	857
658	902
659	860
659	866
659	931
659	992
659	996
660	686
660	789
661	678
661	682
661	965
662	760
662	765
662	777
662	807
662	819
662	845
662	961
663	799
663	847
663	870
664	671
664	790
664	810
664	826
665	836
665	847
665	976
665	982
665	986
666	706
666	878
666	969
666	988
666	999
667	723
667	740
667	943
667	999
668	680
668	682
668	902
668	986
669	683
669	810
669	815
669	824
669	910
669	918
669	929
669	933
670	725
670	807
670	816
670	886
670	890
671	745
671	756
672	698
672	891
672	902
672	904
672	935
672	941
673	695
673	989
674	878
674	949
675	821
675	827
675	828
675	829
675	881
675	934
676	729
676	963
677	742
677	757
677	781
677	802
677	888
677	922
678	688
678	741
678	774
678	821
678	898
678	948
679	688
679	721
679	820
679	893
679	960
680	827
681	748
681	788
681	888
681	896
681	960
681	964
682	795
682	797
682	810
682	881
682	910
683	691
683	762
683	840
683	960
684	743
684	859
687	689
687	693
687	868
687	945
688	792
688	808
688	810
688	822
688	826
688	851
688	853
688	935
689	702
689	802
689	957
689	977
691	810
692	768
692	874
692	914
692	925
692	999
693	874
693	882
693	914
693	960
694	858
695	880
696	756
696	762
696	791
696	853
696	946
697	748
697	782
697	871
697	900
698	941
699	806
699	962
700	765
700	803
701	808
701	848
702	786
702	915
702	957
703	736
704	789
704	791
704	880
704	961
706	886
707	720
707	822
707	873
707	955
707	978
707	999
708	725
708	823
710	937
711	852
711	957
712	730
712	732
712	897
712	980
712	999
713	944
713	952
714	820
714	899
715	800
716	884
716	919
717	759
719	793
720	756
720	782
720	897
720	903
720	986
720	998
721	797
721	812
721	839
721	931
721	936
723	962
723	967
724	785
724	847
724	895
724	928
725	831
725	998
726	854
728	819
730	755
730	807
730	865
733	787
733	789
733	825
733	879
734	966
735	746
735	790
736	938
736	979
737	869
739	807
739	861
739	892
740	773
740	916
741	742
741	782
741	835
742	787
742	831
742	894
743	778
744	897
745	820
745	853
746	814
747	749
747	892
748	783
748	896
748	988
751	889
751	895
751	929
752	937
753	814
753	894
753	989
754	832
755	777
755	778
755	984
756	993
757	780
757	926
757	989
758	803
758	866
759	887
760	863
760	866
760	911
760	961
760	963
762	815
762	820
762	909
763	896
763	946
764	797
764	800
764	904
764	959
765	825
765	857
765	859
765	936
767	816
767	896
767	967
767	999
768	770
768	778
768	788
768	872
768	923
768	925
769	778
769	859
769	862
773	776
773	781
773	914
773	948
773	985
774	918
774	945
774	947
775	998
776	778
776	807
776	921
778	859
778	928
778	957
778	964
779	874
779	886
779	975
780	787
780	812
780	840
780	872
780	888
780	932
781	812
781	936
781	988
782	808
782	822
782	897
782	959
782	967
783	816
783	873
784	894
784	913
786	859
787	803
787	917
787	957
788	857
788	948
788	965
789	879
789	880
789	921
790	812
790	933
790	966
790	991
790	993
791	810
791	933
793	996
794	911
794	964
794	996
795	881
795	966
795	974
795	976
795	982
797	827
798	934
799	881
799	937
802	852
802	948
803	879
803	882
803	901
804	809
806	942
807	846
807	869
807	988
808	822
808	983
809	858
809	944
809	985
810	817
810	826
810	853
811	842
811	900
812	915
812	930
812	932
812	948
812	993
814	836
814	888
814	966
814	979
814	994
815	826
815	955
815	993
816	869
816	931
817	853
817	896
817	932
817	946
817	960
818	873
818	914
818	918
818	935
820	826
820	966
821	896
821	970
821	991
822	841
822	906
824	868
824	966
826	902
826	935
826	942
826	946
826	993
827	899
827	910
828	979
829	924
830	845
830	946
830	993
832	924
832	983
833	847
833	938
834	851
834	904
834	982
834	986
835	977
836	839
837	893
839	868
840	899
840	946
840	990
840	991
841	842
841	853
841	903
843	948
845	848
845	952
845	999
846	878
846	949
846	950
850	858
850	875
851	899
852	948
852	957
855	930
856	866
856	927
857	903
857	931
857	996
858	921
859	880
859	901
859	957
859	964
860	968
860	976
862	945
862	957
863	911
863	917
863	990
865	866
868	873
868	931
869	925
869	965
869	985
871	900
872	874
872	957
874	896
874	923
874	925
874	978
874	996
875	913
877	930
877	940
878	890
878	980
879	940
879	965
879	981
879	991
880	926
882	925
882	935
883	891
883	909
886	901
886	914
888	889
888	915
888	945
888	968
888	977
888	983
889	965
892	923
892	992
894	898
894	978
895	928
895	977
896	914
896	960
896	970
896	991
897	906
897	980
898	918
898	945
899	939
899	966
902	959
903	998
906	959
909	932
914	925
914	964
914	978
914	996
918	928
918	932
919	986
919	987
922	928
922	948
923	925
923	935
923	978
924	934
924	976
925	978
927	984
931	978
932	946
936	996
937	938
938	939
938	974
941	954
945	968
946	960
947	979
947	995
949	988
953	983
955	965
957	989
958	994
964	965
965	970
967	998
969	988
969	996
978	999
980	988
