0	282
0	626
1	109
1	472
2	442
3	349
3	480
3	884
3	920
4	198
4	274
4	420
4	569
4	814
6	271
6	295
6	694
7	60
7	175
7	180
7	236
7	350
7	439
7	440
7	476
7	599
7	629
7	639
7	680
7	728
7	903
8	23
8	126
8	189
8	264
8	339
8	347
8	370
8	402
8	488
8	521
8	725
8	734
8	803
8	840
8	888
8	899
8	907
8	927
9	86
9	100
9	151
9	239
9	278
9	288
9	310
9	888
9	987
10	27
10	28
10	47
10	122
10	184
10	216
10	314
10	554
10	586
10	806
10	877
11	245
11	474
11	600
11	867
11	885
11	938
12	123
12	177
12	240
12	437
12	529
12	717
12	884
13	46
13	453
13	464
13	588
13	656
13	796
13	913
13	943
14	45
14	78
14	204
14	221
14	271
14	319
14	351
14	356
14	384
14	391
14	444
14	502
14	506
14	581
14	631
14	635
14	762
14	830
14	937
15	157
15	313
15	676
15	952
15	968
16	142
16	198
16	372
16	405
16	471
16	485
16	488
16	539
16	559
16	564
16	681
16	792
16	845
16	911
16	934
16	974
17	108
17	130
17	168
17	227
17	307
17	370
17	398
17	400
17	433
17	507
17	755
17	801
17	875
17	888
17	967
18	88
18	148
18	204
18	405
18	438
18	447
18	477
18	576
18	672
18	705
18	770
18	783
18	856
18	904
18	974
18	994
19	188
19	205
19	411
19	467
19	506
19	585
19	586
19	697
19	773
19	784
19	800
19	801
19	939
20	22
20	35
20	363
20	471
20	549
20	681
20	684
20	769
20	816
20	852
20	964
21	154
21	230
21	269
21	339
21	382
21	433
21	622
21	645
21	734
21	779
21	818
21	965
22	149
22	262
22	361
22	369
22	429
22	475
22	507
22	656
23	89
23	122
23	208
23	256
23	263
23	433
23	441
23	444
23	473
23	520
23	544
23	644
23	681
23	698
23	795
23	839
23	840
23	934
24	220
25	131
25	142
25	245
25	466
25	474
25	913
26	116
26	499
27	64
27	229
27	237
27	362
27	498
27	591
27	737
27	877
27	970
27	974
27	978
28	119
28	122
28	134
28	586
28	970
28	973
29	94
29	221
29	298
29	331
29	410
29	660
30	376
30	443
30	605
30	616
31	73
32	328
33	66
33	204
33	235
33	272
33	358
33	519
33	551
33	574
33	633
33	685
33	721
33	730
33	749
33	791
33	848
34	64
34	67
34	198
34	238
34	240
34	406
34	437
34	458
34	719
34	808
34	851
34	911
34	999
35	68
35	257
35	325
35	370
35	405
35	441
35	471
35	488
35	492
35	600
35	651
35	687
35	768
36	46
36	68
36	286
36	656
36	701
36	856
37	57
37	111
37	148
37	376
37	382
37	402
37	403
37	428
37	513
37	593
37	638
37	644
37	853
37	865
37	882
37	891
38	43
38	63
38	102
38	118
38	377
38	426
38	460
38	472
38	685
38	877
38	879
38	973
39	148
39	268
39	276
39	374
39	391
39	433
39	634
39	670
39	672
39	674
39	693
39	730
39	812
39	863
39	904
39	933
39	992
40	112
40	163
40	197
40	247
40	575
40	584
40	829
40	958
41	219
41	261
41	714
41	751
42	368
42	549
42	631
42	676
42	889
42	891
42	976
43	64
43	135
43	206
43	209
43	222
43	280
43	291
43	425
43	527
43	696
43	711
43	730
43	755
43	889
43	912
45	161
45	204
45	221
45	247
45	319
45	398
45	438
45	467
45	521
45	545
45	602
45	882
46	90
46	154
46	405
46	485
46	559
46	661
46	828
46	931
47	135
47	418
47	502
47	634
47	780
48	102
48	118
48	342
48	548
48	663
48	879
49	590
49	988
50	64
50	121
50	139
50	259
50	574
50	758
50	998
51	81
51	718
51	781
52	847
53	155
53	178
53	237
53	351
53	473
53	477
53	556
53	567
53	570
53	705
53	758
53	823
54	114
54	158
54	257
54	326
54	440
54	564
54	701
54	795
54	838
54	861
55	60
55	158
55	164
55	175
55	211
55	228
55	286
55	539
55	571
55	598
55	722
55	790
55	796
56	87
56	108
56	171
56	288
56	318
56	562
56	582
56	676
56	794
56	829
56	881
56	887
57	62
57	198
57	270
57	314
57	321
57	359
57	414
57	436
57	506
57	507
57	542
57	795
57	899
57	923
57	949
58	88
58	111
58	151
58	153
58	214
58	221
58	306
58	382
58	441
58	544
58	599
58	623
58	670
58	681
58	703
58	734
58	888
58	898
58	907
58	945
59	114
59	142
59	164
59	207
59	408
59	420
59	453
59	469
59	559
59	671
59	744
60	128
60	143
60	157
60	327
60	409
60	534
60	616
60	618
61	65
61	125
61	402
61	451
61	455
61	460
61	473
61	633
61	693
61	737
61	762
61	827
61	830
62	72
62	339
62	374
62	376
62	387
62	498
62	558
62	607
62	687
62	845
62	894
62	917
62	923
62	937
62	991
62	992
63	124
63	170
63	227
63	607
63	631
63	648
63	685
63	699
63	726
63	755
63	807
63	822
63	840
64	209
64	281
64	296
64	555
64	585
64	591
64	912
64	953
65	87
65	261
65	389
65	556
65	711
65	745
65	766
65	840
65	987
66	121
66	167
66	243
66	418
66	425
66	495
66	675
66	706
66	727
66	828
66	904
66	939
67	406
67	516
67	653
67	713
67	999
68	137
68	185
68	370
68	382
68	402
68	468
68	492
68	600
68	646
68	768
68	769
68	828
68	856
68	868
68	897
68	911
68	969
69	906
70	128
70	202
70	210
70	396
70	496
70	497
70	616
70	716
70	732
70	743
70	832
70	867
71	220
71	972
72	155
72	227
72	335
72	455
72	521
72	525
72	705
72	730
72	817
72	852
72	865
72	967
72	992
73	753
73	991
74	106
74	287
74	416
74	607
74	801
74	823
74	876
74	924
74	969
75	179
75	222
75	401
75	548
75	566
75	827
75	904
76	219
76	262
76	616
76	679
76	857
76	859
76	896
76	916
77	86
77	457
77	476
77	486
77	556
77	567
77	876
78	153
78	181
78	182
78	272
78	278
78	351
78	356
78	358
78	370
78	438
78	445
78	447
78	460
78	610
78	725
78	731
78	744
78	762
78	853
78	956
78	996
79	237
79	313
79	331
79	450
79	486
79	620
79	659
79	676
79	860
79	972
80	88
80	170
80	234
80	402
80	447
80	475
80	513
80	623
80	640
80	642
80	693
80	785
80	863
80	994
81	102
81	247
81	280
81	296
81	540
81	575
81	744
81	772
81	777
81	934
82	106
82	181
82	736
82	788
82	860
82	871
82	887
82	889
82	891
83	119
83	309
85	171
85	386
85	472
85	575
85	633
85	642
85	749
85	761
85	793
85	881
86	115
86	166
86	182
86	219
86	332
86	504
86	568
86	570
86	579
86	609
86	610
86	897
86	945
86	952
87	251
87	253
87	298
87	692
87	787
87	840
87	982
87	991
88	148
88	153
88	154
88	208
88	338
88	382
88	392
88	416
88	520
88	542
88	564
88	602
88	681
88	752
88	795
88	828
88	865
88	973
89	140
89	203
89	322
89	397
89	403
89	469
89	477
89	492
89	525
89	544
89	640
89	734
89	752
89	863
89	917
89	937
89	979
90	158
90	210
90	211
90	232
90	237
90	245
90	327
90	571
90	639
90	795
90	921
90	980
91	132
91	237
91	294
91	547
91	787
92	280
92	300
92	347
92	369
92	392
92	425
92	460
92	549
92	607
92	670
92	678
92	711
92	840
92	882
92	907
92	996
94	350
94	463
94	476
94	511
94	536
94	646
94	703
94	744
94	754
95	104
95	864
95	940
96	232
96	241
96	396
96	468
96	533
96	886
96	903
97	104
97	652
97	720
98	158
98	223
98	316
98	422
98	533
98	537
98	656
98	661
99	242
99	621
99	741
100	218
100	253
100	336
100	547
100	620
102	124
102	296
102	540
102	553
102	607
102	704
102	731
102	817
102	846
103	112
103	226
103	427
103	749
103	773
103	887
103	893
103	919
104	277
105	293
106	115
106	167
106	181
106	250
106	287
106	345
106	445
106	504
106	582
106	624
106	642
106	890
106	914
106	924
106	993
107	116
107	127
107	242
107	249
107	334
107	434
107	453
107	722
107	790
108	151
108	214
108	365
108	459
108	460
108	544
108	570
108	606
108	689
108	705
108	963
108	969
108	973
108	979
109	248
109	887
109	893
110	796
110	913
111	142
111	319
111	339
111	344
111	356
111	382
111	385
111	391
111	459
111	545
111	549
111	651
111	706
111	742
111	890
111	904
111	934
111	969
112	271
112	296
112	427
112	481
112	607
112	678
112	718
112	871
112	880
112	924
113	193
113	297
113	437
113	451
113	461
113	495
113	502
113	523
113	688
113	899
113	927
114	154
114	338
114	388
114	419
114	420
114	571
114	623
114	708
114	779
115	161
115	184
115	226
115	319
115	447
115	460
115	662
115	670
115	704
115	830
116	123
116	270
116	614
116	915
116	941
116	999
117	522
117	810
117	961
118	247
118	296
118	827
118	948
120	159
120	329
120	362
120	429
120	440
120	468
120	539
120	966
121	254
121	285
121	362
121	425
121	436
121	515
121	542
121	725
121	926
122	130
122	321
122	328
122	329
122	370
122	400
122	436
122	529
122	654
122	709
122	942
122	953
122	970
123	186
123	330
123	834
123	870
123	878
123	939
123	957
123	978
124	167
124	208
124	224
124	229
124	250
124	271
124	357
124	369
124	384
124	427
124	477
124	502
124	685
124	817
124	933
124	963
125	130
125	310
125	459
125	463
125	520
125	570
125	603
125	657
126	259
126	780
127	173
127	185
127	306
127	337
127	353
127	394
127	441
127	614
127	637
127	835
127	868
128	325
128	489
128	492
128	789
128	931
128	982
129	430
129	755
129	806
130	195
130	297
130	374
130	400
130	441
130	597
130	692
130	726
130	801
130	802
130	834
130	856
130	882
130	911
130	926
130	927
130	992
131	236
131	682
131	916
132	152
132	272
132	369
132	937
133	192
133	334
133	395
133	400
133	437
133	641
133	686
133	712
133	875
134	235
134	467
134	591
134	818
134	851
134	907
134	937
135	433
136	590
137	149
137	215
137	332
137	366
137	441
137	471
137	564
137	593
137	708
137	908
137	919
137	980
138	208
138	438
138	500
138	548
138	699
138	759
138	776
138	791
138	825
138	973
139	161
139	237
139	285
139	403
139	438
139	444
139	484
139	573
139	662
139	704
139	711
139	812
139	840
139	959
140	187
140	195
140	209
140	238
140	297
140	306
140	379
140	392
140	414
140	521
140	525
140	634
140	917
140	923
140	926
140	994
141	280
142	180
142	243
142	284
142	329
142	397
142	422
142	485
142	561
142	571
142	845
142	856
142	971
143	221
143	294
143	570
143	640
143	657
143	754
144	538
144	920
144	946
145	162
145	181
145	508
145	972
146	747
146	797
148	350
148	376
148	385
148	387
148	405
148	475
148	581
148	595
148	698
148	762
148	817
148	911
148	965
148	974
149	238
149	244
149	245
149	449
149	618
149	789
149	861
149	921
151	153
151	642
151	655
151	681
151	684
151	814
151	823
151	852
151	867
151	969
151	980
151	983
152	375
152	401
152	418
153	182
153	183
153	227
153	268
153	276
153	385
153	500
153	513
153	629
153	670
153	705
153	745
153	830
153	904
153	934
154	238
154	372
154	387
154	429
154	451
154	485
154	559
154	768
154	803
154	979
154	994
155	176
155	380
155	471
155	496
155	513
155	541
155	559
155	863
156	171
156	508
156	589
157	350
157	366
157	701
157	756
157	903
157	964
158	373
158	396
158	790
158	796
158	864
158	869
158	885
158	886
159	230
159	284
159	320
159	365
159	397
159	412
159	572
159	579
159	581
159	680
159	687
159	768
159	778
159	863
160	251
160	298
160	331
160	985
161	195
161	248
161	288
161	331
161	358
161	471
161	573
161	633
161	664
161	882
161	963
161	994
162	472
162	547
162	636
162	699
162	724
162	891
162	968
163	472
163	753
164	213
164	257
164	334
164	593
164	687
164	769
164	895
164	911
165	546
165	815
166	180
166	422
166	473
166	485
166	598
166	703
166	816
166	838
166	861
166	903
167	358
167	369
167	607
167	702
167	744
167	755
167	822
167	858
167	956
168	822
168	906
168	978
169	254
169	342
169	918
170	445
170	610
170	636
170	692
170	699
170	702
170	793
170	881
170	910
170	935
170	968
171	410
171	589
171	891
171	996
172	665
172	961
173	316
173	323
173	656
173	666
173	783
174	234
174	732
174	902
175	332
175	439
175	533
175	627
175	661
175	671
175	680
175	838
175	868
176	463
176	488
176	513
176	520
176	531
176	570
176	689
176	778
176	856
176	944
176	958
177	302
177	311
177	516
177	578
178	486
178	659
178	857
179	254
179	285
179	427
179	645
179	730
179	804
180	273
180	287
180	322
180	327
180	353
180	473
180	537
180	571
180	671
180	964
180	979
180	987
181	197
181	294
181	393
181	410
181	636
181	678
181	749
181	760
181	761
181	827
181	829
181	871
182	356
182	384
182	473
182	500
182	529
182	573
182	684
182	711
182	730
182	787
182	812
182	845
182	914
182	927
182	984
183	872
184	696
184	970
185	373
185	440
185	592
185	643
185	661
185	671
185	683
186	222
186	343
186	784
186	854
187	268
187	337
187	374
187	387
187	488
187	505
187	523
187	622
187	706
187	727
187	762
187	783
187	845
187	849
187	926
187	974
188	247
188	411
188	804
189	731
189	792
189	930
189	978
190	219
190	462
190	615
190	977
191	374
192	193
192	255
192	311
192	349
192	406
192	478
192	523
192	583
192	811
192	926
192	957
193	817
193	892
193	928
194	226
194	393
194	445
194	642
194	692
194	699
194	773
194	793
194	822
195	198
195	279
195	305
195	441
195	525
195	544
195	634
195	734
195	874
195	875
195	953
195	979
195	994
196	349
196	530
197	426
197	501
197	880
198	207
198	308
198	388
198	510
198	542
198	560
198	569
198	725
198	726
198	759
198	802
198	818
198	845
198	992
200	302
200	686
200	854
201	470
202	214
202	363
202	656
202	657
202	751
203	329
203	392
203	593
203	609
203	623
203	640
203	827
203	945
203	998
204	276
204	398
204	467
204	527
204	755
204	762
204	817
204	822
204	904
205	206
205	280
205	339
205	502
205	506
205	545
205	697
205	711
205	731
205	773
205	804
205	811
205	858
205	967
205	986
206	290
206	461
206	483
206	696
206	726
206	746
206	970
207	240
207	297
207	397
207	400
207	436
207	507
207	581
207	591
207	622
207	634
207	670
207	795
207	800
207	818
207	923
207	975
208	384
208	391
208	447
208	515
208	635
208	705
208	745
208	817
208	823
208	836
208	855
208	883
208	890
208	933
208	948
208	996
209	229
209	300
209	411
209	515
209	551
209	879
209	882
210	236
210	476
210	532
210	646
210	814
210	867
210	902
211	262
211	276
211	316
211	345
211	367
211	643
211	796
212	379
212	514
213	283
213	334
213	338
213	365
213	387
213	571
213	592
213	623
213	931
213	994
214	288
214	338
214	358
214	428
214	436
214	473
214	476
214	526
214	644
214	664
214	692
214	793
214	823
214	852
214	937
214	968
214	997
215	257
215	334
215	361
215	408
215	464
215	491
215	592
215	595
216	418
216	529
216	585
216	653
216	877
217	760
218	639
218	682
218	902
219	493
219	605
220	298
220	625
220	649
221	288
221	369
221	416
221	423
221	438
221	444
221	447
221	529
221	589
221	610
221	631
221	648
221	773
221	787
221	812
221	825
221	863
221	914
221	985
222	304
222	648
222	685
222	819
222	842
222	858
222	879
223	256
223	361
223	374
223	376
223	408
223	420
223	453
223	561
223	683
223	803
223	834
223	863
223	949
224	427
224	549
224	553
224	678
224	721
224	827
224	996
225	815
226	291
226	416
226	755
226	773
226	825
226	827
226	830
226	910
226	985
227	356
227	485
227	607
227	631
227	640
227	642
227	706
227	759
227	803
227	845
227	863
227	888
227	955
227	983
227	997
228	273
228	325
228	361
228	381
228	429
228	434
228	440
228	600
228	656
228	873
229	300
229	822
229	870
229	949
229	956
230	340
230	395
230	422
230	464
230	485
230	524
230	563
231	345
231	474
231	564
231	710
231	796
231	943
232	474
232	533
232	656
232	666
232	838
233	373
233	511
233	707
234	428
234	489
234	513
234	732
234	814
234	904
234	952
235	467
235	506
235	607
235	634
235	848
236	327
236	363
236	627
236	629
237	358
237	384
237	513
237	545
237	573
237	664
237	670
237	711
237	749
237	785
237	814
237	845
237	912
237	993
237	996
238	240
238	279
238	285
238	451
238	542
238	545
238	558
238	628
238	727
238	783
238	923
238	937
238	941
238	949
238	965
239	310
239	389
239	416
239	445
239	459
239	550
239	564
239	567
239	582
239	664
239	752
239	856
239	869
239	945
240	270
240	301
240	412
240	451
240	802
240	818
240	834
240	923
241	627
241	774
242	299
242	434
242	474
242	671
242	796
242	995
243	279
243	370
243	374
243	400
243	634
243	651
243	726
243	734
243	758
243	783
243	788
243	845
243	849
243	858
243	875
243	890
243	894
243	926
243	992
244	320
244	449
244	545
244	592
244	769
244	838
244	913
245	273
245	286
245	373
245	796
245	938
246	262
246	341
246	345
246	373
246	429
246	762
246	861
246	897
246	943
247	678
247	827
247	959
248	575
248	750
248	760
249	257
249	722
249	775
249	797
250	427
250	527
250	575
250	776
250	846
251	331
251	416
251	508
251	735
251	754
251	794
251	866
251	982
251	991
252	278
252	310
252	347
252	392
252	405
252	419
252	491
252	513
252	567
252	568
252	623
252	814
252	919
252	969
253	657
253	670
254	371
254	527
254	577
254	663
255	412
255	747
256	412
256	451
256	543
256	602
256	634
256	688
256	839
256	965
257	334
257	337
257	380
257	419
257	464
257	485
257	510
257	559
257	595
257	734
257	768
259	970
261	331
261	486
261	526
261	646
261	659
261	705
261	732
261	745
261	761
262	366
262	449
262	468
262	474
262	533
262	639
262	677
262	680
262	778
263	297
263	335
263	498
263	529
263	744
263	759
263	801
263	890
263	967
264	336
264	429
264	570
264	600
264	610
264	664
264	703
264	785
264	823
264	852
264	897
264	937
265	906
266	301
266	359
266	478
266	563
266	686
266	953
266	966
268	335
268	359
268	374
268	419
268	516
268	581
268	654
268	698
268	744
268	752
268	759
268	875
268	890
268	899
268	904
269	330
269	374
269	420
269	545
269	645
269	766
269	817
269	818
269	911
269	950
269	964
270	301
270	339
270	408
270	525
270	543
270	544
270	559
270	573
270	595
270	783
270	856
270	895
271	460
271	825
271	857
271	891
271	947
271	951
272	358
272	386
272	389
272	398
272	411
272	438
272	484
272	633
272	635
273	592
273	828
273	895
274	474
274	524
274	597
274	614
274	621
274	797
274	810
274	835
275	596
276	319
276	371
276	376
276	391
276	488
276	529
276	623
276	672
276	770
276	839
276	846
276	888
276	967
276	983
278	310
278	376
278	471
278	533
278	550
278	581
278	593
278	795
278	814
278	837
278	980
278	993
279	301
279	308
279	388
279	403
279	414
279	447
279	544
279	586
279	705
279	730
279	783
279	811
279	874
279	875
279	911
279	926
279	994
280	305
280	330
280	411
280	430
280	506
280	545
280	730
280	858
280	953
281	356
281	411
281	436
281	454
281	555
281	638
281	725
281	734
281	820
281	853
281	875
281	963
282	303
282	456
282	487
282	518
282	691
282	707
282	738
282	786
282	815
282	896
283	325
283	327
283	338
283	372
283	498
283	525
283	795
283	845
283	897
284	322
284	392
284	409
284	422
284	468
284	474
284	559
284	597
284	604
284	778
284	869
284	895
284	904
284	908
284	934
285	370
285	433
285	436
285	506
285	515
285	527
285	545
285	586
285	726
285	801
285	894
285	912
285	934
286	327
286	329
286	366
286	409
286	571
286	598
286	600
286	627
286	661
286	828
286	852
286	896
287	326
287	431
287	468
287	618
287	785
287	816
287	837
287	859
287	896
288	389
288	550
288	642
288	643
288	945
288	984
290	304
290	548
290	693
290	780
290	819
290	872
291	371
291	427
291	540
291	547
291	699
291	770
291	924
291	935
292	371
292	418
292	858
292	870
292	877
292	918
293	667
293	717
294	517
294	887
294	982
295	829
296	580
296	644
296	648
296	699
296	825
296	910
296	956
296	959
296	963
296	985
297	314
297	348
297	359
297	405
297	451
297	498
297	544
297	545
297	554
297	622
297	783
297	923
297	941
298	508
298	625
298	735
298	876
298	880
298	910
299	334
299	395
299	422
299	514
299	569
299	790
300	384
300	392
300	463
300	631
300	678
300	709
300	711
300	773
300	820
300	836
300	840
300	865
300	882
300	912
300	942
301	320
301	348
301	379
301	510
301	542
301	595
301	920
302	311
302	892
303	496
303	571
303	655
303	680
304	398
304	476
304	519
304	551
304	577
304	820
304	967
305	351
305	370
305	495
305	521
305	527
305	555
305	586
305	607
305	725
305	737
305	746
305	817
305	842
305	854
305	888
305	939
305	944
306	335
306	369
306	380
306	559
306	595
306	651
306	728
306	778
306	795
306	796
306	845
306	919
306	949
306	955
306	964
306	974
307	433
307	506
307	663
307	730
307	804
307	812
307	870
307	967
308	339
308	422
308	460
308	507
308	643
308	783
308	845
308	849
310	511
310	606
310	785
310	823
311	696
312	977
313	336
313	416
313	429
313	556
313	659
313	660
313	785
313	823
313	876
313	952
314	376
314	559
314	602
314	641
314	684
314	737
314	783
314	811
314	851
314	927
314	939
314	967
315	348
315	563
315	843
316	409
316	544
316	579
316	623
316	639
316	661
316	845
316	903
317	885
318	389
318	540
318	807
318	866
319	455
319	527
319	574
319	607
319	634
319	642
319	791
319	865
319	984
319	992
320	422
320	468
320	488
320	573
320	867
321	379
321	400
321	406
321	424
321	437
321	480
321	572
321	644
321	653
321	779
321	802
321	934
322	323
322	345
322	550
322	552
322	604
323	440
323	474
323	533
323	790
323	838
324	632
324	861
324	868
325	394
325	395
325	429
325	469
325	525
325	637
325	839
325	897
325	904
325	966
325	974
326	381
326	588
326	656
326	661
326	786
326	903
327	534
327	567
327	601
327	623
327	708
327	710
327	770
327	816
327	964
328	674
328	804
328	927
329	338
329	366
329	419
329	422
329	468
329	492
329	520
329	542
329	603
329	609
329	622
329	762
329	814
329	856
329	899
330	392
330	413
330	424
330	645
330	686
330	834
330	986
331	504
331	541
331	657
331	658
331	676
331	889
331	982
332	513
332	550
332	579
332	603
332	689
332	703
334	338
334	361
334	382
334	469
334	498
334	895
334	913
335	351
335	634
335	803
335	944
335	996
336	391
336	497
336	509
336	823
336	952
337	542
337	564
337	572
337	578
337	602
337	628
337	670
337	907
337	919
337	979
338	365
338	392
338	393
338	502
338	520
338	580
338	609
338	634
338	658
338	661
338	762
339	397
339	602
339	643
339	681
339	803
339	911
340	478
340	480
340	641
341	435
341	492
341	869
342	565
343	854
344	450
344	463
344	508
344	625
344	676
344	814
344	968
345	532
345	552
345	579
345	593
345	661
345	701
345	789
345	837
345	839
345	966
345	990
347	445
347	466
347	492
347	511
347	520
347	550
347	766
347	770
347	914
347	952
348	412
348	413
348	641
349	478
350	600
350	627
350	670
350	677
350	766
350	869
350	969
350	984
351	444
351	506
351	574
351	576
351	607
351	678
351	696
351	702
351	865
351	956
352	528
352	764
352	774
352	861
352	916
353	366
353	592
353	632
353	656
353	868
354	458
354	621
354	802
355	556
355	714
355	833
355	857
355	876
356	525
356	529
356	549
356	581
356	622
356	662
356	664
356	706
356	737
356	769
356	773
356	812
356	816
356	840
356	853
357	519
357	548
357	973
358	477
358	685
358	697
358	721
358	791
358	801
358	812
358	963
358	992
359	604
359	725
359	795
359	917
359	967
359	986
360	691
361	372
361	936
362	437
362	461
362	654
362	719
362	986
362	992
363	606
363	708
363	782
363	867
363	902
364	804
364	928
365	376
365	382
365	402
365	414
365	453
365	564
365	803
365	955
365	974
366	496
366	518
366	769
367	431
367	453
367	491
367	571
368	589
368	690
368	692
368	787
369	389
369	471
369	479
369	509
369	568
369	570
369	580
369	582
369	721
369	752
369	800
369	812
369	830
369	863
369	898
369	997
370	495
370	510
370	542
370	555
370	572
370	654
370	706
370	734
370	744
370	746
370	803
370	899
370	939
370	998
371	411
371	419
371	792
372	376
372	380
372	402
372	405
372	422
372	570
372	646
372	820
372	845
372	874
372	907
372	911
372	913
373	518
373	816
373	835
374	485
374	498
374	578
374	628
374	698
374	719
374	863
374	911
374	926
374	986
376	382
376	564
376	581
376	672
376	693
376	778
376	853
376	955
376	997
377	503
377	574
377	780
377	819
377	855
379	514
379	712
379	950
379	998
380	395
380	413
380	491
380	544
380	564
380	779
380	828
381	716
381	864
382	623
382	644
382	651
382	681
382	762
382	778
382	839
382	911
383	425
383	558
383	586
383	709
383	798
383	804
384	419
384	447
384	555
384	576
384	602
384	742
384	836
384	865
384	967
384	969
384	984
384	985
385	455
385	640
385	642
385	814
385	904
385	969
385	980
386	426
386	501
386	584
386	594
386	659
386	694
386	871
387	392
387	416
387	419
387	484
387	488
387	531
387	570
387	623
387	662
387	725
387	752
387	782
387	803
387	853
387	856
387	897
387	904
387	917
387	924
388	392
388	495
388	688
388	693
388	737
388	779
388	792
388	802
388	899
389	416
389	473
389	504
389	541
389	550
389	610
389	785
390	494
391	471
391	473
391	500
391	520
391	539
391	636
391	664
391	692
391	711
391	830
391	971
392	698
392	711
392	752
392	839
392	863
392	888
392	907
392	934
392	937
393	428
393	444
393	484
393	692
393	773
393	948
394	420
394	429
394	552
394	838
394	864
394	950
395	397
395	543
395	614
395	936
396	579
396	695
397	453
397	514
397	614
397	950
397	965
398	438
398	529
398	602
398	635
398	711
398	759
398	791
398	801
398	952
399	522
399	767
400	433
400	512
400	558
400	654
400	779
400	818
400	874
400	923
401	521
401	548
401	772
401	780
401	872
401	879
402	534
402	542
402	593
402	726
402	727
402	759
402	841
402	907
402	955
402	994
403	437
403	506
403	545
403	551
403	602
403	693
403	783
403	882
403	933
403	934
405	513
405	520
405	600
405	698
405	845
405	890
405	911
405	919
405	974
406	424
406	478
406	667
406	811
406	851
407	713
407	847
408	469
408	475
408	539
408	604
409	511
409	695
409	710
409	769
409	838
410	427
410	508
410	517
410	589
410	750
410	760
411	506
411	555
411	607
411	709
411	842
411	963
412	635
413	424
413	451
413	483
413	712
413	727
413	792
414	433
414	477
414	628
414	654
414	742
414	818
414	923
414	927
414	939
416	459
416	550
416	593
416	637
416	644
416	672
416	770
416	830
416	853
416	937
418	557
418	577
418	737
418	806
418	834
418	923
418	978
419	451
419	455
419	460
419	525
419	542
419	603
419	654
419	907
419	914
419	974
419	994
420	464
420	552
420	595
420	722
421	449
421	488
421	513
421	860
421	907
421	966
422	429
422	434
422	769
422	828
422	869
422	908
423	463
423	496
423	567
423	582
423	770
423	785
423	881
424	451
424	507
424	719
424	792
424	802
424	834
424	927
424	986
425	460
425	585
425	758
425	759
425	822
425	858
425	937
426	575
426	636
426	692
426	829
426	880
426	959
427	609
427	624
427	631
427	705
427	773
427	812
427	827
427	948
428	447
428	473
428	549
428	644
428	651
428	670
428	681
428	772
428	853
428	865
428	894
428	984
429	434
429	469
429	533
429	603
431	470
431	561
431	841
432	665
432	719
432	811
433	495
433	545
433	558
433	635
433	733
433	737
433	841
433	851
433	917
433	967
434	524
434	613
434	614
434	617
434	835
435	518
435	601
435	682
435	707
435	861
436	447
436	484
436	529
436	545
436	557
436	577
436	587
436	634
436	678
436	719
436	863
436	926
436	967
436	974
437	495
437	505
437	516
437	595
437	667
437	712
437	802
437	894
437	927
437	970
437	986
438	540
438	791
438	793
438	848
438	937
438	996
439	470
439	534
439	552
439	626
439	627
439	680
439	745
439	790
439	832
439	861
439	952
439	964
440	533
440	588
440	720
440	790
440	873
440	908
440	921
441	507
441	513
441	572
441	742
441	816
441	820
441	823
441	914
441	919
441	949
441	986
443	612
443	659
444	477
444	525
444	576
444	610
444	633
444	662
444	692
444	702
444	705
444	865
444	923
444	937
445	576
445	582
445	646
445	692
445	823
445	830
445	865
445	910
445	985
446	456
446	707
446	714
447	573
447	582
447	634
447	670
447	752
447	766
447	778
447	823
447	839
447	858
447	883
447	910
449	452
449	632
449	656
449	661
449	680
449	764
449	786
450	620
450	646
450	659
450	782
450	876
451	512
451	523
451	665
451	719
451	737
451	849
451	998
452	534
452	588
452	786
453	558
453	564
453	737
453	775
453	897
453	911
454	586
454	731
455	460
455	610
455	631
455	657
455	662
455	670
455	684
455	728
455	770
455	793
455	904
455	935
455	969
456	487
456	740
457	493
457	612
457	832
457	867
457	902
458	535
458	813
459	484
459	509
459	660
459	778
459	945
460	515
460	529
460	549
460	591
460	633
460	711
460	721
460	937
461	555
461	697
461	709
461	953
462	929
462	952
463	466
463	521
463	623
463	646
463	745
463	823
464	524
464	789
464	843
464	936
465	763
466	520
466	570
466	579
466	629
466	661
466	677
466	708
466	823
466	869
466	952
466	980
467	577
467	731
467	877
467	935
468	534
468	604
468	623
468	716
468	738
468	769
468	861
469	474
469	498
469	571
469	597
469	966
470	561
470	617
470	796
471	492
471	520
471	550
471	564
471	651
471	681
471	823
471	931
471	955
471	974
472	594
472	887
473	496
473	511
473	513
473	606
473	631
473	657
473	749
473	846
473	888
473	980
474	524
474	838
475	509
475	531
475	604
475	689
475	710
475	789
475	828
475	897
475	966
475	974
475	983
476	513
476	898
476	952
477	500
477	509
477	515
477	574
477	705
477	830
477	840
477	882
477	973
478	811
478	915
478	941
479	794
479	889
479	891
481	690
481	910
482	503
482	819
483	667
483	675
483	878
483	884
484	529
484	702
484	783
484	865
484	904
484	926
484	937
485	514
485	785
485	890
485	895
485	966
485	986
486	562
487	861
487	938
488	520
488	606
488	681
488	742
488	769
488	801
488	888
488	979
489	536
489	629
489	655
489	703
489	745
489	902
491	524
491	533
491	544
491	706
491	888
491	995
492	496
492	593
492	693
492	695
492	708
492	734
492	769
492	845
492	908
492	993
493	616
495	523
495	641
495	653
495	693
495	726
495	737
495	848
495	917
495	953
495	967
495	975
495	986
496	534
496	580
496	616
496	725
496	886
496	969
497	532
497	643
497	832
497	833
497	914
497	945
497	955
498	544
498	550
498	581
498	863
498	949
499	834
500	573
500	644
500	684
500	706
500	749
500	791
500	840
500	945
502	521
502	674
502	730
502	858
502	870
504	664
504	937
504	971
505	585
505	705
505	717
505	737
505	811
505	953
505	975
506	555
506	635
506	654
506	744
506	836
506	848
506	958
507	513
507	692
507	727
507	817
507	899
507	967
508	754
509	657
509	699
509	708
509	783
509	926
509	969
510	597
510	941
510	975
511	786
511	837
511	852
511	875
511	992
512	542
512	544
512	719
512	726
512	875
512	898
512	899
512	911
512	917
513	567
513	593
513	602
513	623
513	689
513	711
513	785
513	856
513	983
514	813
515	527
515	529
515	574
515	635
515	672
515	706
515	734
515	742
515	882
515	937
516	686
516	709
516	746
516	792
516	800
516	818
516	870
516	930
516	975
517	636
517	825
518	532
518	691
518	707
518	710
518	764
518	831
518	938
519	548
519	819
520	571
520	603
520	604
520	646
520	651
520	762
520	908
520	980
521	726
521	800
521	820
521	933
521	934
521	967
523	529
523	545
523	733
523	798
523	834
523	841
523	874
523	875
523	939
523	953
524	569
524	775
524	796
524	843
524	873
525	578
525	628
525	681
525	711
525	712
525	725
525	744
525	762
525	933
525	934
526	702
526	823
526	832
526	952
527	577
527	670
527	697
527	717
527	721
527	730
527	731
527	953
528	916
529	581
529	585
529	610
529	693
529	744
529	755
529	812
529	817
530	713
531	552
531	567
531	603
531	646
531	684
531	752
531	814
531	908
531	914
531	955
532	579
532	680
532	867
532	897
532	990
533	666
533	701
533	864
533	873
534	598
534	647
534	679
534	778
535	563
535	767
537	720
537	805
537	868
537	908
538	798
539	579
539	593
539	603
539	627
539	628
539	695
539	716
539	734
539	919
539	966
540	804
540	827
540	840
540	842
540	973
541	638
541	935
541	956
542	558
542	602
542	628
542	717
542	726
542	737
542	802
542	882
542	926
542	927
542	992
543	643
543	917
543	995
544	651
544	681
544	814
544	853
544	967
545	558
545	607
545	727
545	746
545	766
545	927
545	930
545	967
547	753
547	960
547	968
547	991
548	822
548	872
548	948
549	568
549	573
549	576
549	699
549	728
549	749
549	773
549	858
549	898
549	924
549	945
549	993
550	581
550	582
550	606
550	610
550	644
550	689
550	785
551	574
551	633
551	678
551	772
551	812
551	822
551	879
551	933
551	968
552	614
552	835
552	873
553	758
553	900
554	591
554	674
554	675
554	834
554	944
554	978
555	565
555	670
555	718
555	818
555	978
556	580
556	657
556	716
556	745
556	754
556	867
556	896
557	586
557	718
557	948
558	581
558	712
558	926
558	927
558	998
559	595
559	768
559	917
559	965
560	713
560	746
560	961
560	989
561	790
562	736
562	743
562	857
563	587
563	641
563	926
564	917
565	585
566	777
566	918
567	580
567	769
567	945
567	994
568	610
568	821
568	876
568	968
570	603
570	638
570	684
570	823
571	578
571	919
571	966
572	602
572	874
572	904
572	917
572	926
572	967
572	986
573	577
573	651
573	734
573	744
573	749
573	993
574	685
574	817
574	899
575	594
575	624
575	690
575	772
575	846
575	951
575	996
576	577
576	582
576	670
576	702
576	706
576	770
576	773
576	822
576	880
576	924
576	935
576	979
577	725
577	728
577	730
577	744
577	762
577	828
577	853
578	804
578	917
578	949
578	986
579	609
579	852
579	897
579	958
580	582
580	610
580	856
580	876
580	896
580	969
581	634
581	640
581	684
581	688
581	769
581	823
581	839
581	888
581	907
581	949
581	967
581	974
581	986
582	635
582	692
583	727
583	878
583	892
584	718
585	696
585	717
585	875
585	939
585	942
586	653
586	709
586	726
586	744
586	804
587	813
587	835
587	915
588	666
588	805
588	838
588	885
588	940
589	728
590	781
590	918
591	602
591	686
591	731
591	737
591	746
591	834
591	912
591	927
591	930
591	949
591	970
591	986
592	618
592	637
592	687
592	818
592	839
592	903
592	955
592	974
593	603
593	623
593	664
593	703
593	708
593	814
593	914
593	934
594	651
594	772
594	829
595	597
595	643
595	839
595	907
595	911
597	768
597	865
597	949
598	647
598	768
598	816
598	866
598	869
598	931
599	896
599	983
600	603
600	644
600	896
600	908
600	919
600	964
600	974
601	647
601	831
601	938
602	634
602	665
602	672
602	734
602	744
602	923
602	994
602	998
603	604
603	644
603	658
603	683
603	703
603	766
603	986
604	828
604	869
605	751
606	623
606	640
606	684
606	744
606	852
606	997
607	822
607	849
607	883
607	907
607	937
607	970
609	646
609	716
609	740
609	785
609	832
609	852
610	749
610	852
610	993
612	615
612	740
612	860
612	962
613	668
613	797
614	741
614	783
614	796
614	835
614	843
615	616
616	679
616	832
616	971
617	622
617	843
617	873
618	639
618	707
620	736
620	742
620	866
620	876
620	937
622	693
622	800
622	899
622	927
623	640
623	658
623	768
623	902
623	955
623	969
623	983
624	749
624	827
624	924
625	757
626	666
626	720
626	868
627	655
627	680
627	861
628	653
628	719
629	677
629	745
629	861
631	692
631	761
631	793
632	921
633	678
633	711
633	812
634	678
634	681
634	693
634	711
634	725
634	781
634	808
634	895
634	996
635	678
635	755
635	858
635	947
635	956
635	965
636	759
636	761
637	661
637	681
637	708
637	987
637	990
638	642
638	829
638	832
638	863
638	965
639	823
639	830
640	698
640	706
640	728
640	734
640	762
640	766
640	934
640	958
640	979
640	992
641	717
641	727
642	662
642	785
642	907
642	934
643	664
643	845
643	853
643	913
643	983
644	651
644	684
644	692
644	705
644	728
644	863
644	993
645	653
645	674
645	717
645	930
645	944
645	965
646	760
646	786
646	833
646	898
646	903
646	914
646	952
647	695
647	716
647	796
648	718
648	773
648	822
648	948
649	857
651	670
651	693
651	706
651	728
651	779
651	795
651	869
651	898
651	945
651	984
653	654
653	841
653	930
653	941
653	965
653	967
653	999
654	674
654	712
654	717
654	849
654	892
654	923
654	950
655	832
656	671
656	680
656	873
657	716
657	766
658	913
659	714
660	745
660	860
660	993
661	680
661	710
661	764
662	728
662	734
662	749
662	997
663	730
663	731
663	780
664	681
664	728
664	752
664	770
664	888
664	898
664	923
665	851
665	941
666	790
666	885
666	921
667	878
668	747
668	989
669	765
669	972
670	698
670	770
670	839
670	997
671	701
671	778
671	913
671	964
672	762
672	773
672	795
672	804
672	979
674	717
674	726
674	808
674	949
675	806
676	745
676	782
676	794
676	910
677	864
678	702
678	711
678	948
678	956
678	996
679	859
679	860
680	796
680	816
680	828
680	964
680	987
681	734
681	897
681	945
681	949
681	974
684	706
684	759
684	766
684	890
684	898
684	907
684	969
685	746
685	770
685	817
685	820
685	842
685	984
686	975
687	725
687	789
687	845
687	882
688	990
689	708
689	823
689	832
689	839
689	974
690	731
690	788
690	880
690	887
691	921
691	938
692	699
692	728
692	731
693	721
693	762
693	818
693	845
693	863
693	974
693	978
693	994
694	772
695	823
695	859
696	784
696	978
697	872
697	875
698	762
698	766
698	785
698	860
698	882
698	945
698	949
698	958
699	721
699	749
699	761
699	772
699	788
699	825
699	871
699	959
701	845
702	739
702	770
702	879
702	963
703	742
703	782
703	852
703	869
703	898
703	952
703	980
703	993
705	711
705	770
706	762
706	839
706	875
706	888
706	907
706	933
706	994
707	789
707	861
707	938
708	766
708	769
708	975
709	804
709	874
709	892
709	953
710	837
710	903
711	730
711	752
711	800
711	836
711	904
712	802
713	733
713	748
713	847
714	765
714	866
716	732
716	752
716	820
716	860
716	867
716	898
716	919
716	964
717	737
717	806
717	834
717	875
717	907
717	911
717	939
717	998
718	842
718	862
718	924
719	727
719	818
719	834
719	975
721	830
721	862
721	882
721	883
721	934
721	935
722	995
723	743
723	859
724	891
725	744
725	795
725	836
725	967
726	731
726	744
726	841
726	926
726	984
727	802
727	818
727	851
727	930
727	975
728	742
728	749
728	776
728	914
728	979
729	826
731	812
731	877
733	899
733	944
734	841
734	888
734	923
734	967
735	782
735	976
735	977
736	832
736	866
737	870
737	926
737	998
742	762
742	768
742	773
742	820
742	848
742	858
742	904
742	934
743	782
744	856
744	875
744	894
744	899
744	907
744	971
744	994
745	823
745	903
745	914
745	971
746	800
746	841
746	851
748	957
749	785
750	857
750	960
751	844
751	929
752	766
752	904
752	917
753	771
753	794
753	889
754	865
755	842
755	855
755	858
755	912
756	868
756	885
756	993
758	791
758	947
759	795
759	801
759	817
759	939
760	772
760	787
760	871
760	900
760	951
761	771
761	772
761	788
761	891
761	910
761	951
761	968
761	982
762	904
762	933
762	984
763	988
765	876
765	952
766	890
766	939
766	974
766	980
766	983
768	779
768	818
769	778
769	856
771	807
771	880
772	825
774	921
775	852
775	950
776	959
777	804
778	852
779	917
779	943
779	983
782	833
783	802
783	926
784	819
784	906
784	978
785	821
785	823
785	839
785	863
785	876
785	914
785	952
785	966
785	997
786	790
786	796
786	861
787	881
787	963
788	807
788	968
788	991
789	816
789	868
791	817
791	822
791	842
791	912
791	963
791	973
792	892
792	907
792	944
793	924
793	985
794	887
795	845
795	945
795	949
796	805
796	868
799	864
800	853
800	875
801	817
801	849
801	933
801	949
802	899
802	975
802	998
803	837
803	888
803	890
803	911
803	917
803	969
804	822
804	849
804	907
804	942
805	885
806	878
807	827
807	935
807	960
808	995
811	892
812	877
812	967
813	999
815	886
815	938
816	908
817	836
817	877
817	907
817	949
817	955
818	834
818	915
819	947
820	853
820	865
820	894
820	904
820	907
820	945
820	993
821	866
821	889
821	972
822	880
822	970
823	869
823	914
823	952
823	971
823	979
825	846
825	889
825	956
827	858
827	866
827	891
827	956
827	993
828	839
828	852
828	952
828	958
829	857
829	871
829	956
830	836
830	865
830	887
830	935
830	980
831	916
832	867
834	930
834	939
834	953
836	848
836	875
836	923
836	970
837	864
837	903
837	919
838	943
840	858
840	907
840	969
840	996
841	912
841	937
841	941
841	974
842	870
842	948
842	956
844	922
845	856
846	880
848	904
848	937
848	956
848	967
848	993
849	875
849	923
849	942
851	899
851	986
852	903
852	919
853	904
853	980
854	975
856	863
856	895
856	923
856	955
856	969
858	879
858	948
858	963
858	985
860	902
860	971
861	921
863	908
863	953
865	914
865	934
865	979
866	914
866	968
869	980
870	894
871	951
872	876
872	909
872	910
873	990
874	939
875	888
875	930
877	912
877	942
878	906
880	924
880	935
881	910
882	993
883	973
884	957
885	886
887	893
888	994
889	891
889	985
890	927
890	994
895	934
896	964
897	903
897	955
897	966
897	974
898	987
899	904
899	965
899	984
900	959
903	917
903	931
904	992
907	933
908	931
908	964
909	918
910	924
911	949
911	974
912	992
913	966
913	990
914	934
917	923
922	972
923	930
924	963
926	933
926	986
930	998
933	992
933	994
934	958
934	969
935	958
935	984
936	950
939	998
941	950
941	975
942	978
942	982
944	948
945	987
948	963
948	996
949	967
949	992
955	969
956	963
958	984
958	994
967	984
969	982
969	987
973	979
986	998
