0	206
0	404
0	546
0	931
0	973
1	813
1	866
2	905
3	11
3	22
3	80
3	147
3	280
3	288
3	305
3	338
3	393
3	418
3	432
3	462
3	597
3	873
3	942
3	949
3	988
3	998
4	72
4	564
4	668
4	758
5	114
5	283
5	315
5	347
5	474
5	489
5	636
5	650
5	769
5	911
5	916
5	930
5	955
6	37
6	108
6	122
6	146
6	264
6	369
6	383
6	625
6	629
6	706
6	836
6	847
6	852
6	902
6	944
7	22
7	59
7	115
7	132
7	138
7	338
7	356
7	483
7	630
7	638
7	662
7	837
7	855
7	864
7	867
7	894
7	943
7	960
7	967
7	984
7	988
8	66
8	547
8	860
9	411
9	478
9	610
9	722
9	890
10	24
10	230
10	342
10	442
10	502
10	533
10	665
10	869
10	944
10	972
11	52
11	65
11	76
11	144
11	169
11	240
11	311
11	602
11	691
11	743
11	796
11	833
11	854
11	942
11	961
11	969
12	46
12	213
12	517
12	651
12	761
12	839
13	165
13	232
13	249
13	268
13	285
13	322
13	338
13	416
13	518
13	582
13	720
13	773
13	926
14	393
14	957
15	24
15	181
15	311
15	345
15	722
15	743
15	852
15	944
16	125
16	215
16	319
16	348
16	586
16	604
16	686
16	728
16	829
16	844
16	977
17	61
17	131
17	139
17	187
17	225
17	238
17	257
17	343
17	348
17	354
17	401
17	403
17	431
17	636
17	819
17	851
17	868
17	902
17	912
17	954
17	976
18	190
18	293
18	331
18	381
18	389
18	439
18	589
18	858
18	902
19	65
19	281
19	293
19	311
19	348
19	355
19	363
19	409
19	438
19	439
19	479
19	520
19	543
19	607
19	625
19	698
19	837
19	840
19	855
19	868
19	967
20	83
20	88
20	94
20	122
20	140
20	184
20	260
20	294
20	345
20	348
20	376
20	551
20	629
20	638
20	855
20	878
21	59
21	229
21	420
21	577
21	612
21	659
21	882
21	896
21	958
21	990
22	167
22	222
22	271
22	435
22	563
23	27
23	53
23	84
23	108
23	115
23	122
23	236
23	256
23	258
23	281
23	455
23	479
23	563
23	661
23	663
23	718
23	774
23	918
24	83
24	345
24	352
24	724
24	945
25	79
25	115
25	161
25	167
25	273
25	321
25	347
25	351
25	370
25	563
25	658
25	663
25	785
25	842
25	864
25	910
25	971
25	986
25	988
26	267
26	726
27	135
27	146
27	169
27	236
27	409
27	441
27	455
27	543
27	557
27	636
27	831
27	833
27	915
27	956
27	979
28	96
28	279
28	368
28	510
28	820
28	952
28	993
29	93
29	96
29	174
29	175
29	246
29	302
29	328
29	415
29	454
29	543
29	695
29	747
29	875
29	991
30	68
30	201
30	381
30	480
30	492
30	633
30	697
30	726
30	935
30	984
31	700
31	783
32	34
32	53
32	62
32	65
32	185
32	210
32	256
32	281
32	294
32	305
32	351
32	605
32	630
32	721
32	967
33	414
33	519
33	569
33	845
33	935
33	984
34	106
34	119
34	330
34	339
34	415
34	644
34	656
34	666
34	775
34	833
34	926
34	996
35	744
36	59
36	65
36	88
36	132
36	269
36	280
36	300
36	393
36	406
36	567
36	645
36	689
36	800
36	864
36	891
36	971
36	996
37	84
37	135
37	138
37	146
37	175
37	199
37	275
37	278
37	365
37	369
37	389
37	624
37	634
37	739
37	770
37	774
37	814
37	850
37	892
37	910
38	70
38	72
38	136
38	170
38	246
38	306
38	308
38	399
38	497
38	541
38	543
38	747
38	805
38	895
38	940
38	951
38	982
39	66
39	121
39	259
39	503
40	238
40	407
40	697
41	49
41	151
41	280
41	395
41	476
41	633
41	663
41	705
41	822
42	517
42	823
43	105
43	188
43	438
43	606
43	717
43	830
43	874
44	337
44	368
44	704
44	797
44	869
44	896
44	945
45	127
45	211
45	212
45	217
45	394
45	410
45	748
45	763
45	830
45	848
45	889
46	308
46	627
46	681
46	694
46	792
46	794
46	861
47	131
47	157
47	230
47	236
47	281
47	361
47	379
47	541
47	807
47	847
47	862
48	177
49	167
49	283
49	331
49	346
49	347
49	474
49	565
49	651
49	876
50	67
50	140
50	362
50	520
50	549
50	776
50	857
50	869
50	966
51	161
51	544
51	586
51	690
51	733
51	822
51	936
52	141
52	196
52	339
52	373
52	429
52	458
52	498
52	522
52	800
52	854
52	974
53	137
53	160
53	273
53	385
53	409
53	515
53	614
53	638
53	659
53	790
53	842
53	954
53	975
54	144
54	165
54	182
54	200
54	321
54	369
54	385
54	655
54	663
54	733
54	876
54	879
54	906
54	918
54	952
55	142
55	218
55	290
55	345
55	365
55	390
55	420
55	455
55	532
55	616
55	625
55	634
55	728
55	821
55	855
56	306
56	330
56	400
56	515
56	558
56	575
56	829
56	856
56	955
57	245
57	941
58	136
58	156
58	252
58	542
58	564
58	764
58	882
58	937
59	130
59	137
59	211
59	246
59	285
59	298
59	320
59	330
59	409
59	554
59	602
59	609
59	645
59	715
59	801
59	804
59	875
59	950
59	961
60	86
60	230
60	260
60	300
60	302
60	385
60	462
60	504
60	516
60	549
60	580
60	595
60	605
60	787
60	808
60	824
60	852
60	869
60	944
60	952
61	407
61	462
61	634
61	674
61	745
61	771
61	830
61	963
61	967
62	100
62	115
62	163
62	264
62	267
62	300
62	337
62	348
62	434
62	485
62	540
62	614
62	636
62	688
62	868
62	871
63	239
63	672
63	673
63	907
63	951
64	616
64	642
64	825
64	870
64	931
65	97
65	109
65	250
65	355
65	402
65	433
65	497
65	602
65	645
65	648
65	691
65	948
66	244
66	377
66	897
67	94
67	146
67	186
67	238
67	314
67	389
67	541
67	634
67	709
67	745
67	774
67	821
67	824
67	908
67	953
68	116
68	141
68	177
68	308
68	369
68	385
68	455
68	686
68	918
69	699
70	231
70	338
70	393
70	429
70	473
70	582
70	730
70	777
70	802
70	848
72	130
72	188
72	399
72	446
72	689
72	898
72	942
72	958
73	151
73	326
73	783
74	81
74	189
74	199
74	238
74	294
74	419
74	444
74	462
74	595
74	609
74	674
74	787
74	821
74	839
74	841
74	850
74	950
74	968
75	206
75	290
75	298
75	300
75	337
75	342
75	379
75	390
75	465
75	470
75	520
75	709
75	870
75	917
75	953
76	141
76	280
76	393
76	577
76	666
76	713
76	830
76	969
76	988
77	274
77	337
79	116
79	282
79	408
79	410
79	444
79	602
79	630
79	827
79	829
79	864
79	867
79	894
80	144
80	282
80	308
80	401
80	438
80	644
80	717
80	800
80	867
80	873
80	959
81	146
81	199
81	367
81	376
81	389
81	531
81	625
81	718
81	742
81	869
81	871
82	83
82	87
82	93
82	110
82	122
82	383
82	445
82	521
82	543
82	580
82	800
82	953
83	100
83	281
83	297
83	363
83	367
83	369
83	376
83	441
83	462
83	521
83	580
83	590
83	632
83	706
83	801
83	898
83	932
83	946
83	977
83	998
84	200
84	273
84	280
84	311
84	367
84	521
84	625
84	632
84	721
84	754
84	762
84	953
85	134
85	152
85	166
85	175
85	185
85	218
85	272
85	289
85	311
85	355
85	359
85	376
85	383
85	434
85	454
85	516
85	533
85	606
85	612
85	736
85	851
85	883
85	896
85	932
86	100
86	122
86	128
86	146
86	185
86	191
86	311
86	441
86	460
86	532
86	638
86	678
86	801
86	833
86	855
86	894
87	123
87	126
87	352
87	511
87	527
87	605
87	689
87	698
87	704
87	945
88	131
88	167
88	185
88	294
88	328
88	330
88	363
88	445
88	460
88	495
88	506
88	605
88	612
88	898
88	923
88	952
88	969
89	100
89	173
89	235
89	258
89	286
89	311
89	367
89	376
89	434
89	455
89	520
89	525
89	531
89	616
89	682
89	762
89	779
89	960
90	108
90	315
90	563
90	604
90	676
90	686
90	811
90	839
90	942
90	948
90	957
91	125
91	228
91	719
92	108
92	131
92	177
92	201
92	489
92	519
92	604
92	617
92	789
92	815
92	868
92	911
92	962
92	984
93	105
93	221
93	238
93	277
93	350
93	413
93	495
93	521
93	796
93	892
93	896
93	898
93	932
93	990
93	993
94	128
94	181
94	202
94	267
94	621
94	629
94	635
94	871
95	321
95	393
95	409
95	501
95	573
95	666
95	756
95	831
95	926
95	947
95	959
96	109
96	113
96	352
96	358
96	359
96	420
96	466
96	486
96	596
96	600
96	605
96	731
97	188
97	432
97	454
97	522
97	577
97	598
97	826
99	513
99	760
100	173
100	189
100	238
100	260
100	434
100	445
100	472
100	483
100	531
100	645
100	688
100	706
100	808
100	844
100	855
101	257
101	265
101	407
101	566
101	576
101	634
102	141
102	189
102	250
102	308
102	385
102	394
102	400
102	424
102	479
102	570
102	614
102	682
102	706
103	129
103	266
103	458
103	788
104	443
104	454
104	717
104	828
104	833
105	185
105	207
105	242
105	433
105	467
105	551
105	605
105	827
105	830
105	946
105	952
105	990
105	991
106	229
106	240
106	339
106	387
106	438
106	497
106	516
106	551
106	689
106	800
106	892
106	926
106	932
106	942
106	969
106	998
107	154
107	857
107	874
107	982
108	138
108	165
108	190
108	211
108	236
108	271
108	277
108	306
108	360
108	435
108	482
108	556
108	661
108	723
108	733
108	785
108	829
108	843
108	881
109	123
109	126
109	135
109	195
109	352
109	411
109	511
109	588
109	886
109	946
110	134
110	135
110	223
110	258
110	280
110	348
110	432
110	443
110	549
110	632
110	706
110	726
110	976
111	163
111	236
111	362
111	403
111	485
111	546
111	615
111	674
112	588
112	846
113	239
113	411
113	585
113	669
113	937
114	143
114	357
114	503
114	575
114	911
115	200
115	394
115	422
115	435
115	667
115	789
116	127
116	139
116	171
116	182
116	323
116	346
116	347
116	414
116	452
116	604
116	651
116	723
116	735
116	843
116	887
116	891
116	976
116	998
117	528
118	327
118	515
118	809
118	956
119	198
119	213
119	285
119	751
119	899
120	135
120	184
120	195
120	207
120	289
120	300
120	413
120	445
120	506
120	551
120	562
120	605
120	775
120	797
120	852
120	920
120	932
120	993
121	277
121	283
121	347
121	397
121	453
121	489
121	571
121	933
122	142
122	169
122	202
122	207
122	235
122	279
122	311
122	431
122	445
122	516
122	521
122	580
122	605
122	632
122	678
122	851
122	869
122	923
122	948
122	953
122	967
123	329
123	341
123	588
123	753
123	915
124	194
124	671
124	862
125	161
125	197
125	336
125	439
125	505
125	655
125	782
125	822
125	931
126	145
126	324
126	588
126	619
126	874
127	137
127	222
127	358
127	584
127	652
127	689
127	837
127	984
128	144
128	173
128	290
128	589
128	687
128	762
128	849
128	908
130	530
130	559
130	676
130	696
130	828
130	840
131	275
131	286
131	298
131	462
131	612
131	687
131	754
131	870
131	894
131	977
132	160
132	351
132	662
132	676
132	694
132	715
132	777
132	853
132	967
133	284
133	338
133	349
133	773
133	914
133	970
134	142
134	173
134	189
134	191
134	299
134	306
134	405
134	438
134	444
134	487
134	504
134	505
134	541
134	552
134	580
134	590
134	596
134	687
134	698
134	807
134	808
134	827
134	883
134	953
135	169
135	182
135	215
135	225
135	258
135	298
135	319
135	355
135	358
135	370
135	607
135	659
135	689
135	831
135	850
135	938
136	560
136	861
136	914
137	185
137	360
137	370
137	400
137	422
137	515
137	565
137	686
137	702
137	733
137	746
137	789
137	829
138	146
138	278
138	319
138	321
138	348
138	367
138	376
138	462
138	531
138	549
138	625
138	808
138	852
138	963
138	976
139	184
139	256
139	275
139	316
139	378
139	389
139	634
139	642
139	762
139	782
139	850
139	858
139	954
139	967
139	969
139	977
139	984
140	195
140	215
140	266
140	297
140	449
140	486
140	509
140	510
140	611
140	698
140	999
141	239
141	289
141	305
141	406
141	438
141	577
141	676
141	704
141	717
141	833
141	893
141	958
142	189
142	286
142	338
142	348
142	355
142	376
142	433
142	462
142	504
142	525
142	570
142	625
142	718
142	754
142	847
142	855
142	894
142	898
142	910
142	967
142	976
143	209
143	778
143	834
143	928
144	242
144	263
144	279
144	356
144	358
144	456
144	467
144	495
144	504
144	629
144	663
144	691
144	786
144	800
144	894
144	902
144	953
146	294
146	348
146	436
146	531
146	595
146	653
146	827
146	855
146	872
147	170
147	185
147	188
147	311
147	317
147	324
147	495
147	593
147	614
147	628
147	833
147	854
147	942
147	960
147	991
148	673
149	333
151	171
151	512
151	684
151	690
151	981
152	235
152	238
152	275
152	350
152	678
152	721
152	850
152	871
152	908
153	204
153	384
153	736
154	266
154	456
154	611
154	664
154	817
154	874
155	161
155	258
155	331
155	346
155	436
155	489
155	512
155	650
155	712
155	723
155	919
156	305
156	432
156	473
156	542
156	606
156	644
156	659
156	802
157	202
157	206
157	267
157	286
157	533
157	908
158	278
158	303
158	360
158	483
158	632
158	745
158	808
158	953
159	213
159	249
159	416
159	535
159	685
159	805
159	899
160	182
160	271
160	273
160	406
160	438
160	649
160	777
161	316
161	441
161	483
161	505
161	575
161	597
161	785
161	876
161	955
161	983
162	213
162	217
162	315
162	458
162	656
162	720
162	830
162	950
162	989
163	206
163	533
163	687
163	818
163	855
164	283
164	514
165	330
165	338
165	351
165	394
165	400
165	501
165	628
165	689
165	789
165	926
165	947
165	971
165	988
166	196
166	210
166	341
166	669
167	385
167	400
167	409
167	441
167	455
167	515
167	650
167	662
167	666
167	746
167	837
168	865
168	925
169	281
169	351
169	364
169	365
169	525
169	630
169	633
169	718
169	945
169	966
169	967
170	747
171	321
171	365
171	397
171	981
172	186
172	263
172	471
172	481
172	576
172	586
172	599
172	976
173	215
173	281
173	324
173	525
173	529
173	541
173	630
173	635
173	642
173	808
173	827
173	850
173	920
174	252
174	268
174	366
174	699
174	722
174	725
175	299
175	438
175	543
175	555
175	674
175	704
175	743
175	781
175	797
175	804
175	819
175	883
176	469
176	508
176	700
177	283
177	372
177	451
177	476
177	499
177	584
177	697
177	723
177	842
177	919
177	963
179	254
179	798
180	347
180	410
180	414
180	489
180	538
180	580
180	584
180	735
180	742
180	864
180	911
181	238
181	348
181	431
181	471
181	625
181	642
181	674
181	688
181	765
181	808
181	900
181	973
182	319
182	370
182	389
182	609
182	614
182	733
182	889
182	947
182	948
182	975
182	988
183	205
183	473
183	555
183	720
183	722
183	767
183	830
183	838
184	218
184	300
184	379
184	390
184	549
184	635
184	665
184	898
184	932
185	317
185	355
185	358
185	402
185	406
185	413
185	434
185	551
185	645
185	648
185	779
185	836
185	883
186	187
186	257
186	269
186	354
186	531
186	566
186	634
186	688
186	762
186	878
186	931
187	976
188	248
188	373
188	399
188	406
188	418
188	443
188	455
188	506
188	559
188	676
188	830
188	892
189	286
189	305
189	364
189	444
189	739
189	833
189	943
189	948
190	199
190	360
190	365
190	382
190	512
190	633
190	735
190	936
190	943
190	960
191	281
191	494
191	595
191	635
191	818
191	878
192	248
192	280
192	338
192	387
192	657
192	715
192	861
192	969
192	989
193	269
193	529
193	825
193	849
194	340
194	626
194	917
195	302
195	352
195	399
195	516
195	537
195	551
195	614
195	664
195	665
195	780
195	804
195	820
195	836
195	840
195	875
195	972
196	239
196	289
196	420
196	473
196	497
196	543
196	722
196	753
196	804
196	830
196	927
197	544
198	905
198	926
199	278
199	293
199	336
199	364
199	378
199	474
199	658
199	787
199	808
199	968
200	315
200	336
200	355
200	364
200	365
200	401
200	689
200	765
200	968
200	992
201	245
201	283
201	288
201	474
201	750
201	783
202	291
202	439
202	449
202	509
202	687
202	688
202	766
202	847
202	869
202	950
203	339
203	387
203	676
203	715
203	730
203	873
204	342
204	549
204	619
204	929
205	246
205	623
205	873
205	940
206	371
207	260
207	345
207	355
207	405
207	698
207	731
207	780
207	827
207	993
208	214
208	411
208	660
209	556
209	594
209	651
209	676
209	845
209	864
210	417
210	426
210	645
210	704
210	796
210	801
210	840
211	315
211	381
211	397
211	408
211	444
211	515
211	713
211	732
211	971
212	271
212	422
212	567
212	582
212	592
212	607
212	628
212	667
212	780
212	893
212	955
212	998
213	284
213	397
213	430
213	487
213	518
213	763
213	913
213	928
214	252
214	327
214	583
214	725
214	990
215	225
215	240
215	273
215	438
215	483
215	521
215	625
215	702
215	853
215	883
215	943
215	948
216	334
216	673
217	310
217	418
217	582
217	628
217	694
217	703
217	746
217	794
218	314
218	590
218	629
218	810
218	814
218	902
218	917
219	275
219	351
219	373
219	391
219	393
219	418
219	497
219	522
219	567
219	575
219	609
219	638
219	702
219	795
219	833
219	864
219	901
219	947
220	844
220	924
221	467
221	551
221	585
221	606
221	645
221	704
221	780
221	797
221	801
221	802
221	840
221	927
221	932
221	974
222	565
222	777
222	792
223	308
223	432
223	517
223	577
223	628
223	764
223	786
223	873
225	293
225	360
225	369
225	431
225	567
225	728
225	740
225	785
225	814
225	850
225	960
225	968
226	972
227	529
227	862
228	361
228	622
228	709
228	771
229	305
229	411
229	413
229	780
229	920
229	951
229	990
230	299
230	337
230	379
230	465
230	546
230	549
230	653
230	821
230	917
231	913
232	248
232	284
232	333
232	349
232	631
232	701
232	751
232	773
233	255
233	354
233	440
233	682
233	684
233	705
233	728
233	754
233	782
234	427
234	730
234	863
234	955
235	238
235	363
235	389
235	403
235	431
235	632
235	688
235	889
235	960
236	371
236	521
236	615
236	682
236	709
236	774
236	819
237	854
237	980
237	990
237	996
238	275
238	531
238	605
238	607
238	624
238	663
238	814
238	837
238	872
239	341
239	517
239	585
239	676
239	714
239	937
240	302
240	321
240	406
240	551
240	590
240	593
240	606
240	661
240	715
240	800
240	998
241	288
241	778
241	806
242	264
242	297
242	302
242	353
242	359
242	466
242	516
242	562
242	833
242	883
242	958
242	979
244	489
246	420
246	460
246	542
246	555
246	577
246	673
246	702
246	804
246	854
246	874
246	969
248	685
248	773
248	792
249	507
249	570
249	686
249	758
249	811
249	834
249	970
249	987
250	251
250	280
250	409
250	802
250	864
250	867
250	943
250	998
251	394
251	406
251	435
251	444
251	479
251	563
251	614
251	829
251	926
252	366
252	598
252	714
253	318
253	491
254	778
255	386
255	534
255	539
255	586
255	650
255	881
255	911
255	924
256	281
256	293
256	348
256	444
256	455
256	509
256	705
256	740
256	868
256	931
256	954
257	485
257	620
257	745
257	774
257	776
257	825
257	978
258	319
258	332
258	347
258	348
258	591
258	638
258	661
258	686
258	841
258	848
258	856
258	960
258	976
259	285
259	331
259	512
259	742
259	887
259	975
260	266
260	267
260	272
260	300
260	516
260	580
260	612
260	731
260	827
260	847
260	920
260	953
261	514
261	750
261	906
262	282
262	538
262	539
262	727
262	799
262	881
262	981
263	323
263	674
263	765
263	912
264	281
264	294
264	324
264	356
264	358
264	369
264	420
264	525
264	580
264	653
264	691
264	791
264	875
264	932
264	988
264	990
265	671
265	776
266	345
266	362
266	443
266	456
266	611
266	664
266	775
266	869
266	886
266	999
267	362
267	533
267	908
267	944
268	313
268	420
268	598
268	623
269	293
269	323
271	325
271	385
271	409
271	422
271	435
271	558
271	559
271	662
271	763
271	963
272	345
272	698
272	760
272	800
272	859
272	886
273	279
273	306
273	391
273	409
273	501
273	586
273	625
273	697
273	918
273	943
275	367
275	638
275	658
275	661
275	728
275	754
275	814
275	977
276	326
276	482
277	346
277	370
277	372
277	400
277	515
277	662
277	733
277	740
277	748
277	864
277	971
277	981
278	365
278	599
278	726
278	770
278	844
279	317
279	337
279	352
279	359
279	545
279	640
279	688
279	779
280	339
280	355
280	363
280	383
280	401
280	422
280	473
280	483
280	559
280	659
280	678
280	702
280	808
280	875
280	923
281	367
281	422
281	441
281	444
281	455
281	501
281	595
281	678
281	686
281	721
281	774
281	802
281	814
281	855
281	862
281	872
282	346
282	515
282	609
282	663
282	705
282	718
282	835
283	315
283	346
283	394
283	414
283	427
283	432
283	768
283	911
283	919
283	963
284	320
284	373
284	608
284	652
284	758
284	788
284	899
285	310
285	473
285	701
285	730
285	896
286	379
286	390
286	520
286	629
286	653
286	709
286	779
286	827
286	878
286	908
287	325
287	347
287	503
287	638
287	686
287	689
287	891
287	911
287	933
287	943
287	957
287	960
288	301
288	339
288	594
289	302
289	356
289	390
289	405
289	531
289	570
289	597
289	611
289	698
289	842
290	348
290	362
290	485
290	540
290	644
290	653
290	807
290	917
290	973
291	342
291	532
291	540
291	704
291	731
291	760
291	869
291	888
292	623
292	668
293	294
293	378
293	634
293	638
293	653
293	674
293	774
293	808
293	850
293	912
293	976
293	990
294	389
294	410
294	435
294	438
294	485
294	597
294	723
294	754
294	856
294	872
294	967
294	976
295	371
295	862
296	329
296	574
296	660
296	669
296	772
296	874
297	405
297	521
297	549
297	974
298	364
298	369
298	383
298	441
298	479
298	521
298	522
298	718
298	814
298	894
298	961
299	367
299	376
299	383
299	391
299	498
299	509
299	549
299	580
299	641
299	754
299	762
299	847
299	864
299	902
300	305
300	363
300	403
300	532
300	664
300	687
300	688
300	808
300	870
301	374
301	734
302	417
302	443
302	629
302	664
302	760
302	883
302	896
302	901
302	920
303	727
303	766
303	877
304	326
304	700
305	324
305	383
305	438
305	506
305	541
305	562
305	614
305	645
305	707
305	880
305	932
305	952
306	321
306	358
306	400
306	406
306	551
306	609
306	614
306	739
306	740
306	837
306	856
307	621
308	393
308	418
308	432
308	577
308	676
308	746
308	753
308	942
309	343
309	493
309	587
309	908
310	333
310	696
310	715
311	383
311	506
311	552
311	605
311	632
311	827
311	847
311	932
312	481
312	566
312	771
312	992
313	463
313	585
314	465
315	476
315	501
315	521
315	556
315	592
315	703
315	746
315	789
315	893
315	971
316	370
316	504
316	538
316	558
316	643
316	938
316	971
316	984
317	449
317	510
317	549
317	605
317	698
317	880
317	999
318	693
318	836
318	927
319	370
319	400
319	455
319	705
319	715
319	719
319	748
319	808
319	816
319	837
319	954
319	977
319	992
320	475
320	507
320	542
320	563
320	608
320	639
320	764
320	777
320	947
320	959
321	330
321	385
321	397
321	563
321	638
321	649
321	662
321	774
321	785
321	894
321	910
321	948
322	458
322	648
323	386
323	828
323	870
324	367
324	413
324	443
324	445
324	516
324	543
324	562
324	593
324	606
324	790
324	801
324	855
324	920
324	993
325	435
325	514
325	591
325	697
325	723
325	769
327	523
327	716
328	443
328	542
328	722
329	426
329	511
329	669
329	704
329	722
330	351
330	495
330	567
330	948
331	372
331	566
331	636
331	768
331	835
331	887
331	963
332	440
332	636
332	887
332	943
333	416
334	373
334	497
334	722
334	940
335	513
336	354
336	360
336	765
336	819
336	868
336	912
337	342
337	857
338	391
338	393
338	479
338	602
338	628
338	666
338	696
338	804
338	832
338	853
338	861
338	901
339	552
339	717
339	901
339	913
340	529
341	443
341	602
341	660
341	669
341	731
341	764
341	846
341	937
342	502
342	561
342	859
342	929
343	381
343	599
343	710
343	771
344	742
344	843
345	932
346	474
346	617
346	633
346	643
346	650
346	697
346	735
346	769
346	815
346	918
346	977
347	360
347	408
347	476
347	565
347	575
347	757
347	768
347	775
347	789
347	919
347	928
347	963
348	365
348	614
348	624
348	641
348	674
348	726
348	872
348	880
348	912
348	973
349	473
349	487
349	507
349	518
349	570
349	582
349	592
349	851
349	882
349	942
350	619
350	664
350	779
350	966
351	355
351	435
351	689
351	739
351	777
351	847
351	848
351	864
351	872
351	960
352	417
352	450
352	456
352	525
352	678
352	743
352	817
352	874
352	883
352	952
353	502
353	621
353	827
354	378
354	441
354	858
354	912
355	376
355	383
355	433
355	495
355	521
355	554
355	739
355	754
355	840
356	376
356	391
356	429
356	531
356	595
356	598
356	695
356	856
356	932
356	942
357	962
358	406
358	543
358	644
358	648
358	706
358	800
358	875
358	889
358	891
358	966
358	998
359	419
359	454
359	465
359	470
359	611
359	695
359	776
359	880
359	920
359	945
360	370
360	397
360	705
360	770
360	858
360	918
360	971
360	981
361	371
361	485
361	520
361	546
361	819
361	852
362	369
362	379
362	390
362	540
362	640
362	762
362	776
362	908
362	917
362	976
363	376
363	379
363	433
363	441
363	521
363	540
363	552
363	625
363	814
363	852
363	894
364	389
364	606
364	614
364	630
364	689
364	746
364	802
364	892
364	923
364	952
365	493
365	529
365	624
365	688
365	754
365	762
365	774
365	868
365	877
366	446
366	552
366	838
367	389
367	403
367	441
367	595
367	609
367	774
367	777
367	790
367	808
367	871
368	454
368	502
368	529
368	653
368	665
368	678
368	810
368	880
368	999
369	409
369	422
369	424
369	479
369	562
369	614
369	650
369	691
369	781
369	853
369	894
369	950
369	959
369	971
369	998
370	409
370	410
370	414
370	639
370	732
370	867
370	906
370	971
371	403
371	549
371	824
371	866
371	869
371	973
372	414
372	538
372	712
372	911
373	555
373	559
373	696
373	801
373	940
373	942
374	941
375	491
376	441
376	691
376	774
376	852
376	944
377	965
378	512
378	632
378	648
378	705
378	790
378	977
379	392
379	525
379	635
379	642
379	855
379	908
380	693
381	505
381	591
381	663
381	750
381	856
381	950
381	968
381	992
382	436
382	480
382	505
382	835
383	420
383	434
383	516
383	521
383	531
383	602
383	682
383	826
383	946
384	557
384	562
384	618
385	400
385	501
385	575
385	609
385	748
385	777
385	938
385	943
385	950
385	960
385	963
386	576
386	603
387	402
387	419
387	422
387	434
387	460
387	593
387	797
387	800
387	801
387	828
387	915
387	932
388	866
389	395
389	400
389	431
389	501
389	575
389	819
389	855
389	856
389	902
389	932
390	449
390	580
390	640
390	687
390	869
390	977
391	501
391	521
391	689
391	979
392	433
392	557
392	632
392	796
392	871
393	487
393	694
393	800
393	926
393	947
393	949
394	401
394	410
394	424
394	452
394	479
394	501
394	554
394	648
394	696
394	715
394	746
394	767
394	829
394	853
394	864
395	733
396	743
396	779
396	817
396	886
396	972
397	474
397	512
397	594
397	652
397	735
397	768
397	947
398	447
399	497
399	551
399	556
399	689
399	717
399	780
399	826
399	854
399	875
399	953
399	998
400	408
400	428
400	451
400	461
400	480
400	519
400	565
400	604
400	663
400	684
400	723
400	829
400	986
400	996
401	418
401	543
401	567
401	570
401	608
401	648
401	667
401	723
401	848
402	429
402	495
402	535
402	687
402	722
402	797
402	979
403	449
403	525
403	634
403	688
403	774
403	968
404	818
405	417
405	420
405	434
405	537
405	562
405	596
405	820
405	946
405	961
406	431
406	462
406	506
406	715
406	784
406	830
406	832
406	942
406	957
407	931
408	424
408	435
408	483
408	662
408	769
408	795
408	843
408	891
408	959
409	422
409	424
409	435
409	483
409	597
409	666
409	723
409	732
409	733
409	832
409	977
410	563
410	584
410	893
410	902
410	949
410	950
411	437
411	466
411	530
411	567
411	753
413	438
413	506
413	543
413	691
413	828
413	855
413	910
413	979
413	990
414	436
414	512
414	558
414	563
414	575
414	604
414	633
414	643
414	800
414	938
414	963
415	458
415	497
415	593
415	648
415	730
415	737
415	828
415	882
415	949
416	627
416	861
416	914
416	941
416	958
417	429
417	678
417	781
417	846
417	875
417	943
417	974
418	602
418	659
418	667
418	775
418	791
418	828
418	955
418	961
419	456
419	820
419	857
420	432
420	473
420	585
420	956
422	461
422	597
422	893
422	988
424	479
424	570
424	893
424	947
425	881
426	443
426	454
426	465
426	466
426	530
426	562
426	836
426	890
426	974
426	993
427	452
427	515
427	538
427	558
427	573
427	584
427	617
427	748
428	554
428	627
428	732
428	955
428	971
429	531
429	562
429	597
429	625
429	689
429	691
429	830
429	883
429	946
429	968
429	998
430	627
430	861
431	549
431	558
431	641
431	762
431	787
431	808
431	821
431	954
431	977
432	522
432	552
432	563
432	656
432	676
432	828
432	942
432	949
433	597
433	661
433	706
433	748
433	833
433	910
434	460
434	596
434	659
434	797
434	852
434	896
435	575
435	602
435	703
435	718
435	732
435	867
435	943
436	440
436	584
436	624
436	650
436	697
437	467
437	753
437	854
437	883
437	923
438	520
438	595
438	606
438	661
438	689
438	780
438	789
438	857
438	892
438	960
439	485
440	505
440	733
441	498
441	521
441	728
441	883
441	892
441	952
441	966
441	998
442	465
442	525
442	545
442	731
442	760
442	857
443	467
443	506
443	543
443	596
443	611
443	764
443	804
443	840
443	875
443	896
444	629
444	688
444	728
444	856
445	462
445	551
445	580
445	743
445	847
445	851
445	932
445	966
446	656
446	715
446	838
446	974
449	525
449	640
449	709
449	779
449	917
450	817
451	584
451	930
452	554
452	667
452	746
452	768
452	777
452	786
452	839
452	926
453	460
453	694
453	863
453	933
453	957
454	456
454	800
454	836
454	883
454	974
454	980
455	518
455	642
455	786
455	892
455	898
455	975
456	486
456	510
456	709
456	743
456	851
456	886
456	908
456	952
457	648
457	682
457	800
457	882
457	943
458	552
458	639
458	644
458	656
458	685
458	730
458	764
458	777
458	784
458	791
459	680
459	924
459	985
460	467
460	698
460	715
460	847
460	850
460	880
460	895
460	979
461	667
461	689
461	742
461	746
461	777
461	800
461	831
461	842
461	901
462	521
462	541
462	562
462	590
462	614
462	687
462	706
462	772
462	827
462	979
465	509
465	549
465	707
465	796
465	808
465	871
465	880
465	917
465	944
465	953
466	596
466	669
466	820
466	966
466	970
467	714
467	896
468	610
470	724
470	851
470	859
470	870
471	490
471	566
472	526
472	859
472	972
472	999
473	720
473	747
473	893
473	951
473	958
474	512
474	742
474	815
474	835
474	843
475	487
475	627
475	644
475	694
475	764
475	792
475	989
476	489
476	519
476	617
476	768
476	839
476	867
476	911
476	918
476	984
477	514
477	547
477	806
478	610
478	993
479	689
479	702
479	746
479	775
479	913
479	961
479	988
480	512
480	538
480	663
480	744
480	822
480	922
481	483
481	566
481	603
481	680
481	844
482	799
483	715
483	733
483	829
483	858
483	864
483	913
483	959
483	971
484	544
484	548
484	985
485	616
485	841
486	509
486	545
486	945
487	627
487	685
487	773
487	794
487	832
487	904
487	914
487	958
489	503
489	604
489	654
489	768
490	586
490	624
490	973
490	978
493	587
493	603
493	718
493	822
493	858
493	877
493	887
493	912
494	546
494	632
494	818
494	844
494	973
495	506
495	525
495	562
495	893
495	898
495	920
497	506
497	562
497	656
497	657
497	840
497	969
498	552
498	614
498	666
498	830
498	949
499	575
499	617
499	633
499	705
499	826
499	876
499	989
501	551
501	614
501	770
501	894
501	901
501	923
502	513
503	573
503	734
503	938
504	541
504	612
504	642
504	743
504	855
504	869
504	946
504	953
505	591
505	705
505	910
505	971
506	629
506	695
506	704
506	804
506	882
506	966
506	979
507	602
507	694
507	703
507	735
507	904
507	913
508	679
509	525
509	549
509	837
509	852
509	871
509	898
510	533
510	546
510	611
510	678
510	698
510	776
510	826
510	828
510	920
511	537
511	927
511	958
512	558
512	593
512	636
512	638
512	650
512	684
512	733
512	834
512	876
512	900
512	950
513	596
513	859
515	554
515	686
515	768
515	850
515	975
516	688
516	691
516	852
516	871
516	873
516	874
516	974
517	657
517	681
517	773
517	812
517	941
518	627
518	656
518	764
518	795
518	914
519	563
519	768
519	911
519	930
519	962
520	525
520	629
520	640
520	776
520	847
520	915
520	952
521	580
521	706
521	721
521	743
521	851
521	872
521	929
522	596
522	676
522	830
522	833
522	854
522	947
522	996
523	903
524	759
524	925
525	635
525	871
525	979
526	527
526	621
528	756
528	844
529	745
529	862
530	644
530	854
530	875
530	990
531	653
531	687
531	721
531	728
531	850
531	855
531	871
532	540
532	541
532	605
532	678
532	682
532	776
532	851
532	999
534	566
535	560
535	701
535	764
537	552
537	580
537	796
537	944
537	946
538	694
538	705
538	750
540	543
540	641
540	642
540	698
540	870
541	605
541	632
541	674
541	678
541	857
541	869
541	910
541	979
542	714
542	907
542	925
543	551
543	605
543	695
543	767
543	796
543	828
543	961
543	974
544	589
544	591
544	655
544	710
544	719
544	900
544	954
544	992
545	635
545	693
545	850
545	886
545	895
545	917
545	945
546	736
546	776
546	871
546	878
546	908
546	917
547	569
547	573
547	643
547	811
548	599
549	641
549	709
549	827
549	864
549	960
550	652
551	580
551	828
551	833
551	920
552	594
552	775
552	780
552	804
552	861
552	864
552	901
552	952
552	961
554	703
554	732
554	748
554	848
554	891
555	717
556	627
556	652
556	777
556	939
557	693
557	736
557	760
557	808
558	595
558	705
558	717
558	876
558	912
558	992
559	606
559	644
559	792
559	802
559	969
559	991
560	639
560	716
560	940
561	596
561	600
561	859
562	717
562	722
562	801
562	836
562	875
562	932
562	996
563	630
563	659
563	662
563	686
563	795
563	971
564	623
564	673
564	809
564	925
565	575
565	584
565	643
565	740
565	785
565	918
566	756
567	763
567	943
567	947
567	996
568	741
570	689
570	715
570	873
570	942
570	988
571	649
571	694
571	703
571	839
571	913
571	938
573	942
574	767
574	991
575	666
575	750
575	789
575	832
575	843
575	856
576	622
577	802
577	948
577	949
577	969
579	924
580	625
580	629
580	688
580	691
580	802
580	822
580	847
580	853
580	880
580	953
582	627
582	639
582	701
582	748
582	751
582	959
583	623
583	738
583	809
583	907
584	643
584	748
584	783
584	789
584	930
585	747
585	846
586	719
586	844
586	879
587	599
587	799
588	600
588	693
588	874
589	690
589	745
589	766
589	816
589	819
589	843
589	960
589	963
590	632
590	653
590	847
590	862
590	871
591	663
591	712
591	900
591	922
592	833
592	864
592	913
592	926
592	955
593	607
593	608
593	630
593	656
593	777
593	795
593	819
593	893
593	901
593	988
594	651
594	694
595	609
595	728
595	766
595	786
595	808
595	864
595	872
595	932
596	611
596	704
596	743
596	817
596	929
597	607
597	706
597	717
597	720
597	842
597	867
597	872
597	889
597	891
597	926
597	947
598	623
598	791
599	710
599	887
600	743
601	620
601	626
601	711
601	825
601	995
602	775
602	893
602	959
602	961
602	977
602	998
604	834
605	614
606	797
606	896
606	951
606	974
607	739
607	867
607	871
607	926
607	942
607	948
607	988
608	667
608	676
608	720
608	991
609	643
609	682
609	705
609	841
609	856
609	889
609	963
609	986
610	725
611	640
611	717
611	827
611	869
611	920
612	659
612	896
612	966
614	713
614	847
614	856
614	892
614	894
615	726
615	992
616	824
616	851
616	870
617	730
619	890
620	711
620	818
620	995
621	665
621	709
621	807
621	917
622	877
624	824
625	678
625	790
625	853
625	872
625	892
625	893
625	902
625	967
627	761
627	784
627	845
627	861
627	926
627	928
627	989
628	648
628	676
628	715
628	730
628	775
628	784
629	641
629	847
629	852
630	638
630	715
630	786
630	861
630	893
630	926
630	943
631	652
631	734
632	678
632	691
632	847
632	872
632	961
633	636
633	643
633	705
633	769
633	887
633	930
633	935
634	674
634	819
634	912
634	932
635	641
635	653
635	871
635	898
636	740
636	829
636	900
638	652
638	689
638	718
638	733
638	769
638	876
638	943
638	948
638	955
638	977
638	992
639	730
639	747
639	759
639	891
639	988
640	641
641	653
641	852
642	762
642	910
643	684
643	750
643	770
643	843
643	919
643	933
644	685
644	720
644	828
644	873
645	717
645	800
645	847
645	883
645	891
646	679
648	656
648	676
648	784
648	802
648	942
649	789
649	893
649	960
650	684
650	712
650	742
651	652
651	933
651	943
652	792
652	845
653	687
653	704
653	765
653	869
654	981
655	719
655	740
655	771
655	822
655	887
655	975
656	676
656	696
656	901
656	933
656	989
657	681
657	701
657	730
658	766
659	717
659	894
659	923
660	896
661	697
661	723
661	800
661	829
661	837
661	949
662	703
662	891
663	703
663	785
663	841
663	867
663	926
663	992
664	736
664	817
664	820
664	932
664	944
664	991
665	807
665	880
665	946
666	720
666	730
666	791
667	730
667	913
669	937
671	871
672	699
672	725
674	687
675	727
676	695
676	746
676	883
676	958
678	687
678	691
678	779
678	851
678	852
678	908
678	977
678	999
681	794
681	873
681	955
682	827
682	855
682	883
683	995
685	758
685	832
686	733
686	789
686	837
687	852
687	868
688	814
688	908
688	910
688	977
689	789
689	843
689	864
689	898
689	915
689	966
690	723
690	822
690	887
690	981
691	717
691	883
691	932
691	952
692	897
693	972
694	761
694	873
695	743
695	990
695	991
696	738
696	763
696	801
696	873
696	882
696	970
697	721
697	723
697	748
698	747
698	819
698	827
698	932
698	944
699	914
701	904
702	720
702	728
702	730
702	735
702	790
703	837
704	717
704	731
704	991
705	742
705	829
705	963
705	968
705	992
706	837
706	847
706	850
706	869
706	953
706	960
707	722
707	932
707	956
709	760
709	858
710	844
711	902
712	835
712	981
713	751
713	761
713	795
713	831
713	949
713	957
714	767
714	830
715	777
715	829
715	889
715	901
716	903
717	800
718	739
718	864
718	910
719	728
719	740
719	819
720	802
721	754
721	787
721	855
721	961
721	967
721	988
722	747
722	927
722	990
723	748
723	834
723	839
723	842
723	864
723	918
723	984
724	810
726	728
726	766
726	932
728	740
728	829
728	841
728	880
728	936
728	963
730	784
730	805
730	904
730	989
731	743
731	801
731	874
731	883
731	980
732	789
732	795
732	864
732	948
733	887
735	748
735	789
735	906
736	869
737	817
739	864
739	867
739	894
740	887
742	936
742	960
743	817
743	946
743	998
744	757
745	822
745	829
746	785
746	853
746	950
747	882
747	966
747	974
751	839
753	772
753	817
753	846
754	841
754	892
754	902
754	943
754	967
756	985
758	865
759	773
759	914
759	996
760	779
760	851
760	999
761	812
761	928
762	855
762	910
762	953
762	968
763	861
763	933
763	955
763	969
764	949
765	855
765	978
768	918
769	876
769	984
770	790
770	900
770	910
770	979
771	877
771	985
773	778
773	899
774	814
774	976
775	828
775	831
775	893
775	998
776	847
776	852
776	929
776	944
776	993
777	831
777	864
777	893
777	933
777	942
777	947
777	959
777	971
778	860
779	875
779	880
779	945
779	999
780	801
780	836
780	915
780	958
780	974
781	797
781	982
782	814
782	829
782	841
782	918
782	936
784	795
784	882
784	925
785	954
785	971
785	976
786	850
786	869
787	872
788	805
789	864
789	894
789	926
790	858
790	867
790	920
790	977
791	795
791	873
791	970
792	872
792	989
795	942
795	947
795	959
796	797
796	875
796	896
796	991
797	801
797	847
797	993
800	828
800	831
801	836
801	854
802	837
802	850
802	889
802	914
802	958
804	993
807	857
807	880
807	972
809	940
810	908
811	839
811	994
812	905
814	819
814	841
814	868
814	894
814	953
814	967
815	876
815	919
817	880
818	908
819	908
819	954
819	968
819	977
820	859
820	923
820	972
822	887
823	941
824	825
826	848
826	882
826	914
826	932
828	854
828	923
828	947
828	958
828	979
828	991
828	998
829	843
829	950
829	968
830	854
831	926
831	947
832	853
832	938
832	971
833	883
833	896
833	932
833	993
834	899
835	887
835	900
835	981
837	961
837	992
841	977
842	906
842	926
842	933
842	957
842	984
843	960
844	992
846	927
847	851
847	856
847	861
847	944
850	872
850	894
850	953
850	960
850	977
851	871
851	886
852	855
852	898
853	889
853	891
856	858
856	967
857	859
857	895
859	890
862	871
863	928
864	942
866	900
866	908
867	891
867	950
869	944
870	917
872	892
872	954
873	958
874	927
875	990
876	881
876	918
876	954
876	984
876	986
877	879
878	902
878	977
880	886
880	898
880	920
880	999
881	887
881	968
882	940
882	951
883	979
887	992
889	918
889	953
889	969
889	993
890	895
890	945
891	948
892	947
892	961
892	974
892	986
893	938
893	949
894	918
894	976
895	915
896	990
896	991
896	993
897	922
898	920
900	981
901	969
902	963
904	914
906	938
906	955
907	956
908	910
912	954
912	984
913	935
914	970
915	920
915	932
922	981
923	961
927	982
927	990
928	939
928	957
943	960
948	958
948	998
949	957
949	984
951	970
951	982
951	991
955	959
955	984
966	980
967	976
968	971
969	989
971	986
973	978
974	979
975	976
977	986
979	989
989	996
991	993
