0	124
0	175
0	347
0	353
0	478
0	716
0	728
0	837
0	863
0	906
1	343
1	504
1	804
1	942
2	146
2	177
2	461
2	505
2	538
2	575
2	611
2	737
2	884
2	925
2	945
3	219
3	307
3	320
4	28
4	226
4	284
4	418
4	455
4	478
4	674
4	769
4	864
4	872
5	114
5	147
5	553
5	610
5	751
6	111
6	154
6	284
6	334
6	442
6	754
6	762
6	977
7	71
7	75
7	404
8	210
8	297
8	352
8	439
8	575
8	628
8	807
8	822
8	886
9	616
9	835
10	250
10	324
10	367
10	431
10	432
10	455
10	614
10	701
10	740
10	793
10	855
10	872
10	964
11	36
11	38
11	229
11	236
11	344
11	408
11	485
11	556
11	574
11	597
11	645
11	654
11	768
11	976
12	53
12	253
12	525
12	566
12	762
12	794
12	955
13	290
13	377
13	471
13	888
14	384
14	441
14	606
14	628
14	761
14	861
14	925
14	939
14	956
15	51
15	63
15	70
15	154
15	186
15	367
15	399
15	484
15	777
15	947
16	163
16	218
16	343
16	420
16	439
16	942
17	206
17	231
17	336
17	346
17	397
17	482
17	689
17	693
17	701
17	872
17	989
18	156
18	357
18	399
18	436
18	665
18	898
18	994
19	332
19	369
19	382
19	514
19	525
19	569
19	682
19	687
19	708
19	773
19	865
19	872
19	985
20	737
20	759
20	791
20	956
20	961
21	130
21	223
21	275
21	428
21	463
21	613
21	626
21	696
21	797
21	859
22	81
22	182
22	258
22	365
22	385
22	556
22	620
22	637
22	671
22	685
22	726
22	764
22	837
22	861
23	167
23	338
23	342
24	732
24	904
25	211
25	326
25	343
25	617
25	746
25	815
25	862
25	893
26	282
26	328
26	358
26	372
26	567
26	576
26	603
26	650
26	794
26	924
27	142
27	172
27	199
27	203
27	365
27	423
27	448
27	571
27	631
27	782
27	824
27	915
28	56
28	81
28	198
28	204
28	292
28	461
28	561
28	593
28	620
28	650
28	716
28	837
28	986
29	86
29	168
29	186
29	198
29	272
29	398
29	434
29	446
29	468
29	546
29	626
29	648
29	649
29	773
29	872
29	985
30	310
30	452
30	482
30	564
30	579
30	636
30	637
30	785
30	836
30	855
30	976
31	54
31	267
31	276
31	302
31	921
32	267
32	338
32	403
32	481
32	787
32	922
33	43
33	191
33	253
33	335
33	341
33	378
33	383
33	464
33	571
33	624
33	726
33	870
33	944
33	952
34	109
34	137
34	170
34	389
34	510
34	542
34	677
34	696
34	719
34	739
34	998
35	47
35	73
35	312
35	320
35	639
35	917
36	98
36	352
36	539
36	575
36	631
36	683
36	687
36	831
37	53
37	255
37	260
37	422
37	603
37	709
37	782
37	880
37	999
38	133
38	163
38	254
38	344
38	390
38	554
38	645
38	660
38	981
39	46
39	338
39	370
40	97
40	99
40	101
40	109
40	147
40	627
40	652
40	915
40	924
40	955
41	76
41	98
41	149
41	203
41	220
41	285
41	429
41	459
41	468
41	552
41	571
41	578
41	591
41	653
41	664
41	716
41	764
41	855
41	863
41	936
41	966
42	63
42	126
42	157
42	215
42	320
42	823
42	916
43	74
43	110
43	509
43	575
43	576
43	638
43	734
43	765
43	783
43	785
43	807
43	861
44	64
44	227
44	327
44	378
44	383
44	445
44	591
44	599
44	604
44	664
44	690
44	792
44	806
44	853
44	890
44	913
44	932
44	986
45	94
45	154
45	253
45	484
45	642
45	664
45	671
45	681
45	819
46	267
46	285
46	384
46	551
46	834
46	939
47	358
47	588
47	621
47	671
48	61
48	296
48	403
48	408
48	702
48	807
49	135
49	389
49	445
49	508
49	518
49	594
49	635
49	639
49	642
49	664
49	818
49	902
49	916
49	963
50	314
50	353
50	363
50	467
50	508
50	519
50	524
50	640
50	773
50	793
50	798
50	873
50	903
51	94
51	386
51	428
51	442
51	524
51	773
51	789
51	990
52	229
52	295
52	330
52	452
52	461
52	473
52	500
52	561
52	574
52	653
52	674
52	734
52	765
52	807
52	828
53	66
53	76
53	299
53	361
53	726
54	192
54	214
54	267
54	370
54	537
54	939
55	162
55	213
55	238
55	253
55	545
55	547
55	603
55	825
55	906
55	937
55	980
56	120
56	142
56	144
56	174
56	204
56	233
56	258
56	576
56	605
56	712
56	783
56	822
56	977
57	153
57	209
57	324
57	544
57	608
57	790
57	808
57	867
58	229
58	249
58	285
58	327
58	479
58	509
58	548
58	631
58	749
58	836
58	974
58	983
59	75
59	651
60	172
60	593
60	721
60	792
60	958
61	210
61	826
62	86
62	90
62	222
62	228
62	277
62	431
62	452
62	648
62	687
62	801
62	855
62	872
62	883
62	885
62	970
63	587
63	646
63	897
64	87
64	283
64	326
64	358
64	446
64	466
64	503
64	681
64	712
64	716
64	738
64	762
65	409
65	455
65	458
65	471
65	473
65	523
65	622
65	756
65	893
65	994
66	132
66	159
66	172
66	220
66	356
66	498
66	571
66	631
66	691
66	715
66	726
66	739
66	781
66	845
66	861
66	947
67	194
67	319
67	346
67	426
68	149
68	185
68	220
68	248
68	367
68	398
68	452
68	802
69	239
69	335
69	361
70	108
70	110
70	125
70	130
70	139
70	154
70	198
70	218
70	330
70	484
70	524
70	578
70	605
70	614
70	793
70	856
71	145
71	840
72	396
72	543
73	114
73	294
73	369
73	744
73	769
73	773
73	823
74	129
74	230
74	329
74	340
74	395
74	470
74	606
74	612
74	631
74	785
74	983
74	997
75	357
75	532
75	776
75	790
75	840
76	102
76	123
76	253
76	494
76	632
76	794
76	955
76	958
77	424
77	512
77	590
77	607
77	690
77	820
77	896
77	933
78	86
78	95
78	223
78	312
78	336
78	667
78	740
78	744
78	895
79	92
79	108
79	125
79	186
79	272
79	454
79	455
79	529
79	592
79	646
79	648
79	667
79	674
80	250
80	442
80	455
80	514
80	561
80	614
80	648
80	707
80	783
80	797
80	864
81	110
81	159
81	398
81	693
81	694
81	703
81	705
81	712
81	793
81	947
82	462
82	492
82	724
82	818
82	890
82	965
84	268
84	287
84	943
85	228
85	273
85	331
85	333
85	740
85	775
85	881
85	927
85	967
86	232
86	243
86	436
86	485
86	538
86	689
86	891
86	949
86	954
87	330
87	523
87	548
87	561
87	626
87	802
87	812
87	874
87	978
87	987
88	194
88	322
88	518
88	692
88	848
88	857
89	277
89	286
89	377
89	396
89	729
89	799
90	130
90	234
90	301
90	550
90	615
90	789
90	809
90	895
91	311
91	328
91	581
91	805
91	866
91	897
91	905
91	915
91	932
92	176
92	324
92	382
92	436
93	180
93	243
93	245
93	281
93	313
93	412
93	439
93	576
93	638
93	737
93	991
94	114
94	284
94	314
94	421
94	467
94	508
94	584
94	689
94	818
94	905
94	912
94	916
95	166
95	333
95	463
95	493
95	502
95	789
95	872
96	601
96	909
96	921
97	109
97	142
97	261
97	545
97	567
97	634
97	730
97	748
97	754
97	825
98	140
98	148
98	208
98	285
98	340
98	351
98	356
98	414
98	611
98	693
98	783
98	785
98	865
99	147
99	387
99	686
99	959
99	965
99	998
100	126
100	134
100	194
100	519
100	640
100	678
100	696
100	769
100	866
100	932
101	387
101	693
101	732
101	817
102	191
102	198
102	285
102	308
102	310
102	405
102	447
102	470
102	650
102	739
102	771
102	890
102	911
103	352
103	410
103	590
103	721
103	814
103	944
104	145
104	208
104	349
104	458
104	789
104	949
105	229
105	296
105	313
105	395
105	564
105	638
105	815
105	942
106	276
106	338
106	370
106	403
106	598
107	218
107	329
107	393
107	407
107	512
107	636
107	733
108	176
108	234
108	250
108	394
108	399
108	435
108	859
109	227
109	389
109	432
109	545
109	719
109	825
109	902
109	935
109	998
110	149
110	203
110	262
110	291
110	292
110	330
110	379
110	385
110	413
110	435
110	457
110	459
110	548
110	620
110	681
110	733
110	801
110	874
110	883
110	977
111	215
111	350
111	421
111	445
111	489
111	518
111	519
111	573
111	619
111	640
111	732
111	754
111	859
111	866
112	142
112	148
112	184
112	196
112	378
112	479
112	958
113	851
113	972
114	516
114	652
114	754
114	892
114	905
115	214
115	244
115	266
115	415
115	477
115	690
115	944
116	380
116	463
116	520
116	529
116	740
116	775
116	960
117	200
117	518
118	159
118	336
118	364
118	500
118	556
118	680
118	723
118	914
118	966
118	985
120	152
120	161
120	191
120	196
120	352
120	378
120	423
120	470
120	498
120	552
120	647
120	650
120	709
120	880
120	906
120	975
120	999
121	151
121	161
121	198
121	229
121	295
121	461
121	609
121	836
122	179
122	587
122	892
123	239
123	547
123	743
123	841
123	978
124	129
124	191
124	207
124	256
124	276
124	378
124	503
124	629
125	159
125	198
125	312
125	331
125	442
125	579
125	615
125	626
125	646
125	649
125	771
125	913
125	977
125	978
125	985
126	138
126	215
126	369
126	516
126	531
126	553
126	963
127	410
127	422
127	512
127	540
127	549
127	593
127	641
127	695
127	717
127	824
127	883
128	143
129	160
129	191
129	214
129	230
129	285
129	292
129	308
129	515
129	582
129	607
129	643
129	676
129	713
129	738
129	948
129	995
130	186
130	228
130	275
130	312
130	355
130	357
130	380
130	550
130	777
130	844
130	859
130	866
130	877
130	990
132	144
132	159
132	410
132	463
132	494
132	498
132	694
132	715
132	739
132	934
132	982
133	232
133	382
133	388
133	398
133	860
133	919
134	215
134	445
134	532
134	700
134	857
134	890
134	912
134	971
135	433
135	619
135	700
135	817
135	905
136	563
137	526
137	763
137	903
137	904
137	935
137	965
138	194
138	652
138	818
138	902
139	427
139	466
139	489
139	519
139	588
139	613
139	706
139	864
139	872
139	897
139	934
140	207
140	222
140	391
140	429
140	609
140	683
140	780
140	831
140	855
140	981
141	145
141	154
141	262
141	284
141	331
141	442
141	455
141	467
141	664
141	696
141	706
141	800
142	161
142	184
142	196
142	383
142	429
142	632
142	671
142	694
142	837
142	924
144	199
144	260
144	358
144	468
144	498
144	509
144	694
144	715
144	726
144	871
144	999
145	156
145	382
145	544
145	644
145	790
145	949
146	256
146	340
146	351
146	400
146	457
146	605
146	648
146	703
146	733
146	735
146	749
146	764
146	771
146	822
146	861
146	874
146	966
147	280
147	819
147	853
148	149
148	159
148	204
148	230
148	313
148	332
148	356
148	405
148	410
148	412
148	420
148	505
148	576
148	582
148	682
148	716
148	765
148	822
148	987
148	997
149	207
149	248
149	347
149	358
149	435
149	514
149	539
149	548
149	581
149	687
149	708
149	855
149	856
149	872
149	977
150	361
150	494
150	607
150	633
150	814
150	842
151	324
151	364
151	382
151	436
151	554
151	701
151	793
151	860
151	977
152	549
152	593
152	672
152	682
152	685
152	691
152	782
153	967
154	228
154	262
154	284
154	372
154	379
154	386
154	484
154	581
154	649
154	671
154	700
154	744
154	830
154	872
154	990
155	272
155	277
155	434
155	522
155	828
155	881
155	893
155	964
155	990
156	183
156	232
156	277
156	306
156	357
156	397
156	409
156	454
156	644
156	775
157	168
157	215
157	445
157	830
157	857
157	866
157	917
158	253
158	516
158	704
158	754
158	903
158	936
158	982
159	175
159	182
159	184
159	204
159	208
159	233
159	262
159	292
159	429
159	448
159	457
159	548
159	582
159	687
159	703
159	733
159	783
159	785
159	855
159	891
159	936
159	985
160	235
160	293
160	481
160	623
160	784
161	196
161	235
161	470
161	683
161	764
161	814
161	961
161	982
161	999
162	367
162	373
162	715
162	730
163	211
163	554
163	704
163	826
163	862
164	390
164	496
164	595
165	207
165	381
165	569
165	666
165	673
165	754
165	798
165	853
165	863
165	916
165	947
165	978
167	321
167	338
167	370
167	403
167	834
167	835
167	996
168	277
168	524
168	532
168	646
168	657
168	734
168	777
168	790
168	797
168	859
168	967
169	199
169	372
169	423
169	470
169	580
169	652
169	792
169	818
169	883
170	205
170	227
170	263
170	325
170	421
170	452
170	509
170	581
170	621
170	632
170	715
170	792
170	806
171	606
171	676
171	695
171	713
171	968
172	182
172	337
172	346
172	437
172	447
172	489
172	632
172	719
172	725
172	797
172	955
173	249
173	276
173	782
173	952
174	231
174	340
174	446
174	548
174	591
174	624
174	887
174	978
175	292
175	310
175	351
175	446
175	459
175	479
175	576
175	599
175	632
175	715
175	785
175	816
175	831
175	837
175	871
175	978
176	242
176	310
176	324
176	326
176	431
176	455
176	548
176	584
176	667
177	287
178	327
178	346
178	367
178	445
178	591
178	614
178	639
178	652
178	699
179	234
179	322
180	347
180	420
180	451
180	514
180	609
180	804
180	939
180	974
180	991
181	221
181	296
181	360
181	439
182	248
182	337
182	351
182	423
182	591
182	673
182	694
182	703
182	883
183	306
183	597
183	727
184	238
184	255
184	282
184	337
184	365
184	423
184	470
184	492
184	620
184	682
184	842
184	845
184	883
184	890
184	966
184	975
185	284
185	334
185	569
185	863
186	234
186	273
186	485
186	666
186	809
187	195
187	294
187	510
187	547
187	549
187	641
187	647
187	686
187	728
187	745
187	868
187	971
188	213
188	269
188	656
188	721
188	795
188	937
189	277
189	493
189	520
189	962
190	535
190	779
190	921
190	922
190	941
191	210
191	405
191	570
191	576
191	683
191	779
191	861
192	285
192	505
192	585
192	787
192	834
192	996
193	302
193	384
193	405
193	475
193	481
193	537
193	582
193	703
193	861
193	865
193	870
193	941
194	402
194	553
194	639
194	805
194	830
194	848
195	387
195	841
195	850
196	216
196	225
196	229
196	238
196	262
196	292
196	468
196	523
196	576
196	581
196	673
196	820
196	883
196	986
197	392
198	204
198	220
198	262
198	285
198	292
198	328
198	356
198	358
198	381
198	385
198	442
198	470
198	474
198	552
198	599
198	798
198	856
198	966
199	492
199	582
199	624
201	543
201	707
201	800
201	833
202	460
202	939
203	263
203	284
203	446
203	448
203	597
203	671
203	715
203	739
203	853
203	855
203	924
204	291
204	352
204	383
204	405
204	437
204	605
204	673
204	693
204	717
204	737
204	783
204	913
204	926
205	369
205	464
205	484
205	588
205	605
205	652
205	712
205	715
205	812
205	816
205	856
206	258
206	272
206	310
206	347
206	360
206	522
206	544
206	548
206	602
206	648
206	708
206	874
206	989
207	282
207	285
207	308
207	374
207	405
207	501
207	540
207	593
207	604
207	782
207	820
207	921
208	220
208	326
208	418
208	506
208	712
208	801
209	224
209	283
209	301
209	336
209	562
209	661
209	775
209	790
209	946
210	441
210	572
210	770
210	942
210	996
211	295
211	298
211	654
211	815
211	920
212	850
213	261
213	407
213	422
213	432
213	603
213	736
213	829
213	842
213	980
214	267
214	302
214	384
214	535
214	759
214	811
214	941
215	519
215	699
215	725
215	848
216	260
216	305
216	365
216	511
216	552
216	604
216	845
216	879
217	834
218	226
218	313
218	575
218	683
218	870
218	974
218	981
219	696
219	873
220	325
220	385
220	446
220	470
220	576
220	674
220	693
220	699
220	773
220	837
220	890
220	916
221	976
221	979
222	291
222	356
222	444
222	554
222	623
222	648
222	780
222	936
222	977
223	250
223	428
223	454
223	524
223	532
223	541
223	734
223	823
223	949
224	425
224	895
224	960
225	242
225	305
225	326
225	434
225	473
225	500
225	514
225	530
225	539
225	546
225	605
225	614
225	708
225	930
226	250
226	326
226	523
226	524
226	577
226	646
226	648
226	666
226	674
226	778
226	872
227	310
227	379
227	503
227	567
227	619
227	664
227	678
227	754
227	890
227	990
228	454
228	558
228	599
228	644
229	332
229	347
229	416
229	465
229	539
229	557
229	579
229	653
229	816
229	860
229	883
230	393
230	403
230	509
230	515
230	643
230	997
231	436
231	482
231	501
231	514
231	561
231	666
231	687
231	776
231	947
232	265
232	343
232	376
232	388
232	546
232	574
232	579
232	674
232	746
232	768
232	826
232	973
233	398
233	452
233	466
233	588
233	708
233	764
233	777
233	779
233	783
233	855
233	989
234	250
234	275
234	333
234	666
234	740
234	960
235	276
235	302
235	415
235	477
235	618
235	684
235	695
236	272
236	317
236	330
236	444
236	571
236	626
236	653
236	746
236	778
236	930
237	240
237	487
237	938
238	285
238	330
238	405
238	446
238	459
238	582
238	683
238	791
239	567
239	641
239	717
239	721
239	814
239	999
240	309
240	877
241	300
241	321
241	439
241	595
241	760
242	252
242	336
242	348
242	402
242	434
242	473
242	532
242	569
242	706
242	809
243	318
243	360
243	400
243	416
243	453
243	482
243	500
243	529
243	556
243	636
243	780
243	812
243	919
243	930
244	512
244	540
244	603
244	743
244	753
244	755
244	988
245	313
245	356
245	386
245	420
245	452
245	638
246	320
246	334
246	364
246	394
247	253
247	513
247	753
247	794
247	880
248	310
248	337
248	340
248	572
248	609
248	673
248	716
248	822
248	930
248	977
249	512
249	968
250	357
250	485
250	777
250	809
250	879
250	989
251	393
251	400
251	439
251	539
251	643
251	886
251	911
252	532
252	550
252	706
252	833
253	282
253	492
253	567
253	640
253	792
253	890
254	538
254	832
254	867
255	392
255	415
255	490
255	570
255	921
256	328
256	738
256	749
256	765
256	801
256	941
256	995
257	300
257	788
258	261
258	336
258	353
258	358
258	382
258	383
258	545
258	673
258	726
258	734
258	853
259	971
260	299
260	372
260	447
260	479
260	655
260	896
260	924
261	303
261	494
261	513
262	330
262	546
262	561
262	778
262	985
263	421
263	664
263	694
263	934
265	268
265	333
265	439
265	665
265	802
265	867
265	930
265	987
266	423
266	479
266	498
266	512
266	540
266	566
266	717
266	795
266	814
266	944
266	961
267	293
267	441
267	477
267	834
267	922
269	361
269	447
269	662
270	423
270	613
270	707
270	734
270	910
271	433
271	720
271	817
272	326
272	332
272	364
272	382
272	522
272	523
272	556
272	561
272	637
272	665
272	768
272	881
272	976
273	347
273	380
273	887
273	907
273	960
275	411
275	550
275	666
275	708
275	962
276	366
276	527
276	713
276	761
276	811
276	829
277	524
277	644
277	674
277	898
279	329
279	406
279	514
279	585
279	586
279	738
279	981
279	997
280	736
280	748
280	841
281	348
281	397
281	461
281	523
281	592
281	602
281	891
281	914
282	423
282	525
282	571
282	726
282	781
282	879
282	932
283	331
283	428
283	520
283	895
284	350
284	413
284	519
284	533
284	830
284	873
284	912
284	916
285	352
285	405
285	549
285	576
285	620
285	630
285	739
285	764
285	781
285	822
286	377
286	707
286	830
286	867
287	534
289	462
289	517
289	745
289	752
289	950
290	355
290	984
291	420
291	457
291	548
291	557
291	609
291	653
291	687
291	733
291	831
291	837
292	381
292	435
292	465
292	591
292	604
292	653
292	879
293	535
293	861
293	886
293	925
294	314
294	353
294	519
294	883
294	932
294	965
295	356
295	420
295	554
295	560
295	654
295	746
295	768
296	297
296	900
296	974
297	637
297	804
297	812
297	836
297	997
298	393
298	665
298	704
298	757
298	768
298	893
298	984
299	547
299	845
299	896
299	958
300	714
300	899
300	943
301	339
301	428
301	473
301	520
301	562
301	775
301	969
302	366
302	384
302	479
302	925
302	953
302	996
303	387
303	794
303	957
304	608
304	734
305	385
305	398
305	435
305	445
305	599
305	708
305	765
305	872
305	902
306	357
306	388
306	544
306	597
306	832
306	914
306	964
308	468
308	792
308	870
308	890
308	955
309	659
310	546
310	557
310	855
310	987
310	991
311	498
311	934
312	394
312	485
312	613
312	712
312	797
312	823
312	894
313	412
313	539
313	557
313	638
313	650
313	704
313	919
313	969
314	462
314	492
314	517
314	594
314	619
314	635
314	671
314	818
314	963
315	328
315	486
315	513
315	593
315	683
315	694
315	755
315	792
315	896
317	360
317	397
317	458
317	523
317	556
317	579
317	687
317	780
317	949
318	388
318	391
318	505
318	689
318	816
318	973
319	402
319	428
319	541
319	762
319	797
320	426
320	675
320	844
321	370
321	589
321	899
322	724
323	359
323	491
323	724
323	902
324	454
324	506
324	532
324	674
324	740
324	775
324	809
324	864
325	347
325	521
325	569
325	581
325	614
325	621
325	703
325	705
325	716
325	735
325	739
325	783
326	357
326	364
326	466
326	500
326	538
326	558
326	708
326	797
326	809
326	873
327	330
327	385
327	387
327	639
327	673
327	683
327	716
327	806
327	936
327	966
328	330
328	466
328	545
328	573
328	792
328	871
328	906
329	439
329	611
329	636
330	356
330	452
330	536
330	715
330	891
330	910
330	966
330	977
331	431
331	520
331	894
331	898
332	347
332	348
332	444
332	514
332	578
332	579
332	605
332	776
332	780
333	376
333	394
333	399
333	910
334	448
334	519
334	639
334	706
335	340
335	464
335	623
335	629
335	771
335	854
335	865
336	485
336	558
336	561
336	577
336	579
336	649
336	687
336	734
336	879
336	910
336	914
336	924
337	340
337	341
337	351
337	352
337	412
337	429
337	457
337	527
337	604
337	631
337	682
337	749
337	812
337	831
337	856
337	991
338	499
338	886
340	391
340	457
340	514
340	783
340	816
340	983
341	395
341	623
341	631
341	673
341	816
341	911
342	366
342	370
342	371
342	589
343	344
343	386
343	444
343	704
343	708
343	919
344	349
344	360
344	482
345	453
345	454
345	520
345	564
345	876
346	363
346	427
346	532
346	588
346	646
346	664
346	866
347	381
347	435
347	465
347	578
347	636
347	638
347	687
347	738
347	793
347	807
347	832
347	966
347	989
348	397
348	411
348	578
348	646
348	657
348	699
348	744
348	828
348	864
348	872
348	992
349	362
349	388
349	404
349	544
349	597
349	727
349	768
349	828
349	929
349	994
350	519
350	580
350	762
351	356
351	366
351	429
351	448
351	509
351	623
351	734
351	977
352	395
352	405
352	486
352	771
352	855
352	870
352	911
353	367
353	478
353	621
353	687
353	805
353	810
353	915
353	982
354	399
354	500
354	649
354	707
354	708
354	762
354	994
355	454
355	465
355	485
355	678
355	706
355	707
355	723
355	796
356	408
356	576
356	582
356	816
356	822
356	861
357	398
357	454
357	507
357	584
357	707
357	800
357	930
358	374
358	522
358	529
358	576
358	626
358	693
358	726
358	782
358	842
358	871
358	970
358	975
359	402
359	466
360	444
360	660
360	976
360	981
360	987
361	794
361	851
362	377
362	480
362	584
362	617
362	644
362	799
362	929
363	367
363	445
363	581
363	635
363	652
363	818
363	864
363	897
363	902
364	397
364	473
364	521
364	574
364	699
364	769
364	969
364	989
365	459
365	470
365	475
365	515
365	549
365	582
365	624
365	631
365	726
365	863
365	882
365	966
366	486
366	535
366	570
366	684
366	694
366	709
366	713
366	882
366	939
366	941
366	948
367	427
367	467
367	503
367	619
367	639
367	754
367	963
367	978
368	761
369	413
369	442
369	614
369	642
369	830
369	857
369	866
369	873
370	384
370	403
371	918
371	922
372	374
372	549
372	593
372	603
372	662
372	686
372	736
372	743
372	755
372	792
372	880
372	903
372	924
373	447
373	731
374	422
374	593
374	961
375	589
375	821
375	834
375	886
375	995
376	397
376	455
376	473
376	485
376	666
376	723
376	775
376	969
377	388
377	679
377	920
378	423
378	446
378	486
378	552
378	571
378	726
378	737
378	794
378	813
378	906
379	428
379	434
379	442
379	533
379	766
379	773
379	833
379	917
379	960
380	485
380	497
380	898
380	962
381	385
381	398
381	429
381	434
381	459
381	582
381	644
381	661
381	687
381	802
381	807
382	413
382	436
382	455
382	474
382	522
382	523
382	561
382	707
382	914
382	946
382	964
383	486
383	621
383	681
383	683
383	703
383	982
384	643
384	717
385	523
385	576
385	615
385	671
385	780
385	798
385	874
385	891
385	893
385	913
385	977
386	431
386	434
386	524
386	529
386	615
386	646
386	706
386	712
386	873
386	931
387	998
388	707
388	757
388	826
388	914
388	973
389	437
389	545
389	801
389	806
389	915
389	965
389	985
390	406
390	538
390	564
390	660
391	420
391	465
391	807
391	981
391	991
392	811
392	937
393	439
393	464
393	564
393	585
393	630
393	737
393	807
393	832
393	952
394	573
394	777
394	898
394	946
395	405
395	429
395	540
395	771
395	784
395	842
395	882
395	911
395	953
395	966
395	968
395	983
397	418
397	436
397	523
397	561
397	626
397	914
398	687
398	856
398	947
399	453
399	529
399	646
399	701
399	778
399	864
399	887
400	452
400	636
400	654
400	689
400	881
402	421
402	533
402	866
402	873
402	912
403	572
403	586
403	628
403	784
403	886
403	900
404	561
404	584
404	622
404	657
404	778
404	949
405	415
405	470
405	540
405	606
405	650
405	683
405	685
405	691
405	701
405	749
405	810
405	824
405	948
405	953
406	496
406	499
406	575
406	713
407	468
407	470
407	479
407	623
407	641
407	738
407	781
407	865
407	882
408	505
408	555
408	636
408	746
408	807
408	815
408	983
409	430
409	480
409	707
409	776
409	848
409	860
410	486
410	540
410	549
410	676
410	948
411	413
411	502
411	789
411	887
412	416
412	439
412	515
412	687
412	726
412	738
412	796
413	541
413	777
413	917
414	637
414	821
414	886
415	944
416	420
416	465
416	488
416	628
416	942
416	991
417	710
417	946
417	962
418	459
418	544
418	548
418	569
418	701
418	703
418	705
418	872
420	439
420	836
420	942
420	974
421	519
421	619
421	719
421	763
421	963
422	501
422	511
422	512
422	731
422	829
423	486
423	509
423	552
423	605
423	624
423	913
423	958
424	510
424	753
424	846
424	937
424	988
425	872
425	910
426	833
426	848
427	533
427	588
427	990
427	998
428	524
429	465
429	514
429	548
429	604
429	620
429	650
429	683
429	703
429	726
429	771
429	903
430	888
430	914
431	506
431	529
431	530
431	701
431	775
431	907
431	969
432	503
432	634
432	915
433	472
433	553
433	928
434	522
434	599
434	648
434	701
434	704
434	734
434	970
435	436
435	484
435	506
435	555
435	699
435	703
435	749
435	785
435	981
435	982
436	455
436	530
436	579
436	828
436	864
436	874
436	914
436	954
437	580
437	863
437	871
437	924
437	937
438	770
438	843
438	878
438	920
438	984
439	620
439	630
439	637
439	974
440	543
441	759
441	788
441	922
442	605
442	693
442	769
442	798
442	853
442	857
442	859
442	990
443	767
443	889
443	928
443	959
444	452
444	482
444	592
444	785
444	860
444	891
444	976
445	466
445	467
445	518
445	532
445	619
445	773
445	819
445	830
445	890
445	915
446	475
446	612
446	632
446	634
446	650
446	673
446	693
446	709
446	764
446	771
446	870
447	513
447	549
447	603
448	588
448	649
448	699
448	904
448	970
448	977
451	638
451	831
451	861
451	865
451	870
451	882
451	952
451	974
452	465
452	482
452	576
452	689
452	816
452	855
453	727
453	768
453	991
454	644
454	723
454	800
454	833
454	864
455	569
455	597
455	622
455	661
455	723
455	860
455	910
455	992
456	804
456	923
457	468
457	514
457	576
457	638
457	703
457	723
457	733
457	874
457	977
458	471
458	574
458	597
458	602
458	648
458	756
458	914
458	964
458	970
458	973
459	762
459	879
459	890
459	936
459	986
460	834
461	604
461	609
461	861
461	987
462	767
462	806
463	529
463	550
463	642
463	681
463	706
463	910
464	509
464	620
464	624
464	726
464	771
464	807
464	977
465	514
465	523
465	557
465	605
465	653
465	976
466	533
466	990
467	518
467	519
467	642
467	725
467	798
468	576
468	621
468	792
468	906
468	971
468	985
470	481
470	486
470	494
470	571
470	738
470	779
470	801
470	926
471	480
471	544
472	752
472	767
472	819
472	825
472	959
472	963
473	710
473	734
473	964
473	989
474	536
474	539
474	602
474	644
474	649
474	689
474	701
474	733
474	914
475	655
475	759
475	824
475	906
477	515
477	551
477	643
477	749
477	779
477	925
477	956
478	591
478	631
478	712
478	785
478	856
478	985
479	494
479	498
479	672
479	782
480	929
481	537
481	623
481	737
481	749
481	882
481	923
481	939
482	557
482	561
482	592
482	638
482	654
482	870
482	949
482	977
484	506
484	699
484	890
484	966
484	982
485	798
485	864
486	549
486	552
486	576
486	632
487	869
487	887
487	894
487	967
488	555
488	749
488	826
488	899
488	900
488	943
489	509
489	591
489	798
489	892
489	902
489	916
490	759
490	788
491	724
492	634
492	863
493	680
493	772
493	907
494	571
494	847
494	879
497	790
497	962
498	510
498	662
498	935
499	552
499	630
499	939
499	952
499	991
500	602
500	653
500	723
500	881
501	571
501	629
501	785
501	801
503	632
503	725
503	730
504	714
504	836
505	564
505	612
505	628
505	746
505	926
505	983
505	991
506	536
506	613
506	666
506	706
506	818
506	874
506	970
507	648
507	661
507	727
508	533
508	678
508	769
508	818
508	916
509	575
509	709
509	771
509	966
509	974
510	937
510	972
510	988
511	606
511	641
511	655
511	676
511	731
511	782
511	794
511	961
512	537
512	540
512	764
512	781
512	820
512	933
512	958
513	566
513	728
513	841
514	538
514	631
514	638
514	643
514	780
514	831
515	585
515	643
515	811
515	911
515	925
515	941
516	692
516	853
516	866
516	873
517	767
517	795
518	619
518	678
518	696
518	725
518	827
519	521
519	699
519	754
519	769
519	928
521	626
521	689
521	785
521	855
521	929
522	723
522	891
523	561
523	653
523	693
523	872
523	874
524	577
524	581
524	599
524	769
524	962
525	581
525	632
525	781
526	751
526	819
527	633
527	811
528	774
529	550
529	599
529	705
529	881
529	910
529	970
530	554
530	558
530	602
530	649
530	796
530	881
530	895
531	533
531	605
531	671
531	897
532	541
532	789
533	706
533	805
533	818
533	833
533	916
533	936
535	606
535	630
535	956
536	615
536	665
536	701
536	807
536	828
536	966
536	981
537	717
537	738
537	749
537	870
537	882
537	913
537	926
537	968
538	714
538	991
538	993
539	557
539	708
539	802
539	942
539	976
540	641
540	695
541	550
541	766
541	777
541	797
541	830
541	960
544	597
544	644
544	862
544	919
544	930
545	730
545	871
545	955
546	579
546	653
546	757
546	778
546	807
546	816
546	936
547	743
547	795
547	829
547	880
548	605
548	621
548	666
548	693
548	699
548	703
548	705
548	716
548	765
548	855
549	603
549	655
549	715
549	716
549	717
549	791
549	937
549	975
550	666
550	833
550	887
550	898
550	927
552	571
552	606
552	683
552	690
552	691
552	801
552	820
552	865
552	952
553	724
553	752
553	827
554	757
554	993
555	660
555	663
555	943
555	974
556	559
556	574
556	796
556	860
556	881
556	910
556	970
557	673
557	712
557	855
557	911
557	970
558	602
558	723
558	740
558	796
559	628
559	663
559	815
559	826
559	984
560	568
561	574
561	602
561	622
561	653
561	661
561	701
561	881
561	977
562	587
562	644
562	680
562	946
564	572
564	586
564	628
564	637
564	807
565	876
566	634
566	641
566	829
566	937
566	961
566	986
567	685
567	686
567	730
567	795
567	825
567	845
567	850
567	871
568	702
568	770
569	599
569	614
569	701
569	726
569	864
569	892
569	982
570	571
570	695
570	974
571	604
571	610
571	629
571	676
571	717
571	767
571	820
571	837
571	863
571	972
572	612
572	638
572	886
572	941
573	696
573	754
573	767
573	818
573	897
573	916
573	947
574	602
574	729
574	964
575	628
575	638
575	983
575	997
576	582
576	771
576	806
577	740
577	809
577	962
577	990
578	687
578	765
578	856
578	881
578	970
579	592
579	602
579	688
579	734
579	796
579	807
580	677
581	614
581	667
581	735
581	783
581	807
581	871
581	873
582	620
582	648
582	650
582	683
582	824
583	587
583	661
583	823
583	967
583	992
584	727
584	729
584	929
584	989
584	994
585	925
585	941
586	987
588	642
588	673
588	681
588	806
588	815
588	853
588	855
589	598
589	821
590	937
590	956
591	681
591	687
591	694
591	853
591	873
591	934
592	599
592	771
592	802
592	930
592	942
592	970
593	685
593	689
593	709
593	781
593	829
593	896
593	933
594	614
594	635
594	743
594	848
594	963
597	689
597	790
597	885
597	914
597	954
598	922
599	666
599	855
599	859
602	648
602	661
603	627
603	722
603	753
603	896
603	968
603	971
604	605
604	624
604	716
604	739
604	783
604	784
604	837
604	919
604	986
605	664
605	686
605	687
605	693
605	708
605	739
605	896
606	624
606	629
606	683
606	792
606	944
606	952
606	956
607	610
607	736
607	814
607	999
608	648
608	687
608	774
609	737
609	764
609	948
610	647
610	957
611	638
611	826
611	997
612	637
612	708
612	834
612	870
612	978
612	983
613	740
613	773
613	777
613	798
613	848
614	615
614	681
614	705
614	762
614	783
614	793
614	970
614	977
615	701
615	712
615	773
615	856
615	934
617	665
617	973
617	979
618	713
618	997
620	624
620	683
620	701
620	773
620	816
620	855
620	870
620	936
621	863
621	896
621	934
621	982
622	727
622	729
622	964
623	629
623	637
623	865
623	911
623	921
623	956
624	685
624	726
624	783
624	831
624	926
624	966
624	982
626	778
626	802
626	807
626	949
626	989
626	997
627	722
627	792
627	820
627	896
627	933
627	958
628	854
628	941
628	983
629	672
629	683
629	690
629	731
629	896
629	933
629	958
630	749
630	804
630	815
630	974
631	636
631	682
631	749
631	785
631	812
631	836
631	942
631	981
632	716
632	794
632	806
632	829
632	883
632	890
632	896
632	958
632	975
634	868
635	681
635	793
635	848
635	873
635	957
635	963
635	965
635	998
636	685
636	804
636	954
636	997
637	780
637	870
637	981
638	765
639	916
640	678
640	744
640	873
641	739
641	791
641	801
641	961
642	730
642	915
643	713
643	779
643	921
644	648
644	885
645	832
645	835
645	954
646	648
646	734
647	743
647	748
647	818
647	841
648	649
648	687
648	712
648	776
648	832
648	886
649	660
649	689
649	734
649	765
649	949
649	989
650	672
650	682
650	691
650	701
650	771
650	824
650	883
650	911
651	774
652	664
652	674
652	732
652	837
653	778
653	919
655	672
655	820
655	842
655	933
655	961
656	794
657	706
657	960
660	815
660	954
661	687
662	850
663	835
664	677
664	699
664	933
664	965
665	729
665	832
666	705
666	744
666	872
666	910
666	936
670	817
670	850
671	677
671	726
671	890
672	819
673	785
673	802
673	837
673	970
674	705
674	910
674	949
676	737
676	784
676	926
677	937
677	940
678	696
678	917
680	927
680	960
680	967
681	699
681	705
681	725
681	856
681	871
681	924
681	947
681	990
682	685
682	691
682	708
682	807
683	709
683	738
683	771
683	871
683	911
683	936
683	966
683	975
683	997
684	695
684	722
684	791
684	882
684	983
685	691
685	716
685	837
685	975
685	986
686	819
686	988
687	708
687	783
687	807
687	855
688	826
689	723
689	776
689	807
689	812
689	885
690	829
691	784
691	966
691	991
692	819
693	716
693	719
693	754
693	955
694	726
694	728
696	773
696	857
696	869
696	897
696	912
697	761
698	857
698	904
699	793
699	871
699	897
699	934
699	990
699	991
700	751
701	708
702	714
703	705
703	716
704	802
704	804
704	942
704	981
705	735
705	946
706	872
707	727
707	796
707	969
708	874
708	970
709	715
709	753
709	903
709	970
710	790
710	931
712	855
712	917
712	966
713	731
713	995
715	781
715	850
715	906
716	785
716	883
716	884
717	896
718	848
718	869
719	795
719	977
720	745
721	739
722	755
722	908
723	816
723	874
723	989
724	889
725	762
725	915
725	928
725	965
726	883
726	903
727	946
727	973
729	929
730	794
730	871
731	820
731	824
732	751
733	874
734	859
734	879
734	919
735	739
735	771
735	924
735	975
735	978
736	748
736	755
736	814
737	749
737	822
737	865
737	941
737	982
737	983
737	991
738	739
738	746
738	764
738	779
738	882
739	837
739	913
739	924
740	809
740	876
741	773
741	905
743	980
744	762
744	793
744	830
744	873
744	990
745	748
745	841
746	914
746	919
748	868
749	765
749	782
749	870
750	826
751	928
751	940
751	959
752	827
752	866
752	959
753	880
754	758
755	845
755	933
757	930
759	884
759	953
759	995
761	786
761	824
762	879
763	904
764	831
764	874
766	769
766	833
766	873
768	929
769	797
769	912
769	917
771	861
773	873
773	879
776	919
778	855
778	936
779	801
779	874
779	882
779	926
779	997
780	796
780	812
780	970
780	975
780	981
781	958
783	966
783	983
784	953
784	983
785	836
788	996
790	931
791	820
792	924
792	982
793	802
793	863
793	986
795	845
795	880
797	892
799	920
800	969
801	854
801	865
801	948
801	955
801	987
804	923
804	966
804	974
805	912
806	871
806	880
806	915
807	855
807	930
809	898
809	967
810	890
810	980
811	952
812	874
812	930
812	947
812	981
814	963
814	988
814	999
815	822
815	991
816	855
816	874
816	976
818	848
818	915
818	917
819	998
822	831
823	830
823	902
824	958
825	903
827	889
827	998
828	914
828	949
828	970
830	890
831	911
832	919
833	898
835	942
836	942
837	913
838	927
839	884
840	877
841	849
841	971
842	896
842	926
843	993
844	969
845	896
845	958
846	961
848	905
851	988
854	954
854	974
856	896
859	964
860	981
860	989
861	882
861	997
863	924
863	982
864	872
864	879
864	891
866	916
866	965
867	893
868	971
870	882
871	915
874	879
874	970
881	985
882	953
882	983
883	903
883	915
883	948
883	966
885	994
886	913
887	910
890	903
890	963
890	982
892	947
893	914
894	927
896	937
897	912
897	947
898	910
898	962
900	943
902	917
902	998
903	980
903	987
905	912
905	940
905	963
906	936
910	969
911	983
912	932
914	964
917	932
917	963
917	990
921	956
922	996
924	985
925	956
925	983
926	941
926	995
927	938
929	964
930	943
931	969
932	990
934	978
934	980
935	950
936	958
941	943
941	952
941	995
944	968
949	970
953	995
959	998
962	969
963	965
966	985
969	992
970	985
973	989
978	982
981	991
983	995
