0	47
0	83
0	273
0	385
0	580
0	726
0	736
0	916
1	33
1	56
1	124
1	150
1	169
1	326
1	356
1	368
1	435
1	578
1	625
1	630
1	700
1	780
1	781
1	826
3	128
3	136
3	378
3	473
3	600
3	998
4	239
4	240
4	466
4	591
4	629
4	887
4	891
5	80
5	208
5	225
5	328
5	368
5	617
5	642
5	705
5	846
5	869
6	16
7	129
7	199
7	207
7	292
7	301
7	415
7	430
7	435
7	479
7	547
7	578
7	788
7	818
7	893
7	915
7	949
8	421
8	465
8	539
8	547
8	601
8	606
8	809
8	825
8	850
8	871
8	894
8	961
9	151
9	183
9	349
9	474
9	802
9	944
10	13
10	94
10	266
10	279
10	294
10	350
10	376
10	423
10	546
10	592
10	870
10	912
10	932
10	987
11	88
11	275
11	339
11	852
12	44
12	56
12	183
12	211
12	386
12	394
12	510
12	552
12	584
12	802
13	158
13	197
13	262
13	294
13	367
13	520
13	590
13	592
13	649
13	817
13	927
13	984
14	145
14	271
14	461
14	473
14	796
15	134
15	169
15	297
15	306
15	329
15	354
15	469
15	559
15	658
15	893
15	909
15	939
16	475
16	895
17	110
17	750
17	821
18	110
18	170
18	264
18	266
18	289
18	327
18	455
18	482
18	523
18	606
18	630
18	734
18	782
18	813
18	839
18	862
18	878
19	81
19	291
19	467
19	706
19	833
19	834
20	202
20	369
20	402
20	472
20	650
20	818
20	919
21	67
21	143
21	209
21	345
21	645
21	662
21	672
21	692
21	693
21	883
21	904
21	964
21	965
21	987
22	144
22	203
22	228
22	283
22	311
22	328
22	482
22	537
22	736
22	773
22	996
23	91
23	243
23	375
23	706
23	716
23	721
24	56
24	57
24	215
24	329
24	427
24	428
24	442
24	463
24	566
24	584
24	607
24	631
24	777
24	794
24	899
24	939
24	977
25	526
26	34
26	123
26	342
26	591
26	629
26	705
26	724
26	842
27	412
27	821
28	477
29	100
29	220
29	326
29	336
29	507
29	578
29	621
29	700
29	753
29	802
29	928
30	53
30	173
30	176
30	209
30	220
30	251
30	281
30	418
30	433
30	504
30	530
30	535
30	550
30	592
30	645
30	678
30	693
30	695
30	858
30	934
30	968
30	988
31	208
31	209
31	283
31	401
31	465
31	547
31	630
31	695
31	712
31	769
31	794
31	840
31	856
31	939
32	80
32	83
32	95
32	724
32	729
32	859
33	55
33	181
33	269
33	328
33	396
33	431
33	465
33	580
33	813
33	847
33	994
34	80
34	123
34	273
34	413
34	420
34	513
34	554
34	565
34	896
34	955
34	958
35	135
35	179
35	271
35	284
35	293
35	380
35	456
35	462
35	873
35	892
36	854
37	58
37	151
37	185
37	219
37	427
37	440
37	463
37	472
37	478
37	618
37	764
37	932
38	106
38	196
38	286
38	392
38	446
38	460
38	517
38	910
39	238
39	273
39	319
39	334
39	432
39	441
39	494
39	846
40	144
40	236
40	286
40	299
40	318
40	342
40	404
40	519
40	737
40	749
40	793
40	878
40	897
40	910
40	911
40	983
40	986
41	369
41	646
42	106
42	111
42	234
42	241
42	262
42	426
42	503
42	735
42	876
42	910
42	922
42	970
43	297
43	342
43	468
43	705
43	782
43	809
43	896
44	50
44	198
44	243
44	397
44	442
44	449
44	479
44	559
44	560
44	704
44	810
44	919
44	928
44	936
44	939
44	992
45	162
46	103
46	235
46	580
46	586
46	709
46	714
46	940
47	127
47	302
47	417
47	677
47	696
47	765
47	887
48	99
48	140
48	460
48	730
49	55
49	200
49	208
49	232
49	422
49	434
49	474
49	514
49	616
49	644
49	656
49	804
49	825
50	260
50	359
50	402
50	538
50	589
50	634
50	781
50	840
50	861
50	893
50	939
50	980
51	738
52	228
52	268
52	335
52	368
52	422
52	441
52	466
52	522
52	668
52	696
52	830
52	890
52	915
52	961
53	293
53	478
53	732
53	739
53	889
53	892
53	904
53	906
53	981
53	984
53	986
54	136
54	210
54	219
54	243
54	284
54	386
54	462
54	600
54	661
54	721
54	950
55	152
55	209
55	227
55	286
55	309
55	368
55	372
55	376
55	438
55	494
55	513
55	522
55	532
55	667
55	734
55	820
55	841
55	911
55	920
55	954
56	100
56	186
56	228
56	259
56	415
56	440
56	447
56	469
56	560
56	938
56	957
56	968
56	994
56	999
57	60
57	186
57	356
57	433
57	440
57	473
57	496
57	523
57	560
57	566
57	596
57	601
57	662
57	753
58	108
58	129
58	176
58	229
58	281
58	291
58	424
58	453
58	510
58	595
58	598
58	767
58	781
58	999
59	189
59	566
59	795
60	124
60	152
60	207
60	255
60	306
60	358
60	469
60	538
60	621
60	649
60	686
60	810
60	877
60	893
60	928
60	977
61	82
61	190
61	487
61	736
61	813
61	918
62	69
62	222
62	294
62	299
62	452
62	493
62	520
62	702
62	720
62	822
62	857
62	922
63	808
64	217
65	145
65	154
65	169
65	271
65	394
65	587
65	616
65	656
65	704
65	964
66	128
66	137
66	162
66	416
66	743
66	902
67	281
67	284
67	288
67	293
67	326
67	429
67	430
67	550
67	692
67	704
67	892
67	962
67	981
67	982
67	991
68	237
68	286
68	434
68	874
68	907
69	72
69	81
69	193
69	325
69	376
69	455
69	493
69	604
69	749
69	786
69	831
69	846
69	920
69	951
69	962
69	986
70	95
70	239
70	261
70	465
70	867
70	918
70	940
71	87
71	731
72	89
72	133
72	233
72	245
72	265
72	286
72	318
72	335
72	345
72	404
72	422
72	434
72	485
72	539
72	846
72	886
72	900
72	911
72	978
72	993
73	370
74	106
74	125
74	130
74	193
74	233
74	245
74	376
74	391
74	399
74	450
74	482
74	530
74	730
74	793
74	839
74	968
74	984
75	269
75	292
75	313
75	326
75	415
75	560
75	596
75	722
75	818
75	909
76	86
77	791
79	92
79	151
79	191
79	464
79	739
79	767
79	946
79	990
80	327
80	396
80	468
80	556
80	576
80	813
80	975
81	113
81	114
81	215
81	219
81	222
81	363
81	375
81	520
81	528
81	530
81	535
81	536
81	587
81	645
81	649
81	666
81	674
81	679
81	777
81	779
81	932
81	965
81	976
81	988
82	103
82	328
82	329
82	537
82	630
82	705
82	717
82	782
82	809
82	827
82	860
82	894
82	992
83	267
83	328
83	425
83	554
83	782
83	896
83	955
84	300
85	166
85	186
85	396
85	468
85	527
85	798
85	980
86	370
87	290
87	501
87	552
87	744
88	321
89	332
89	394
89	423
89	504
89	506
89	612
89	671
89	674
89	692
89	777
89	888
89	933
89	969
89	991
90	106
90	173
90	237
90	241
90	317
90	505
90	737
90	922
91	161
91	167
91	227
91	270
91	628
91	836
91	892
92	151
92	397
92	428
92	484
92	719
94	113
94	292
94	414
95	121
95	181
95	240
95	554
95	681
95	713
95	729
96	123
96	289
96	396
96	513
96	565
96	668
96	705
96	797
96	900
96	955
96	968
97	123
97	142
97	181
97	585
97	818
97	885
98	241
98	382
98	420
98	509
98	657
98	697
98	854
98	916
99	101
99	114
99	363
99	367
99	381
99	456
99	457
99	482
99	595
99	649
99	906
99	927
99	976
99	985
100	137
100	143
100	359
100	397
100	424
100	435
100	463
100	512
100	726
100	893
100	911
100	936
101	143
101	156
101	200
101	285
101	363
101	381
101	450
101	453
101	462
101	616
101	730
101	812
101	816
101	897
101	904
101	942
102	112
102	645
102	833
102	906
103	225
103	259
103	401
103	468
103	527
103	566
103	631
103	701
103	742
103	798
103	898
103	959
104	106
104	126
104	178
104	213
104	250
104	444
104	477
104	923
104	935
104	967
105	135
105	322
105	587
105	667
105	694
105	812
105	882
105	883
105	906
105	942
105	985
106	114
106	232
106	277
106	494
106	514
106	541
106	542
106	621
106	657
106	720
106	749
106	774
107	377
107	464
108	198
108	210
108	378
108	472
108	578
109	138
109	574
109	795
110	202
110	263
110	409
110	549
110	556
110	586
110	596
110	660
110	688
110	809
110	840
110	895
111	112
111	173
111	196
111	410
111	426
111	551
111	708
111	953
112	139
112	155
112	653
112	825
112	985
113	158
113	462
113	545
113	720
113	927
114	230
114	293
114	322
114	411
114	451
114	452
114	453
114	456
114	528
114	595
114	667
114	786
114	804
114	904
114	920
115	186
115	315
115	402
115	440
115	447
115	472
115	512
115	538
115	628
115	840
115	851
116	417
116	441
116	477
116	734
116	824
116	846
116	890
116	941
117	161
117	183
117	192
117	214
117	284
117	312
117	427
117	474
117	589
117	843
117	969
117	990
117	999
118	411
118	500
118	666
118	812
118	822
118	965
120	572
121	131
121	240
121	487
121	576
122	164
122	207
122	210
122	211
122	349
122	358
122	440
122	461
122	476
122	483
122	587
122	732
122	889
122	962
122	996
123	253
123	273
123	554
123	586
123	677
123	705
123	847
123	891
124	149
124	203
124	228
124	286
124	421
124	489
124	494
124	496
124	584
124	601
124	625
124	725
124	734
124	806
124	836
124	850
124	920
124	993
125	494
125	513
125	514
125	608
125	647
125	695
125	805
125	850
125	873
125	878
125	961
125	962
126	249
126	503
126	525
126	640
126	874
126	930
127	177
127	182
127	342
127	420
127	423
127	432
127	657
127	676
127	870
128	188
128	282
128	375
128	428
128	453
128	463
128	619
128	770
129	130
129	161
129	212
129	219
129	351
129	394
129	461
129	618
129	671
129	672
129	794
129	834
129	847
129	955
129	960
130	161
130	283
130	332
130	450
130	504
130	551
130	616
130	630
130	645
130	656
130	671
130	672
130	732
130	779
130	826
130	865
130	888
130	934
131	681
131	966
132	238
132	573
132	676
132	789
132	970
133	173
133	317
133	332
133	382
133	485
133	702
133	720
133	978
133	994
134	172
134	257
134	267
134	292
134	358
134	372
134	459
134	482
134	524
134	529
134	625
134	664
134	710
134	813
134	862
134	878
134	922
134	952
134	958
135	136
135	197
135	694
135	906
136	183
136	351
136	356
136	386
136	590
136	892
136	929
136	962
137	246
137	989
138	437
139	193
139	233
139	279
139	414
139	451
139	452
139	476
139	562
139	679
139	730
139	774
139	986
140	155
140	182
140	392
140	452
140	546
141	226
142	729
143	173
143	227
143	323
143	450
143	476
143	610
143	730
143	828
143	830
143	904
143	934
143	979
143	982
143	985
144	159
144	177
144	403
144	520
144	525
144	532
144	539
144	562
144	626
144	667
144	711
144	767
144	956
144	982
144	984
144	997
145	215
145	270
145	351
145	618
145	634
145	672
145	704
145	716
147	189
147	486
147	690
148	243
148	291
148	312
148	351
148	429
148	501
148	618
148	686
148	743
148	796
148	820
148	962
148	998
149	317
149	318
149	351
149	541
149	567
149	691
149	732
149	734
149	920
149	932
150	208
150	274
150	289
150	303
150	328
150	349
150	382
150	482
150	522
150	523
150	564
150	578
150	697
150	701
150	717
150	726
150	780
150	798
150	830
150	856
150	909
150	938
150	945
150	961
150	978
151	276
151	386
151	436
151	499
151	721
151	743
151	990
151	995
152	192
152	210
152	212
152	259
152	312
152	424
152	440
152	442
152	474
152	537
152	566
152	596
152	752
152	818
152	928
152	938
152	954
153	235
154	209
154	274
154	326
154	332
154	478
154	508
154	535
154	607
154	693
154	804
154	835
154	847
154	888
154	965
155	196
155	216
155	357
155	597
155	814
156	325
156	404
156	451
156	476
156	519
156	520
156	610
156	612
156	640
156	667
156	951
157	203
157	283
157	303
157	401
157	466
157	494
157	522
157	539
157	578
157	784
157	832
157	859
157	878
157	967
158	159
158	230
158	252
158	325
158	679
158	687
158	755
158	793
158	831
158	923
158	985
159	173
159	294
159	345
159	367
159	414
159	530
159	602
159	612
159	644
159	653
159	697
159	755
159	773
159	831
159	834
159	957
159	982
159	987
159	988
159	996
160	723
160	808
160	872
161	172
161	202
161	212
161	245
161	393
161	397
161	461
161	469
161	478
161	589
161	598
161	600
161	631
161	743
162	481
162	706
163	201
163	254
163	652
163	752
163	799
163	919
164	171
164	209
164	211
164	215
164	292
164	406
164	420
164	433
164	506
164	587
164	605
164	612
164	621
164	634
164	662
164	692
164	836
164	915
165	738
166	609
166	682
167	188
167	271
167	574
168	240
168	361
168	493
168	554
168	689
168	771
168	789
168	967
169	173
169	192
169	255
169	289
169	291
169	322
169	368
169	409
169	433
169	469
169	472
169	566
169	589
169	939
169	969
169	977
169	998
170	172
170	176
170	225
170	289
170	305
170	630
170	736
170	878
170	945
170	956
170	986
171	191
171	214
171	291
171	292
171	367
171	397
171	428
171	430
171	550
171	612
171	701
171	777
171	820
171	850
171	954
171	987
172	228
172	256
172	319
172	540
172	578
172	700
172	826
172	859
172	982
173	293
173	332
173	334
173	350
173	368
173	513
173	525
173	615
173	647
173	674
173	679
173	687
173	711
173	764
173	796
173	836
173	841
173	920
173	931
174	221
174	561
174	921
174	958
175	346
175	396
175	609
175	625
175	859
175	980
176	185
176	219
176	270
176	336
176	410
176	449
176	450
176	506
176	507
176	512
176	596
176	628
176	662
176	686
176	743
176	802
176	829
176	853
176	893
176	929
176	995
177	213
177	265
177	267
177	286
177	372
177	455
177	509
177	528
177	544
177	671
177	774
177	780
177	805
177	912
177	922
177	958
178	196
178	300
178	503
178	534
178	676
178	723
179	312
179	456
179	462
179	592
179	767
179	775
179	812
179	892
179	949
179	969
181	576
181	609
181	660
181	714
181	803
182	250
182	295
182	379
182	431
182	432
182	434
182	677
182	878
182	920
182	930
183	212
183	351
183	628
184	610
184	745
185	284
185	386
185	461
185	501
185	574
185	741
185	820
185	987
186	199
186	281
186	301
186	472
186	479
186	527
186	581
186	701
186	861
186	878
187	672
187	759
187	775
187	927
188	282
188	773
188	816
188	836
189	795
190	455
190	654
190	846
190	900
190	973
191	270
191	435
191	438
191	467
191	519
191	540
191	551
191	634
191	644
191	692
191	829
191	858
191	888
191	964
192	260
192	276
192	360
192	538
192	582
192	662
192	795
192	999
193	367
193	467
193	605
193	667
193	737
193	774
193	804
193	830
193	873
193	876
194	337
194	346
194	591
194	633
194	648
194	677
194	735
194	918
195	554
196	444
196	872
197	481
197	492
197	811
198	321
198	397
198	473
198	618
199	264
199	305
199	415
199	440
199	443
199	459
199	489
199	705
199	717
199	722
199	951
199	994
200	251
200	438
200	451
200	504
200	536
200	704
200	836
200	906
200	942
201	254
201	257
201	510
201	537
201	564
201	582
201	736
201	840
201	919
201	952
201	959
202	207
202	215
202	259
202	400
202	402
202	408
202	435
202	472
202	560
202	575
202	596
202	802
202	888
202	944
203	421
203	425
203	459
203	482
203	537
203	576
203	578
203	601
203	638
203	729
203	813
203	826
203	839
203	894
203	984
203	996
204	416
204	646
204	738
205	213
205	249
205	421
205	434
205	452
205	482
205	657
205	711
205	746
205	864
205	874
205	930
205	932
205	967
207	210
207	259
207	263
207	289
207	292
207	311
207	336
207	433
207	523
207	558
207	561
207	581
207	603
207	625
207	629
207	753
207	826
207	881
207	938
208	303
208	351
208	354
208	602
208	629
208	691
208	868
208	991
209	211
209	212
209	432
209	455
209	540
209	647
209	674
209	766
209	804
209	825
209	841
209	911
209	984
209	993
210	301
210	313
210	349
210	368
210	459
210	658
210	717
210	796
210	839
210	869
211	212
211	227
211	309
211	386
211	397
211	469
211	506
211	507
211	535
211	692
211	820
211	853
211	915
211	960
211	964
211	988
211	991
212	215
212	227
212	354
212	386
212	427
212	430
212	550
212	552
212	587
212	589
212	618
212	700
212	829
212	892
212	906
212	938
212	950
212	960
212	998
213	218
213	238
213	493
213	497
213	502
213	541
213	771
213	819
213	832
214	312
214	386
214	419
214	459
214	613
214	750
214	915
215	356
215	358
215	374
215	402
215	524
215	600
215	628
215	634
215	701
215	722
215	743
215	829
215	969
216	624
216	733
217	259
217	369
217	374
217	744
217	799
218	532
218	838
218	844
218	941
219	293
219	309
219	378
219	574
219	618
219	732
219	743
219	758
220	281
220	315
220	391
220	506
220	519
220	621
220	671
220	734
220	883
220	915
220	922
220	960
220	964
220	965
220	988
221	258
221	526
221	557
221	787
221	842
221	891
221	896
222	272
222	345
222	446
222	452
222	485
222	503
222	542
222	544
222	590
222	604
222	684
222	687
222	749
222	822
222	836
222	942
222	988
222	997
224	483
224	560
224	704
224	802
224	968
225	328
225	336
225	465
225	468
225	561
225	578
225	602
225	629
225	691
225	712
225	724
225	746
225	773
225	781
225	878
225	890
225	945
226	238
226	304
226	327
226	591
226	886
227	282
227	461
227	634
227	662
227	865
227	888
227	927
227	929
227	995
227	998
228	231
228	270
228	303
228	368
228	382
228	496
228	512
228	562
228	578
228	602
228	622
228	634
228	695
228	773
228	780
228	782
228	830
228	858
228	868
228	938
228	954
228	997
229	436
229	474
229	685
229	721
230	236
230	251
230	252
230	323
230	608
230	610
230	649
230	665
230	920
231	374
231	382
231	384
231	475
231	489
231	564
231	566
231	651
231	701
231	712
231	725
232	241
232	308
232	322
232	774
232	847
233	272
233	376
233	567
233	584
233	657
233	679
233	697
233	737
233	758
233	774
233	819
233	824
233	906
233	916
233	951
234	262
234	330
234	495
234	514
234	673
234	817
234	983
235	316
235	973
236	334
236	551
236	616
236	720
236	880
236	896
236	925
236	930
236	960
237	279
237	334
237	346
237	455
237	485
237	676
237	677
237	737
237	745
237	766
237	935
238	431
238	491
238	623
238	689
238	916
238	996
239	314
239	361
239	760
239	860
239	958
241	458
241	629
241	708
241	916
242	488
242	597
242	963
243	274
243	282
243	718
243	965
244	617
245	270
245	507
245	587
245	590
245	737
245	757
245	800
245	804
245	831
246	377
246	750
246	820
246	899
248	255
248	375
248	433
248	473
248	474
248	605
248	704
248	743
248	820
249	256
249	265
249	433
249	528
249	554
249	604
249	702
249	736
249	862
249	880
249	915
249	951
249	953
249	975
250	273
250	308
250	623
250	696
250	702
250	871
250	916
250	920
250	967
251	296
251	600
251	678
251	741
251	833
252	403
252	500
252	535
252	577
252	626
252	665
252	730
252	815
253	586
253	871
253	896
254	340
254	479
254	510
254	628
254	898
254	903
255	297
255	331
255	419
255	433
255	473
255	512
255	605
255	634
255	693
255	721
255	732
255	743
255	949
255	969
255	998
256	434
256	544
256	604
256	647
256	697
256	841
256	870
257	259
257	267
257	359
257	374
257	400
257	562
257	631
257	744
257	810
257	944
257	966
257	980
258	261
258	385
258	480
258	648
258	760
258	958
259	328
259	358
259	435
259	559
259	688
259	717
259	870
259	959
259	992
260	264
260	369
260	400
260	564
260	753
260	781
260	893
260	952
261	396
261	579
261	729
262	277
262	505
262	925
262	979
263	283
263	435
263	480
263	827
263	900
263	956
263	959
264	289
264	306
264	400
264	631
264	722
264	744
264	752
264	818
264	881
265	286
265	318
265	350
265	376
265	432
265	446
265	528
265	656
265	702
265	734
265	839
265	847
265	856
265	911
265	912
265	951
266	278
266	350
266	495
266	676
266	831
266	872
266	961
267	318
267	319
267	358
267	386
267	717
267	781
267	798
267	805
267	809
267	826
267	840
267	890
267	894
267	956
268	311
268	328
268	396
268	561
268	623
268	625
268	746
268	921
268	928
268	959
269	639
269	642
270	274
270	478
270	496
270	501
270	524
270	596
270	615
270	732
270	743
270	758
270	779
270	802
270	841
270	892
270	938
270	987
270	995
271	614
271	721
271	802
271	888
271	931
272	391
272	546
272	612
272	679
272	745
272	835
272	894
272	941
273	554
273	724
273	736
273	782
273	867
274	288
274	291
274	351
274	381
274	435
274	457
274	461
274	496
274	600
274	644
274	645
274	686
274	716
274	781
274	915
274	929
274	938
274	960
274	964
275	635
275	990
276	331
276	419
276	469
276	628
276	843
276	861
277	392
277	604
277	667
277	872
278	279
279	295
279	403
279	423
279	446
279	458
279	497
279	544
279	623
279	712
279	734
279	751
279	779
279	814
279	824
279	864
279	911
279	930
279	951
279	980
281	288
281	326
281	376
281	542
281	595
281	678
281	741
281	892
282	312
282	474
282	479
282	778
282	865
282	950
283	314
283	429
283	544
283	638
283	658
283	664
283	691
283	712
283	746
283	806
283	819
283	820
283	847
283	878
283	923
284	375
284	484
284	721
284	833
284	927
284	995
285	367
285	376
285	391
285	403
285	450
285	462
285	665
285	785
285	786
285	792
285	793
285	934
285	965
285	984
286	335
286	410
286	421
286	447
286	466
286	509
286	540
286	590
286	623
286	626
286	676
286	678
286	702
286	825
286	846
286	996
286	997
288	294
288	332
288	336
288	394
288	451
288	483
288	540
288	600
288	615
288	750
288	758
288	929
288	957
288	984
289	320
289	538
289	564
289	566
289	596
289	601
289	605
289	726
289	753
289	779
289	806
289	893
289	952
289	954
290	329
290	344
290	556
290	669
290	781
290	823
290	919
291	354
291	424
291	435
291	447
291	461
291	463
291	469
291	524
291	777
291	909
291	928
291	944
292	297
292	368
292	382
292	406
292	440
292	478
292	507
292	607
292	625
292	688
292	701
292	726
292	758
292	862
292	878
292	881
292	936
293	456
293	508
293	535
293	583
293	604
293	615
293	645
293	653
293	697
293	778
293	957
293	981
294	325
294	551
294	679
294	793
294	806
294	897
295	355
295	379
295	404
295	410
295	420
295	493
295	771
295	774
295	800
295	864
295	880
295	886
295	900
295	930
296	834
297	354
297	374
297	474
297	507
297	578
297	830
297	954
298	361
298	421
298	431
298	712
298	760
298	787
298	867
299	394
299	452
299	500
299	604
299	610
299	623
299	712
299	755
299	774
299	858
299	872
299	873
299	912
299	925
299	986
299	997
300	410
300	423
300	458
300	485
300	495
300	657
301	319
301	358
301	465
301	510
301	622
301	638
301	658
301	696
301	809
301	823
301	827
301	839
301	877
301	878
301	975
302	421
302	779
302	839
302	886
303	305
303	508
303	527
303	668
303	674
303	726
303	766
303	809
303	810
303	840
303	959
304	617
304	689
304	751
304	916
304	967
305	409
305	527
305	658
305	850
305	922
305	936
306	322
306	358
306	461
306	474
306	618
306	652
306	692
306	829
306	840
306	853
306	865
306	938
306	962
307	573
308	405
308	458
308	485
308	493
308	567
308	668
308	676
308	789
308	816
308	825
308	864
308	870
308	874
308	876
309	315
309	318
309	326
309	404
309	449
309	462
309	506
309	519
309	595
309	658
309	671
309	737
309	755
309	911
309	960
311	342
311	344
311	371
311	468
311	507
311	601
311	813
311	847
311	877
312	354
312	614
312	721
312	873
313	331
313	402
313	472
313	478
313	560
313	650
313	929
314	361
314	387
314	405
314	617
315	433
315	435
315	457
315	508
315	538
315	540
315	584
315	587
315	622
315	773
315	830
315	856
315	961
315	978
316	384
316	579
316	947
317	350
317	495
317	525
317	604
317	640
317	673
317	935
318	325
318	403
318	519
318	535
318	539
318	590
318	658
318	766
318	817
318	880
318	915
318	960
319	404
319	606
319	701
319	712
319	773
319	780
319	850
319	856
319	862
320	440
320	650
320	784
322	467
322	504
322	505
322	583
322	672
322	730
322	786
322	889
322	904
322	963
322	981
322	985
323	335
323	363
323	592
323	611
323	684
323	694
323	926
325	403
325	504
325	532
325	590
325	611
325	702
325	811
325	873
325	925
325	951
325	987
325	988
326	332
326	418
326	450
326	478
326	506
326	672
326	674
326	835
326	861
326	877
326	915
326	961
326	964
326	968
327	421
327	509
327	638
327	657
327	668
327	724
327	748
327	961
328	455
328	465
328	551
328	564
328	586
328	668
328	724
328	877
328	896
329	527
329	651
329	799
329	821
329	980
329	992
330	334
330	772
330	875
330	884
331	459
331	486
331	909
332	358
332	478
332	611
332	671
332	674
332	692
332	697
332	804
332	932
332	962
332	969
333	676
333	689
333	749
333	771
333	806
333	838
333	876
333	910
333	923
334	336
334	379
334	399
334	455
334	458
334	517
334	541
334	638
334	689
334	874
334	886
335	415
335	425
335	494
335	544
335	663
335	712
335	734
335	755
335	794
335	796
335	911
335	986
336	374
336	440
336	449
336	512
336	524
336	540
336	578
336	582
336	726
336	764
336	798
336	830
336	843
336	847
336	853
336	945
337	338
337	413
337	724
338	565
339	484
339	852
341	690
341	782
341	908
341	959
342	401
342	429
342	441
342	465
342	526
342	629
342	695
342	702
342	916
344	432
344	529
344	547
344	554
344	629
344	696
344	742
344	782
344	813
344	846
344	877
344	966
345	422
345	453
345	520
345	536
345	621
345	711
345	816
345	858
345	864
345	964
345	984
346	382
346	385
346	409
346	425
346	518
346	705
346	742
346	782
346	827
346	859
346	862
346	966
347	434
347	668
348	579
349	399
349	478
349	506
349	605
349	614
349	621
349	628
349	696
349	779
349	780
349	969
349	993
350	367
350	525
350	541
350	612
350	730
350	765
350	933
351	358
351	410
351	519
351	542
351	587
351	693
351	778
351	889
351	904
351	933
351	964
351	969
351	977
351	981
351	991
351	993
353	419
353	511
353	563
353	750
354	467
354	469
354	501
354	538
354	550
354	607
354	634
354	700
354	752
354	753
354	853
354	873
354	969
355	379
355	434
355	460
355	509
355	771
355	780
355	824
355	941
355	988
356	440
356	442
356	455
356	461
356	507
356	605
356	658
356	672
356	777
356	781
356	847
356	853
356	860
356	889
356	911
356	978
357	444
357	502
357	677
357	687
357	771
358	368
358	374
358	442
358	447
358	525
358	538
358	560
358	578
358	584
358	605
358	701
358	779
358	856
359	483
359	486
359	566
359	725
360	369
360	650
360	829
360	881
360	893
360	914
360	999
361	387
361	431
361	491
361	854
361	864
362	906
363	583
363	811
364	943
365	880
366	484
367	404
367	406
367	455
367	514
367	520
367	542
367	610
367	679
367	755
367	791
367	817
367	979
367	991
368	382
368	433
368	483
368	507
368	522
368	537
368	566
368	578
368	607
368	644
368	674
368	725
368	794
368	813
368	847
368	856
368	862
368	890
369	795
371	642
371	710
371	919
372	422
372	431
372	441
372	517
372	657
372	702
372	860
373	475
373	714
374	459
374	551
374	629
374	764
374	829
374	945
375	393
375	739
376	539
376	551
376	590
376	592
376	616
376	621
376	645
376	734
376	806
376	810
376	930
376	934
376	997
378	388
378	419
378	652
378	686
378	893
379	405
379	423
379	431
379	539
379	567
379	676
379	874
380	545
380	661
380	706
380	770
381	500
381	504
381	536
381	542
381	611
381	656
381	678
381	841
381	915
381	927
382	466
382	494
382	529
382	601
382	630
382	717
382	746
382	780
382	827
382	847
382	894
382	966
384	490
384	594
385	465
385	602
385	839
386	598
386	600
386	616
386	644
386	692
386	704
386	890
386	915
386	990
387	417
387	497
387	498
387	958
388	427
388	743
388	767
388	843
388	995
388	999
389	895
391	411
391	418
391	477
391	520
391	542
391	665
391	667
391	679
391	804
391	815
391	831
391	858
391	873
391	935
392	444
392	503
392	517
392	640
392	687
392	825
392	930
392	983
393	428
393	474
393	652
393	796
393	929
394	542
394	587
394	656
394	661
394	716
394	758
394	764
394	777
394	858
394	865
394	933
394	997
395	487
395	526
395	557
395	887
395	918
396	561
396	579
396	580
396	609
396	642
396	746
396	797
396	956
397	408
397	430
397	462
397	600
397	618
397	804
397	993
399	544
399	590
399	695
399	774
399	876
399	880
399	922
399	951
400	415
400	472
400	489
400	686
400	726
400	832
400	847
400	909
401	443
401	453
401	606
401	663
401	664
401	668
401	832
401	894
402	409
402	435
402	843
402	914
403	404
403	406
403	411
403	476
403	502
403	590
403	757
403	925
403	976
404	455
404	477
404	607
404	647
404	942
405	441
405	557
405	606
405	617
405	653
405	867
405	891
406	410
406	505
406	610
406	679
406	749
406	791
406	822
406	824
406	991
406	997
408	559
408	914
408	939
409	468
409	554
409	696
409	818
409	832
409	933
410	455
410	734
410	850
410	951
410	982
411	457
411	476
411	653
411	665
411	671
411	687
411	737
411	772
411	822
412	895
413	431
413	471
413	747
413	783
413	842
414	542
414	611
414	678
414	730
414	793
414	806
414	831
414	927
414	976
414	982
414	988
415	463
415	566
415	631
415	634
415	717
415	739
415	753
415	767
415	810
415	840
415	865
415	869
415	969
416	637
417	735
418	592
418	595
418	653
418	666
418	792
418	835
418	942
418	979
419	994
419	999
420	423
420	842
420	870
420	930
421	432
421	441
421	497
421	608
421	664
421	711
421	735
422	425
422	446
422	536
422	539
422	554
422	562
422	622
422	638
422	647
422	657
422	780
422	841
423	458
423	608
423	702
423	771
423	814
423	838
423	870
423	912
423	967
424	447
424	449
424	551
424	865
424	879
424	995
425	622
425	625
425	705
425	746
425	819
425	874
425	932
426	502
426	656
426	757
427	574
427	598
427	722
427	766
427	995
428	461
428	741
429	496
429	513
429	519
429	535
429	614
429	657
429	671
429	674
429	712
429	734
429	804
429	816
429	856
429	865
429	880
429	904
429	932
429	945
429	993
430	496
430	504
430	621
430	739
430	767
430	865
430	939
431	705
431	771
431	836
431	886
431	916
432	443
432	498
432	544
432	691
432	736
432	967
433	522
433	578
433	612
433	658
433	700
433	701
433	746
433	830
433	890
433	904
433	911
433	954
433	993
433	997
434	517
434	519
434	539
434	857
435	482
435	686
435	717
435	726
435	826
435	860
435	868
435	944
435	969
437	463
437	563
438	451
438	612
438	645
438	674
438	779
438	825
438	832
438	911
438	941
438	964
440	560
440	584
440	764
440	810
440	996
441	526
441	547
441	702
441	894
441	916
442	519
442	700
442	722
442	840
442	877
442	928
443	466
443	602
443	629
443	827
443	862
443	961
444	485
444	514
444	640
444	754
444	872
444	876
445	768
446	477
446	485
446	514
446	623
446	626
446	665
446	720
446	871
446	922
446	967
447	560
447	628
447	662
447	753
447	962
447	969
448	503
448	640
448	808
448	844
449	483
449	512
449	524
449	540
449	560
449	722
449	777
449	939
450	457
450	926
450	988
451	551
451	615
451	645
451	656
451	697
451	702
451	817
451	858
451	934
451	977
451	981
451	991
452	477
452	514
452	749
452	927
453	467
453	592
453	612
453	644
453	645
453	762
453	816
453	817
453	833
453	904
453	932
455	478
455	482
455	562
455	590
455	679
455	720
455	793
455	800
455	806
455	827
455	841
455	951
455	978
455	997
456	462
456	496
456	531
456	600
456	804
457	678
457	679
457	802
457	933
457	988
458	608
458	664
458	850
458	941
459	507
459	550
459	752
459	823
459	890
459	992
460	590
460	599
460	720
461	474
461	501
461	504
461	589
461	592
461	693
461	725
461	767
461	915
461	928
461	949
461	999
462	474
462	595
462	661
462	755
462	892
463	598
463	614
463	662
463	753
463	764
463	829
463	969
464	731
464	750
465	510
465	846
465	891
465	896
465	900
465	975
466	549
466	561
466	664
466	668
466	859
466	877
466	975
467	542
467	605
467	653
467	656
467	883
467	987
468	575
468	630
468	712
468	714
468	753
468	827
468	994
469	575
469	639
469	671
469	722
469	743
469	753
469	850
469	877
469	944
472	483
472	566
472	753
472	764
472	851
472	898
472	936
473	652
473	697
473	704
473	802
473	869
473	881
474	607
474	628
474	767
474	820
475	895
476	500
476	583
476	595
476	623
476	678
476	697
476	755
476	786
476	991
477	528
477	653
477	817
477	983
478	507
478	551
478	697
478	909
478	933
478	938
478	950
479	630
479	686
479	752
479	909
479	960
479	977
480	554
480	562
480	727
480	887
480	918
481	718
481	775
482	513
482	529
482	567
482	606
482	608
482	819
482	832
482	850
482	868
482	920
482	951
482	984
482	986
483	753
483	826
483	861
485	495
485	509
485	546
485	857
485	876
485	988
486	527
487	633
487	760
487	787
487	887
488	694
488	772
488	817
489	593
489	669
489	823
489	968
490	728
491	689
492	815
492	875
493	554
493	567
493	622
493	864
493	886
494	608
494	734
494	736
494	813
494	996
495	500
495	534
495	745
496	615
496	621
496	704
496	767
496	809
496	820
496	856
496	869
497	498
497	573
497	789
497	935
498	787
498	918
499	613
500	600
500	657
500	676
500	679
500	687
500	745
500	836
500	965
500	983
501	560
501	587
501	605
501	734
501	796
501	888
501	932
501	960
502	534
502	577
502	720
502	754
503	814
503	824
504	616
504	755
504	904
504	942
504	965
504	976
505	640
505	653
505	857
506	507
506	535
506	584
506	596
506	600
506	605
506	622
506	693
506	732
506	758
506	766
506	993
506	994
507	522
507	540
507	616
507	686
507	830
507	841
507	853
507	856
507	888
507	938
507	939
507	954
507	964
508	542
508	618
508	658
508	678
508	800
508	804
508	840
508	847
508	904
508	996
509	544
509	590
509	862
509	874
509	941
509	953
510	558
510	784
510	908
510	987
511	855
512	551
512	560
512	596
512	717
512	753
512	853
512	936
512	994
513	519
513	587
513	608
513	658
513	779
513	832
513	868
513	873
513	949
513	978
513	996
514	517
514	525
514	925
515	545
515	643
515	785
515	812
515	917
517	874
517	941
518	609
518	651
518	714
518	901
519	644
519	734
519	832
519	841
519	847
519	869
519	892
519	904
519	920
519	981
519	982
519	987
519	993
520	640
520	679
520	833
520	857
520	929
520	934
520	951
521	592
521	965
522	622
522	701
522	702
522	780
522	781
522	805
522	890
522	993
523	547
523	601
523	658
523	688
523	736
523	742
524	527
524	530
524	540
524	566
524	606
524	802
524	806
524	853
524	861
524	939
524	944
525	532
525	567
525	800
525	824
525	894
525	912
525	953
525	967
527	686
527	725
527	782
527	794
527	826
527	850
527	915
527	980
528	544
528	730
528	755
528	800
529	621
530	592
530	595
530	656
530	773
530	835
530	931
530	934
530	950
530	985
531	759
531	834
531	866
532	573
532	711
532	737
532	888
532	912
533	684
534	679
534	971
535	674
535	732
535	773
535	800
535	856
535	932
536	643
536	665
536	693
537	606
537	607
537	638
537	746
537	894
537	911
537	993
538	575
538	625
538	827
538	877
538	936
538	969
539	584
539	604
539	630
539	671
539	800
539	819
539	825
539	870
539	889
539	932
539	949
539	968
540	542
540	560
540	564
540	596
540	679
540	701
540	802
540	858
540	938
541	825
541	910
541	948
542	584
542	615
542	778
542	779
542	835
542	960
544	567
544	616
544	737
544	806
544	819
544	841
544	860
544	912
545	700
545	741
545	759
546	626
546	687
546	711
546	735
546	857
546	988
547	564
547	578
547	606
547	607
547	625
547	686
547	712
547	737
547	798
547	817
547	827
547	847
547	868
547	900
547	938
547	945
548	907
549	850
549	895
549	901
550	578
550	605
550	615
550	672
550	779
550	931
550	934
550	968
551	672
551	766
551	804
551	933
551	981
551	995
552	589
552	618
552	843
552	995
554	578
554	691
554	727
554	803
554	891
555	902
557	591
557	787
558	582
558	650
558	752
559	575
559	686
559	795
559	843
559	908
560	564
560	578
560	603
560	653
560	704
560	722
560	764
560	850
560	888
560	893
560	915
560	936
561	576
561	710
561	714
561	859
561	975
562	600
562	645
562	695
562	773
562	814
562	824
562	846
562	868
562	961
562	978
562	991
562	996
563	613
564	629
564	840
564	932
566	581
566	695
566	752
566	799
566	809
566	818
566	945
567	571
567	657
567	967
569	689
569	735
569	808
569	967
569	986
570	648
570	699
570	727
571	689
571	697
571	708
571	771
572	642
572	660
572	769
573	683
573	771
573	842
575	818
575	977
576	823
578	589
578	628
578	682
578	725
578	780
578	826
578	862
578	954
578	980
578	981
579	642
580	586
580	797
580	940
580	945
581	669
581	725
581	788
581	898
582	853
583	730
583	792
584	671
584	692
584	722
584	753
584	830
584	853
584	874
584	934
584	964
586	609
586	660
586	859
587	605
587	686
587	716
587	732
587	766
587	796
587	820
587	929
587	949
587	988
589	692
589	722
589	778
589	888
589	915
589	939
589	944
590	604
590	644
590	734
590	922
590	988
590	991
591	787
591	887
592	645
592	934
593	625
595	634
595	647
595	649
595	661
595	730
595	868
595	873
595	883
595	888
595	931
595	957
595	979
596	628
596	686
596	810
596	861
596	928
596	939
600	614
600	987
601	695
601	696
601	712
601	724
601	742
601	800
601	803
601	813
601	832
601	839
601	958
601	959
602	746
602	769
602	798
602	980
602	994
603	861
604	649
604	774
604	894
605	671
605	713
605	778
605	931
605	965
605	981
605	991
606	630
606	695
606	805
606	839
606	890
606	900
606	961
606	977
606	996
607	700
607	734
607	805
607	858
607	862
607	868
607	878
607	952
607	954
608	806
609	660
609	803
609	809
609	859
610	647
610	667
610	844
611	674
611	791
611	942
611	987
612	626
612	697
612	755
612	766
612	773
612	858
612	873
612	888
612	949
613	650
614	615
614	662
615	753
615	766
615	800
615	962
615	982
616	734
616	780
616	813
616	817
616	835
616	894
616	915
616	981
616	991
617	838
618	678
618	879
619	741
621	626
621	630
621	662
621	764
621	796
621	965
621	981
622	806
622	860
623	679
623	695
623	696
623	912
623	975
625	712
625	726
625	746
625	764
625	830
625	839
625	878
625	900
625	978
626	671
626	672
626	695
626	712
626	793
626	816
626	920
626	957
626	981
627	815
627	913
628	662
628	802
628	820
628	928
628	960
629	798
629	800
629	809
629	850
630	691
630	794
630	809
630	886
630	900
630	941
631	725
631	827
631	881
631	977
632	698
633	763
633	885
634	693
634	753
634	820
634	840
637	718
638	838
638	859
638	893
638	894
640	657
640	923
642	651
642	660
642	859
644	645
644	656
644	697
644	817
644	882
644	934
644	997
645	700
645	793
645	858
645	982
646	719
647	653
647	661
647	732
647	773
647	870
647	886
647	922
647	934
647	957
648	973
649	762
649	883
649	897
649	965
650	914
651	980
652	680
652	721
652	782
652	879
653	666
653	755
653	812
653	932
656	693
656	737
656	779
656	865
656	912
656	922
656	931
657	663
657	702
657	735
657	789
658	746
658	830
658	847
658	856
658	871
658	904
660	782
660	803
660	813
660	903
661	672
661	800
661	882
661	929
661	931
661	934
661	987
662	796
662	802
662	904
663	689
663	736
663	886
663	894
663	951
663	961
664	727
664	806
664	860
665	666
665	667
665	687
665	757
665	811
665	831
665	873
665	927
665	965
666	822
666	957
666	979
666	982
667	793
667	882
667	925
667	933
667	944
668	846
668	871
668	992
669	753
669	799
669	881
671	674
671	702
671	779
671	796
671	830
671	879
671	954
671	984
671	993
672	777
672	804
672	817
672	858
672	933
672	934
672	962
672	965
673	689
673	745
673	983
674	697
674	712
674	779
674	791
674	793
674	841
674	932
674	934
675	761
675	778
675	929
676	765
677	751
678	773
678	779
678	817
678	934
678	954
680	686
681	782
681	901
682	744
682	895
684	772
684	985
686	779
686	954
686	969
687	732
687	774
687	889
688	878
688	980
688	992
689	736
689	867
689	921
689	958
690	748
691	696
691	746
691	794
691	806
691	832
691	874
692	779
692	836
692	840
692	888
693	812
693	873
693	883
693	892
693	929
693	931
694	786
694	816
694	906
694	979
695	702
695	724
695	734
695	832
695	850
695	920
695	941
696	702
696	798
696	877
696	887
696	961
697	700
697	835
697	865
697	954
699	709
699	729
700	840
700	889
700	957
701	704
701	806
701	813
701	826
701	949
701	959
702	734
702	824
702	836
702	874
702	911
704	758
704	778
704	849
704	934
704	950
706	834
706	866
707	918
708	751
708	765
709	729
709	940
710	782
710	803
710	837
710	901
711	806
711	894
711	951
712	746
712	753
712	862
712	945
713	756
713	837
716	743
716	833
716	865
716	944
717	826
717	881
717	938
717	952
719	852
719	990
720	817
720	880
720	978
721	741
721	834
722	753
722	796
722	853
722	861
723	745
723	870
724	871
724	877
724	900
724	959
725	752
725	777
725	810
726	878
726	898
726	977
727	736
727	742
727	842
729	760
730	883
730	926
730	979
730	993
732	779
732	800
732	858
732	871
732	873
732	892
732	957
733	845
734	767
734	830
734	841
734	850
734	938
734	939
734	949
734	967
734	996
735	916
735	953
736	846
736	894
736	896
737	825
737	934
737	986
741	833
741	834
741	883
742	794
743	778
743	865
743	879
743	950
744	781
745	838
745	925
746	867
746	918
746	954
747	783
748	795
749	793
749	864
749	920
751	771
751	838
752	818
752	823
752	859
752	898
752	909
752	919
752	944
752	952
752	993
753	764
753	852
753	868
753	889
753	939
754	771
755	772
755	786
755	832
755	836
755	858
755	933
757	812
757	892
757	897
758	820
758	827
758	962
758	998
759	946
759	990
762	812
764	829
764	978
765	771
765	874
766	777
766	836
766	858
766	909
766	957
766	964
766	978
767	796
767	818
767	829
767	915
767	929
767	993
767	999
769	842
770	802
771	874
771	913
772	957
772	976
773	841
773	856
773	911
774	904
774	951
774	968
777	873
777	977
778	892
779	806
779	911
780	806
780	860
780	868
780	873
780	889
780	996
781	809
781	890
781	949
782	891
786	906
786	942
787	842
787	896
788	994
789	801
789	838
789	930
791	811
791	831
792	811
792	822
792	897
792	979
793	816
793	831
793	839
793	942
796	881
796	909
796	969
797	827
797	859
798	799
798	809
798	936
799	818
799	952
799	994
800	804
800	810
800	836
800	873
800	934
802	873
802	928
802	950
803	823
803	908
804	817
804	982
805	832
805	853
805	862
805	945
805	960
806	819
806	991
808	971
809	839
809	992
810	818
810	881
810	994
811	812
811	828
811	935
812	817
812	822
812	828
812	967
813	832
813	900
813	949
813	975
814	983
816	861
817	932
817	933
817	964
817	982
817	988
818	823
819	864
819	886
819	912
819	936
820	840
820	889
820	893
820	969
822	904
822	906
822	976
822	985
823	992
824	953
824	978
824	993
825	850
825	982
826	874
826	898
826	994
827	871
828	963
828	976
829	830
829	853
829	861
829	929
829	944
829	961
830	889
830	932
830	997
831	925
832	868
832	894
832	939
833	950
835	911
835	954
835	965
835	982
835	987
836	870
836	889
836	904
836	911
836	932
836	933
836	987
839	878
839	992
839	996
840	939
841	850
841	920
841	956
841	978
842	958
843	869
847	922
847	949
847	961
847	981
847	983
848	979
850	880
850	894
853	882
853	949
853	993
854	970
856	893
856	962
856	993
856	994
857	876
857	983
858	894
858	932
858	981
861	869
861	936
862	880
862	890
862	916
862	945
862	954
862	961
864	867
864	886
864	916
864	921
865	942
865	965
866	883
868	911
868	982
870	880
871	975
872	948
873	889
873	932
873	951
873	954
873	965
873	986
873	991
874	910
874	912
875	974
876	983
877	890
877	954
878	890
878	894
878	978
880	928
881	928
882	892
885	924
886	916
886	984
887	921
888	915
888	939
888	988
889	957
889	962
889	964
890	919
891	958
892	929
892	962
893	952
893	977
894	911
894	930
894	949
894	961
894	986
896	992
897	931
897	950
898	956
900	921
900	975
902	946
904	906
904	962
906	979
907	948
908	959
909	938
911	981
915	929
915	945
915	968
915	981
916	924
916	953
920	997
921	958
922	934
925	960
928	939
928	969
929	969
929	991
929	995
929	999
931	950
932	942
932	993
933	984
934	960
934	962
934	965
934	991
936	952
938	939
938	949
938	994
939	981
941	955
941	961
941	967
942	984
945	949
945	957
945	987
949	978
951	984
951	986
953	956
960	964
961	975
962	993
964	965
964	988
965	981
965	987
965	988
975	992
978	993
981	982
981	997
982	987
985	996
986	991
