0	151
0	472
0	618
0	671
0	888
1	19
1	234
1	753
1	880
1	882
2	24
2	31
2	91
2	165
2	216
2	425
2	507
2	515
2	562
2	629
2	703
4	360
4	712
4	830
4	872
5	24
5	54
5	106
5	185
5	221
5	351
5	450
5	604
5	628
5	629
5	630
5	705
5	775
5	814
5	826
6	44
6	48
6	91
6	131
6	428
7	226
7	287
7	511
7	671
7	769
7	884
8	14
8	86
8	182
8	225
8	285
8	352
8	403
8	592
8	763
8	874
8	890
9	202
9	212
9	526
9	611
9	704
9	827
9	828
10	189
10	283
10	303
10	317
10	330
10	351
10	389
10	477
10	500
10	546
10	558
10	565
10	570
10	625
10	663
10	731
10	754
10	781
10	792
10	804
10	812
10	868
10	896
10	924
10	929
11	184
11	187
11	250
11	531
11	558
11	591
11	623
11	692
11	698
11	774
11	785
11	804
11	824
11	890
11	970
12	87
12	162
12	240
12	554
12	642
12	764
12	785
12	919
12	975
13	70
13	188
13	391
13	543
13	717
13	822
13	833
13	875
13	936
14	68
14	136
14	189
14	352
14	457
14	618
14	692
14	721
14	894
14	903
14	927
14	970
15	96
15	426
15	441
15	462
15	501
15	578
15	595
15	674
15	805
15	847
15	858
15	926
16	688
17	62
17	454
17	605
17	916
18	446
18	616
18	665
18	733
18	777
19	461
19	589
20	69
20	479
20	543
20	799
20	904
21	98
21	884
21	888
21	933
21	969
22	70
22	85
22	307
22	334
22	413
22	492
22	591
22	646
22	724
22	816
22	936
22	958
23	139
23	263
23	317
23	512
23	627
23	691
23	750
23	756
23	822
23	834
24	52
24	106
24	177
24	355
24	422
24	775
24	803
24	808
25	40
25	67
25	149
25	333
25	462
25	620
25	638
25	758
25	797
25	864
25	997
26	339
26	348
27	153
27	266
27	281
27	298
27	419
27	574
29	70
29	237
29	248
29	368
29	431
29	433
29	440
29	507
29	583
29	600
29	603
29	721
29	756
29	767
29	982
30	264
30	265
30	305
30	395
30	699
30	701
30	721
30	724
30	794
30	852
30	875
31	48
31	103
31	189
31	282
31	507
31	901
31	960
32	82
32	151
32	219
32	617
32	791
32	842
32	885
32	931
33	229
33	274
33	505
33	578
33	758
33	779
33	886
34	49
34	105
34	186
34	337
34	372
34	536
34	639
35	954
36	605
36	706
36	879
37	215
37	456
37	498
37	550
37	565
37	603
38	71
38	107
38	129
38	155
38	381
38	607
38	646
38	736
38	794
38	834
38	945
38	958
38	995
39	292
39	618
39	827
39	981
40	187
40	208
40	211
40	214
40	217
40	322
40	505
40	511
40	526
40	622
40	751
40	864
40	879
40	883
41	162
41	287
41	395
41	400
41	693
41	699
41	738
42	172
42	390
42	891
42	905
43	71
43	452
43	583
43	629
43	967
43	974
44	232
44	269
44	460
44	633
44	836
45	94
45	262
45	416
45	436
45	733
45	807
45	968
45	993
46	100
46	169
46	180
46	288
46	294
46	447
46	503
46	750
46	978
46	996
47	387
47	395
47	740
47	905
47	984
48	146
48	232
48	414
48	765
49	137
49	271
49	281
49	308
49	349
49	357
49	404
49	543
49	637
49	718
49	748
49	818
49	884
49	913
50	82
50	91
50	123
50	183
50	193
50	225
50	245
50	250
50	399
50	521
50	551
50	795
50	821
50	825
50	900
50	902
50	911
50	931
51	72
51	85
51	413
51	707
52	79
52	355
52	541
52	692
52	719
52	775
52	971
53	258
54	161
54	234
54	254
54	546
54	571
54	667
55	538
55	593
55	783
55	799
55	828
55	898
56	132
56	135
56	180
56	263
56	283
56	288
56	319
56	340
56	345
56	411
56	507
56	550
56	622
56	670
56	708
56	763
56	790
56	829
56	908
57	75
57	348
57	492
57	760
57	767
57	772
57	875
58	326
58	328
58	360
58	399
58	521
58	659
58	809
58	938
58	991
59	297
59	471
59	853
59	998
60	289
60	388
60	420
60	457
60	517
60	818
60	820
60	832
60	864
61	107
61	283
61	512
61	583
61	691
61	749
61	821
61	871
61	945
61	995
62	112
62	155
62	255
62	266
62	281
62	395
62	424
62	432
62	501
62	503
62	578
62	763
62	847
62	858
62	940
62	944
63	239
63	400
63	401
63	823
63	959
64	223
64	244
64	253
64	261
64	308
64	351
64	414
64	639
64	710
64	819
64	825
64	852
64	987
65	102
65	213
65	223
65	283
65	288
65	409
65	477
65	643
65	680
65	699
65	783
65	825
65	874
65	909
66	98
66	168
66	361
66	366
66	665
66	718
66	964
67	86
67	102
67	274
67	369
67	595
67	766
67	804
67	848
67	919
68	130
68	161
68	455
68	551
68	572
68	835
68	906
68	962
69	160
69	407
69	887
70	90
70	101
70	116
70	441
70	492
70	558
70	631
70	683
70	895
70	975
71	464
71	544
71	566
71	645
71	705
71	736
71	781
71	803
72	533
72	668
73	179
73	600
73	775
74	265
74	387
74	482
74	505
74	523
74	537
74	598
74	858
74	878
75	199
75	252
75	331
75	452
75	599
75	770
76	189
76	223
76	224
76	226
76	308
76	309
76	372
76	388
76	536
76	555
76	673
76	818
76	828
76	919
76	999
77	371
77	420
77	627
77	698
77	790
77	809
77	987
77	992
78	102
78	186
78	272
78	321
78	441
78	584
78	608
78	631
78	674
78	710
78	751
78	774
78	815
79	81
79	290
79	306
79	354
79	359
79	514
79	588
79	761
79	798
79	844
79	873
79	957
79	967
80	176
80	239
80	615
80	693
80	696
80	895
81	222
81	318
81	712
81	744
81	957
82	318
82	713
82	747
82	791
82	881
83	216
83	371
83	629
84	406
84	472
84	537
84	800
84	969
85	518
85	532
85	601
85	958
86	169
86	180
86	223
86	261
86	340
86	480
86	489
86	519
86	520
86	592
86	698
86	721
86	727
86	790
86	846
86	860
86	899
87	96
87	104
87	180
87	330
87	441
87	488
87	639
87	647
87	674
87	691
87	698
87	750
87	756
87	764
87	812
87	940
87	970
88	145
88	202
88	208
88	304
88	473
88	758
89	424
89	453
89	476
89	531
89	719
89	915
89	951
90	229
90	313
90	317
90	330
90	353
90	397
90	423
90	623
90	680
90	781
90	792
90	958
91	103
91	219
91	478
91	512
91	596
91	687
91	713
91	765
91	808
91	809
91	832
91	835
92	216
92	290
92	368
92	562
92	641
92	702
92	761
93	234
93	327
93	422
93	659
93	667
93	675
93	676
93	734
94	232
94	292
94	385
94	428
94	455
94	460
94	620
94	791
94	809
95	122
95	166
95	227
95	305
95	334
95	432
95	441
95	465
95	556
95	632
95	662
95	680
95	701
95	727
95	752
95	774
95	816
95	977
96	217
96	275
96	297
96	311
96	340
96	372
96	384
96	388
96	432
96	451
96	526
96	593
96	608
96	674
96	710
96	743
96	752
97	205
97	250
97	283
97	334
97	438
97	517
97	532
97	643
97	699
97	717
97	745
97	760
97	903
97	947
98	105
98	198
98	211
98	300
98	322
98	517
98	648
98	718
98	739
98	864
98	919
99	557
99	877
100	111
100	297
100	308
100	352
100	535
100	572
100	622
100	639
100	731
100	783
100	804
100	818
100	848
100	894
100	908
100	950
101	227
101	263
101	288
101	313
101	330
101	409
101	522
101	565
101	609
101	631
101	672
101	690
101	737
101	764
101	924
101	975
101	976
102	128
102	163
102	211
102	289
102	321
102	366
102	369
102	386
102	483
102	612
102	673
102	758
102	797
102	831
102	859
102	891
102	908
102	961
103	354
103	571
103	689
103	915
103	946
104	116
104	130
104	137
104	168
104	169
104	383
104	475
104	489
104	512
104	592
104	661
104	769
104	848
104	868
104	973
104	991
105	187
105	223
105	238
105	240
105	274
105	284
105	356
105	366
105	420
105	439
105	608
105	690
105	754
105	786
105	788
105	829
105	831
106	156
106	381
106	431
106	531
106	691
106	719
106	814
106	957
106	976
107	242
107	283
107	303
107	397
107	522
107	529
107	563
107	623
107	680
107	727
107	776
107	977
108	218
108	283
108	300
108	303
108	320
108	353
108	412
108	556
108	628
108	674
108	703
108	705
108	929
108	992
109	234
109	268
109	373
109	798
109	967
110	303
110	508
110	518
110	635
110	650
110	822
111	114
111	142
111	193
111	280
111	457
111	495
111	501
111	519
111	520
111	536
111	569
111	580
111	593
111	614
111	711
111	716
111	866
111	911
111	913
112	332
112	386
112	401
112	417
112	424
112	760
113	172
113	226
113	274
113	473
113	649
113	870
113	926
113	937
114	275
114	292
114	300
114	466
114	520
114	525
114	535
114	733
114	757
114	864
114	962
115	613
115	811
115	986
116	305
116	307
116	350
116	492
116	646
116	657
116	875
116	944
116	975
117	262
117	371
117	399
117	422
117	521
117	526
117	746
117	812
117	991
118	427
118	449
118	557
118	706
118	891
118	990
119	148
119	537
119	827
119	943
120	204
120	259
120	479
121	158
121	189
121	213
121	313
121	376
121	409
121	543
121	550
121	563
121	565
121	591
121	674
121	683
121	698
121	708
121	727
121	749
121	795
121	812
121	871
121	894
121	937
122	197
122	287
122	288
122	317
122	323
122	344
122	411
122	438
122	670
122	705
122	710
122	738
122	824
122	895
123	282
123	367
123	414
123	726
123	817
125	229
125	238
125	454
125	465
125	699
125	769
125	846
125	913
125	944
126	202
126	267
126	288
126	300
126	367
126	490
127	349
127	386
127	448
127	505
127	709
127	910
128	180
128	229
128	287
128	289
128	344
128	349
128	432
128	539
128	737
128	769
128	857
128	944
129	558
129	776
129	932
130	193
130	277
130	420
130	519
130	721
130	821
130	825
130	826
130	834
130	908
130	976
130	987
131	310
131	664
131	867
131	939
132	209
132	411
132	451
132	532
132	554
132	632
132	680
132	824
132	873
132	950
133	200
133	836
134	166
134	213
134	238
134	275
134	289
134	378
134	439
134	465
134	480
134	670
134	769
134	783
134	804
134	832
134	978
134	996
135	155
135	182
135	317
135	395
135	411
135	613
135	642
135	717
135	953
136	326
136	375
136	415
136	416
136	436
136	530
136	860
136	869
136	881
137	141
137	227
137	261
137	277
137	315
137	317
137	332
137	477
137	522
137	563
137	567
137	716
137	785
137	790
137	849
137	908
138	348
138	772
138	796
139	189
139	244
139	341
139	412
139	594
139	692
139	702
139	809
139	810
139	938
140	173
140	256
140	349
140	361
140	611
140	648
140	800
140	835
140	907
140	969
141	276
141	603
141	691
141	752
141	810
141	826
141	837
141	903
141	912
141	915
141	995
142	154
142	375
142	399
142	436
142	442
142	551
142	555
142	633
142	739
142	748
142	755
142	762
142	788
142	835
143	605
143	624
143	671
143	877
145	149
145	211
145	240
145	313
145	372
145	420
145	467
145	536
145	766
145	891
145	899
146	232
146	399
146	664
146	694
146	962
147	288
147	304
147	520
147	522
147	822
147	824
147	837
147	871
147	893
147	944
148	704
149	181
149	251
149	273
149	322
149	367
149	633
149	879
149	964
149	969
150	193
150	269
150	301
150	525
150	653
150	654
150	755
150	762
150	867
150	894
150	996
151	617
151	669
151	836
152	229
152	316
152	426
152	879
152	886
153	296
153	384
153	797
153	831
154	158
154	420
154	464
154	554
154	570
154	583
154	631
154	661
154	703
154	768
154	794
154	822
154	844
154	893
154	974
155	188
155	225
155	315
155	317
155	334
155	369
155	488
155	635
155	663
155	713
155	731
155	874
155	950
156	531
156	562
156	837
157	300
157	388
157	681
157	739
157	799
157	884
158	196
158	303
158	358
158	389
158	508
158	607
158	717
158	732
158	794
159	365
159	503
159	613
159	657
159	677
159	707
159	947
160	457
160	460
160	887
161	244
161	254
161	415
161	555
161	579
161	614
161	739
161	896
161	920
161	991
162	307
162	345
162	376
162	477
162	492
162	570
162	623
162	731
162	736
162	756
162	769
162	779
162	903
162	921
163	187
163	226
163	309
163	337
163	363
163	649
163	708
163	718
163	832
163	883
164	262
164	669
164	735
164	808
165	306
165	506
165	604
165	623
165	659
165	695
165	743
165	746
165	810
165	957
165	982
166	289
166	346
166	352
166	372
166	439
166	496
166	644
166	673
166	751
166	754
166	797
166	805
166	818
166	857
166	919
166	940
166	978
167	197
167	265
167	316
167	364
167	584
167	670
167	774
167	855
168	187
168	208
168	332
168	519
168	563
168	633
168	698
168	819
168	829
168	919
168	950
168	970
169	338
169	372
169	375
169	430
169	462
169	490
169	593
169	614
169	649
169	674
169	727
169	750
169	783
169	819
169	832
169	894
169	977
170	261
170	447
170	532
170	648
170	797
170	820
170	908
170	919
171	211
171	364
171	638
171	684
171	754
171	758
171	779
171	797
172	226
172	281
172	340
172	400
172	432
172	473
172	550
172	556
172	786
172	805
172	883
172	937
172	953
173	267
173	472
173	537
173	547
173	585
173	654
174	377
174	827
175	624
176	201
176	348
176	598
176	778
176	986
177	253
177	303
177	450
177	604
177	771
177	874
177	915
179	700
180	254
180	280
180	345
180	451
180	591
180	612
180	633
180	673
180	748
180	767
180	788
180	795
180	812
180	819
180	911
180	977
181	193
181	256
181	262
181	275
181	410
181	509
181	637
182	255
182	317
182	365
182	423
182	563
182	701
182	731
183	233
183	282
183	306
183	359
183	434
183	742
183	872
184	345
184	353
184	409
184	420
184	679
184	702
184	703
184	790
184	812
184	973
184	977
185	248
186	280
186	388
186	466
186	538
187	189
187	213
187	271
187	289
187	309
187	345
187	363
187	369
187	388
187	417
187	608
187	632
187	848
187	978
187	999
188	205
188	207
188	260
188	263
188	500
188	565
188	601
188	634
188	639
188	646
188	736
188	794
188	851
188	868
188	871
188	875
188	912
188	966
188	968
188	973
188	989
189	238
189	250
189	263
189	297
189	439
189	441
189	451
189	483
189	511
189	679
189	683
189	769
189	848
189	929
189	940
189	978
190	202
190	211
190	267
190	449
190	470
190	585
190	981
190	991
193	232
193	269
193	341
193	404
193	415
193	443
193	457
193	490
193	580
193	757
194	318
194	443
194	735
195	252
195	365
195	393
195	615
196	215
196	412
196	413
196	500
196	518
196	556
196	593
196	607
196	623
196	701
196	710
196	802
197	266
197	395
197	613
197	693
197	740
197	954
197	961
198	256
198	439
198	537
198	610
198	648
198	937
198	996
199	252
199	707
200	301
201	239
201	279
201	878
202	569
202	648
202	684
202	766
202	927
202	970
203	633
204	318
204	328
204	664
205	237
205	260
205	353
205	355
205	419
205	627
205	690
205	893
205	995
206	667
207	320
207	397
207	609
207	717
207	781
207	869
208	281
208	284
208	297
208	322
208	447
208	466
208	718
208	786
208	804
208	832
209	236
209	262
209	344
209	357
209	359
209	404
209	444
209	494
209	496
209	543
209	727
209	786
209	801
209	820
209	846
209	895
209	996
209	999
210	299
210	329
210	410
210	467
210	547
210	681
210	758
210	933
211	611
211	899
212	329
212	406
212	537
212	611
212	654
212	665
212	681
212	787
213	345
213	475
213	643
213	662
213	674
213	698
213	763
213	868
214	321
214	363
214	366
214	797
214	801
214	859
214	913
214	950
215	412
215	554
215	601
215	732
216	221
216	290
216	619
216	746
217	274
217	366
217	496
217	556
217	633
217	751
217	754
217	871
217	894
217	958
217	968
218	227
218	359
218	384
218	398
218	522
218	563
218	604
218	635
218	702
218	951
219	664
219	918
221	507
221	529
221	702
221	821
221	822
221	909
221	975
222	282
222	328
222	342
222	354
222	444
222	592
222	743
222	817
223	250
223	378
223	447
223	698
223	728
223	820
223	826
223	894
223	920
224	250
224	843
224	868
225	226
225	250
225	280
225	297
225	351
225	372
225	398
225	451
225	519
225	579
225	674
225	728
225	750
225	820
225	894
226	449
226	718
226	754
226	884
227	315
227	351
227	397
227	398
227	492
227	550
227	583
227	643
227	667
227	703
227	737
227	812
227	822
227	825
227	849
227	871
227	878
227	951
227	971
228	237
228	252
228	400
228	419
228	615
229	239
229	281
229	532
229	845
229	884
229	953
231	421
231	594
232	293
232	385
232	415
232	597
232	783
232	939
232	993
233	324
233	437
233	592
233	689
233	806
233	872
234	474
234	514
234	666
234	753
234	872
235	477
235	594
235	761
236	366
236	436
236	484
236	489
236	517
236	526
236	535
236	537
236	637
236	662
236	681
236	788
236	793
237	283
237	320
237	353
237	477
237	572
237	635
237	690
237	717
237	781
237	792
237	833
237	858
237	871
237	893
237	909
238	284
238	304
238	309
238	326
238	346
238	451
238	519
238	555
238	644
238	741
238	788
238	911
239	264
239	266
239	364
239	584
239	855
240	249
240	263
240	304
240	311
240	366
240	441
240	465
240	574
240	671
240	752
240	816
240	820
240	832
240	895
241	309
241	333
241	340
241	357
241	359
241	420
241	484
241	525
241	538
241	639
241	711
241	735
241	750
241	824
241	843
241	931
242	285
242	464
242	629
242	663
242	682
242	824
242	851
243	306
243	506
243	629
243	853
244	285
244	294
244	425
244	521
244	601
244	809
244	826
244	914
244	987
245	257
245	276
245	328
245	341
245	444
245	541
245	687
245	739
245	742
245	748
245	820
245	842
245	860
245	881
245	912
246	460
246	510
246	948
247	248
248	518
249	348
249	366
249	595
249	709
249	720
249	754
249	804
249	857
250	283
250	304
250	384
250	425
250	608
250	711
250	750
250	767
250	819
250	825
250	849
250	852
250	991
251	377
251	684
252	606
253	468
253	566
253	628
253	789
253	822
253	974
254	308
254	495
254	551
254	711
254	716
254	734
254	744
254	785
254	843
254	846
254	920
255	286
255	426
255	493
255	591
255	738
255	760
255	829
256	300
256	460
256	618
256	777
256	981
257	430
257	514
257	543
257	551
257	639
257	757
257	812
257	832
257	931
257	950
257	962
257	991
258	291
260	397
260	423
260	424
260	717
260	778
260	794
260	815
261	378
261	489
261	525
261	647
261	661
261	727
261	743
261	931
261	950
262	280
262	326
262	333
262	410
262	466
262	525
262	656
262	835
262	930
262	982
263	307
263	376
263	492
263	526
263	591
263	592
263	625
263	708
263	893
263	940
264	345
264	350
264	395
264	412
264	413
265	266
265	281
265	386
265	438
265	473
265	593
265	760
265	937
266	305
266	386
266	503
266	568
266	603
266	613
266	615
266	740
266	745
266	760
266	778
266	823
266	831
266	855
266	947
266	952
267	300
267	537
267	597
267	648
267	799
267	827
268	506
269	341
269	415
269	739
271	281
271	309
271	311
271	340
271	466
271	467
271	490
271	520
271	526
271	575
271	608
271	751
271	783
271	848
271	931
271	977
272	317
272	438
272	459
272	556
272	628
272	643
272	701
272	710
272	740
272	779
273	298
273	401
273	677
273	790
273	805
273	816
273	944
273	978
274	298
274	340
274	374
274	489
274	779
274	857
274	996
275	300
275	378
275	420
275	466
275	490
275	543
275	637
275	716
275	748
275	774
275	820
275	908
276	277
276	434
276	512
276	521
276	552
276	555
276	559
276	687
276	744
276	914
277	285
277	303
277	315
277	338
277	351
277	355
277	414
277	628
277	661
277	868
277	902
279	419
279	454
279	505
279	811
279	916
280	308
280	404
280	484
280	519
280	674
280	681
280	783
280	788
280	795
280	941
280	950
281	419
281	462
281	760
281	859
281	879
281	883
281	924
282	327
282	443
282	821
282	901
282	957
283	294
283	306
283	338
283	351
283	423
283	432
283	433
283	531
283	558
283	583
283	625
283	748
283	803
283	971
284	361
284	489
284	572
284	575
284	593
284	684
284	751
284	828
284	846
284	913
284	941
284	996
285	351
285	354
285	383
285	397
285	422
285	455
285	541
285	552
285	593
285	631
285	716
285	743
285	860
285	909
286	316
286	643
286	693
286	805
286	848
286	855
286	966
287	401
287	412
287	432
287	595
287	737
287	831
288	317
288	321
288	323
288	332
288	376
288	420
288	480
288	550
288	642
288	763
288	852
288	874
288	893
288	940
289	311
289	369
289	438
289	462
289	570
289	575
289	593
289	608
289	670
289	801
289	812
289	905
289	968
289	978
290	418
290	571
290	850
290	967
291	527
291	576
291	917
292	333
292	467
292	551
292	819
292	999
293	787
294	341
294	494
294	520
294	578
294	591
294	622
294	639
294	683
294	698
294	750
294	790
294	852
294	949
294	985
296	605
296	876
296	891
297	304
297	308
297	311
297	340
297	352
297	417
297	565
297	593
297	672
297	727
297	737
297	750
297	763
297	890
297	968
298	316
298	454
298	516
298	670
298	673
298	740
298	801
298	899
298	984
299	308
299	527
299	616
299	658
299	799
300	378
300	470
300	536
300	884
301	382
301	694
301	892
302	304
302	374
302	426
302	441
302	496
302	671
302	738
302	754
302	815
302	831
302	859
302	876
302	937
302	977
303	541
303	563
303	607
303	628
303	690
303	702
303	705
303	776
303	945
303	971
304	378
304	420
304	573
304	673
304	769
304	779
304	848
304	868
304	894
305	397
305	554
305	621
305	779
305	819
305	833
305	895
305	949
306	434
306	592
306	670
306	727
306	742
306	791
306	826
306	918
307	313
307	334
307	465
307	475
307	488
307	570
307	583
307	603
307	607
307	680
307	717
307	741
307	752
307	871
307	912
307	924
308	340
308	367
308	444
308	580
308	597
308	648
308	818
308	828
308	846
308	906
309	330
309	352
309	376
309	447
309	526
309	769
309	891
309	899
309	907
309	968
309	996
309	999
310	382
310	652
310	948
311	375
311	388
311	465
311	584
311	670
311	748
311	750
311	769
311	785
311	911
311	913
311	968
312	321
312	598
312	678
312	955
313	323
313	332
313	355
313	420
313	522
313	661
313	701
313	711
313	749
313	797
313	874
313	973
314	393
314	840
314	862
315	338
315	389
315	480
315	672
315	698
315	726
315	781
315	973
316	505
316	859
316	870
317	488
317	673
317	720
317	975
318	399
318	499
318	652
318	666
318	987
319	580
319	813
319	817
319	948
319	993
320	334
320	485
320	531
320	601
320	628
320	646
320	705
320	775
320	871
320	974
321	344
321	419
321	488
321	493
321	643
321	693
321	724
321	731
321	737
321	895
321	940
321	944
321	975
322	377
322	751
322	766
322	800
323	397
323	409
323	440
323	601
323	781
323	822
323	875
323	961
324	697
324	946
325	529
325	544
325	915
325	982
326	333
326	388
326	555
326	755
326	808
326	843
326	940
327	341
327	414
327	422
327	689
327	960
327	987
327	991
328	399
328	457
328	499
328	675
328	723
328	734
328	921
329	343
329	408
329	569
329	665
329	897
329	898
330	378
330	423
330	438
330	453
330	489
330	563
330	625
330	627
330	643
330	650
330	661
330	672
330	745
330	764
332	351
332	409
332	475
332	518
332	570
332	656
332	670
332	852
332	871
332	908
332	949
333	343
333	484
333	526
333	530
333	580
333	614
333	664
333	748
333	755
333	762
333	828
333	829
334	411
334	532
334	606
334	740
334	766
334	767
334	794
334	819
334	871
334	875
334	895
335	993
336	382
336	407
336	436
336	446
337	363
337	439
337	462
337	469
337	573
337	671
337	754
337	786
337	890
337	895
337	978
337	999
338	352
338	526
338	551
338	567
338	572
338	623
338	661
338	727
338	768
338	781
338	816
338	929
338	970
338	973
339	707
339	740
339	986
340	483
340	671
340	718
340	754
340	797
340	819
341	521
341	597
341	653
341	783
341	785
342	712
342	791
342	826
342	903
343	416
343	520
343	614
343	648
343	726
343	777
343	807
344	386
344	475
344	578
344	720
344	737
344	786
345	357
345	369
345	383
345	483
345	494
345	496
345	608
345	644
345	647
345	662
345	721
345	790
345	890
345	895
346	351
346	475
346	532
346	644
346	670
346	673
346	716
346	749
346	750
346	769
346	774
346	790
346	820
346	831
346	864
346	911
348	657
348	760
348	893
348	947
349	495
349	496
349	718
349	751
349	797
349	919
350	453
350	503
350	625
350	731
351	371
351	430
351	583
351	627
351	674
351	691
351	834
351	912
352	404
352	536
352	612
352	639
352	653
352	699
352	748
352	820
352	848
352	917
352	940
353	492
353	736
353	829
353	924
353	945
353	959
353	977
353	995
354	414
354	636
355	403
355	512
355	837
356	462
356	937
357	372
357	375
357	447
357	484
357	551
357	661
357	727
357	783
357	846
357	852
358	452
358	508
358	732
358	834
358	985
359	430
359	489
359	659
359	808
359	821
359	929
359	951
359	970
360	442
360	460
360	521
360	652
360	791
360	881
361	367
361	484
361	818
361	969
362	464
362	468
362	705
362	768
363	366
363	526
363	860
363	953
364	386
364	419
364	426
364	482
364	693
364	878
364	905
365	564
365	988
366	369
366	378
366	470
366	536
366	673
366	710
366	769
366	883
366	888
367	377
367	648
367	766
367	804
367	904
367	907
367	969
367	981
368	381
368	771
368	773
368	841
368	998
369	469
369	538
369	608
369	710
369	905
371	506
371	552
371	636
371	689
371	825
371	893
371	902
372	417
372	451
372	536
372	673
372	818
372	919
372	984
374	386
374	411
374	845
374	919
374	937
375	388
375	543
375	597
375	721
375	750
375	783
375	797
375	825
375	828
376	644
376	785
376	786
376	815
376	975
377	648
377	925
377	943
377	969
378	389
378	465
378	608
378	684
378	701
378	769
378	774
378	848
378	858
378	868
378	950
378	978
379	414
379	442
379	546
379	614
379	633
379	734
379	843
379	902
379	991
380	478
381	627
381	635
381	974
382	408
382	525
383	437
383	494
383	604
383	749
383	843
383	868
384	477
384	500
384	523
384	567
384	661
384	752
384	848
385	867
386	578
386	693
386	952
387	811
388	404
388	420
388	467
388	495
388	536
388	614
388	755
388	828
389	423
389	424
389	475
389	483
389	494
389	591
389	595
389	612
389	622
389	763
389	977
391	558
391	645
391	773
391	875
392	509
392	525
392	530
392	567
392	684
392	757
392	807
392	993
393	459
393	707
394	503
394	877
395	615
395	642
395	693
395	724
395	737
395	789
395	862
395	984
397	492
397	500
397	507
397	562
397	563
397	595
397	623
397	627
397	680
397	710
397	756
397	833
397	874
398	494
398	507
398	572
398	721
398	749
398	769
398	825
398	826
399	403
399	559
399	652
399	664
399	728
399	825
399	894
399	896
399	931
399	962
400	615
400	760
401	752
401	805
401	845
403	534
403	541
403	583
403	821
403	896
403	928
403	951
403	973
404	408
404	466
404	495
404	520
404	526
404	718
404	779
404	825
404	996
405	436
405	530
405	576
405	799
406	907
407	787
408	446
408	490
408	581
408	735
409	411
409	423
409	451
409	477
409	483
409	550
409	570
409	612
409	644
409	647
409	661
409	672
409	748
409	785
409	790
409	821
409	977
409	987
410	488
410	538
410	665
410	757
410	913
411	438
411	503
411	511
411	515
411	593
411	637
411	662
411	737
411	786
411	804
411	879
411	893
411	940
412	481
412	603
412	646
412	707
412	773
412	776
412	845
412	851
413	471
413	518
413	772
413	936
414	415
414	521
414	525
414	728
414	843
414	920
415	446
415	614
415	655
415	739
416	484
416	490
416	525
416	614
416	739
416	800
416	896
417	490
417	575
417	632
417	638
417	670
417	788
417	884
417	919
418	445
418	667
418	730
418	946
419	426
419	578
419	613
419	644
419	855
419	859
420	465
420	519
420	637
420	644
420	653
420	711
420	774
420	848
420	913
420	941
420	977
421	468
421	562
421	719
422	515
422	592
422	703
422	893
422	914
422	915
422	957
422	992
423	584
423	699
423	702
423	717
423	752
423	924
423	944
423	970
424	492
424	500
424	522
424	556
424	612
424	623
424	644
424	680
424	698
424	701
424	785
424	903
424	911
424	995
425	464
425	491
425	512
425	600
425	692
425	702
425	703
425	756
425	810
425	974
426	501
426	649
426	760
426	886
426	910
427	560
427	706
427	923
428	750
429	840
430	558
430	572
430	591
430	612
430	622
430	661
430	662
430	692
430	750
430	785
430	795
430	812
430	825
430	951
431	491
431	492
431	562
431	602
432	441
432	642
432	655
432	720
432	796
432	940
433	512
433	601
433	628
433	676
433	692
433	705
433	803
433	812
433	814
433	822
433	844
433	982
434	507
434	604
434	609
434	695
434	742
435	598
435	649
435	870
435	986
436	611
436	620
436	665
436	807
437	474
437	559
437	730
437	798
437	836
437	880
438	774
438	833
438	858
438	875
438	940
438	996
439	673
439	684
439	754
439	758
439	801
439	831
439	857
439	997
440	492
440	505
440	690
440	851
440	871
441	570
441	593
441	599
441	632
441	643
441	699
441	710
441	760
441	767
441	786
441	804
441	849
441	870
442	530
442	593
442	733
442	748
442	881
442	920
443	514
443	589
443	636
443	712
443	806
444	637
444	726
444	743
444	866
444	902
444	912
445	594
445	798
446	525
446	620
446	665
446	813
446	887
447	466
447	488
447	520
447	526
447	543
447	612
447	818
447	828
447	832
447	848
447	996
448	496
448	752
448	926
449	611
449	711
449	843
449	937
449	943
450	689
450	695
450	753
450	821
450	901
451	752
451	763
451	779
451	790
451	812
451	928
451	941
451	970
451	973
453	468
453	508
453	592
453	691
453	833
453	971
454	649
454	800
454	805
454	855
454	870
454	899
454	905
455	515
455	519
455	525
455	663
455	726
455	809
455	846
455	921
456	471
456	707
457	460
457	633
457	735
457	744
457	763
457	941
458	545
458	548
458	759
459	482
460	525
460	733
460	817
461	885
462	537
462	595
462	797
462	859
462	883
463	740
463	782
464	641
464	794
465	522
465	550
465	608
465	763
465	786
465	848
465	893
465	906
465	911
465	970
465	999
466	637
466	681
466	801
466	828
466	950
467	484
467	536
467	543
467	611
467	681
467	933
467	981
468	609
468	700
468	722
468	875
468	989
469	782
469	876
469	879
469	926
469	952
470	766
470	899
470	907
471	568
471	645
471	650
471	833
472	704
473	684
473	848
474	880
474	918
475	522
475	565
475	622
475	644
475	680
475	683
475	716
475	769
475	779
475	785
475	871
475	875
475	903
475	974
476	504
476	586
476	594
476	853
477	488
477	556
477	565
477	570
477	572
477	631
477	635
477	699
477	731
477	833
477	858
477	890
477	977
478	809
478	921
479	616
479	665
479	808
480	500
480	622
480	731
480	826
480	929
480	995
481	543
481	646
481	680
481	690
481	715
482	516
482	573
482	649
482	737
482	947
483	550
483	556
483	570
483	623
483	651
483	790
483	816
483	829
483	871
483	975
484	611
485	498
485	508
485	544
485	600
485	650
485	844
485	974
487	787
487	867
487	920
488	622
488	625
488	763
488	790
488	816
488	824
488	868
488	874
488	928
489	494
489	531
489	579
489	622
489	748
489	783
489	795
489	821
489	835
489	931
490	494
490	530
490	569
490	638
490	818
490	820
491	619
491	719
492	628
492	650
492	674
492	764
492	773
492	794
492	958
493	760
493	816
493	845
493	855
493	858
493	886
493	905
493	966
493	984
494	546
494	567
494	710
494	949
495	509
495	633
495	750
495	755
495	950
495	970
496	671
497	681
497	787
497	842
497	930
499	872
500	522
500	565
500	584
500	705
500	708
500	781
500	834
500	871
501	574
501	578
501	952
501	966
501	984
502	528
503	613
503	632
503	672
503	693
503	708
503	724
503	731
503	792
503	805
503	947
504	803
504	989
505	905
506	591
506	659
506	873
506	915
507	625
507	659
507	667
507	676
507	928
508	583
508	640
508	715
508	945
509	549
509	762
509	799
509	904
509	993
510	733
511	683
511	764
511	769
511	786
511	999
512	702
512	812
512	957
512	982
514	713
515	552
515	563
515	630
515	703
515	768
515	833
515	928
515	957
516	598
517	569
517	585
517	601
517	681
517	711
517	748
517	783
517	999
518	607
518	740
518	745
518	961
519	591
519	593
519	652
519	662
519	754
519	797
519	812
519	825
519	874
519	890
519	894
519	911
519	977
520	526
520	543
520	774
520	783
520	864
520	933
520	944
520	950
521	651
521	734
521	808
521	826
521	906
521	991
522	565
522	591
522	603
522	661
522	858
523	649
523	879
525	866
526	575
526	647
526	748
526	774
526	788
526	968
527	777
529	565
529	627
529	705
529	781
529	788
529	940
530	708
530	757
530	900
530	927
530	963
531	609
532	612
532	745
532	764
532	903
532	958
534	604
534	630
534	689
534	967
535	818
535	884
536	608
536	751
536	913
536	927
537	547
537	648
537	743
537	788
537	981
538	580
538	807
538	843
539	831
539	862
539	916
541	622
541	637
541	973
542	602
542	676
542	983
543	567
543	848
543	996
544	628
544	659
544	967
545	759
545	925
546	713
546	869
546	906
546	950
546	992
547	611
547	616
547	654
547	799
547	927
548	943
550	570
550	583
550	674
550	774
550	785
550	874
551	726
551	843
551	852
551	902
552	601
552	676
552	695
552	742
552	795
552	912
552	914
552	970
554	622
554	623
554	661
554	683
554	760
554	893
554	971
555	572
555	633
555	743
555	750
555	835
556	570
556	646
556	690
556	767
556	790
556	792
556	858
556	958
557	560
557	916
558	732
558	749
558	794
558	932
558	998
559	656
559	708
559	734
559	743
559	808
559	869
559	921
560	598
560	624
560	994
562	566
563	625
563	643
563	651
563	672
563	683
563	698
563	785
563	796
563	874
563	903
564	935
565	570
565	601
565	623
565	634
565	646
565	767
565	871
565	941
565	975
565	999
566	592
566	602
566	629
566	781
566	909
567	689
567	735
567	750
567	804
567	812
567	825
567	930
569	580
569	864
570	643
570	727
570	893
571	676
571	695
571	836
571	987
572	591
572	679
572	790
572	812
572	894
572	908
572	977
573	935
574	649
574	944
574	952
575	755
575	788
575	864
575	968
576	933
578	796
578	815
578	816
578	895
578	905
578	956
579	716
579	743
579	748
579	890
579	894
579	911
580	648
580	755
580	799
580	843
580	963
581	648
581	897
583	623
583	708
583	713
583	754
583	824
583	870
583	928
583	929
584	705
584	740
584	952
584	970
584	975
585	681
587	838
589	636
589	880
591	674
591	679
591	750
591	869
591	874
591	977
592	676
592	687
592	702
592	837
592	914
592	992
593	601
593	708
593	727
593	751
593	764
593	774
593	845
593	857
593	894
594	600
594	629
594	700
594	730
594	872
594	983
595	673
595	754
595	758
595	797
595	859
595	879
595	908
596	835
596	942
597	620
597	664
597	762
597	963
598	862
598	884
598	936
599	696
599	984
599	988
600	602
601	690
601	717
601	731
601	803
601	822
601	975
602	682
602	989
603	607
603	696
603	699
603	731
603	752
604	629
604	692
604	761
604	803
604	980
604	991
606	615
606	731
606	773
606	815
606	822
606	858
607	732
607	740
607	754
607	768
607	802
608	633
608	710
608	788
608	820
608	829
608	848
608	871
608	941
609	640
609	781
609	834
609	894
610	969
611	684
611	799
611	933
612	625
612	727
612	790
612	825
612	829
612	958
613	615
613	701
613	878
613	953
614	656
614	687
614	712
614	743
614	812
614	815
614	820
614	874
615	740
615	847
615	855
615	895
616	993
617	846
617	930
618	648
618	799
618	888
618	943
619	629
619	729
619	730
619	901
620	711
620	739
620	898
620	963
621	627
621	782
621	797
621	870
622	672
622	674
622	698
622	736
622	750
622	826
622	829
622	834
622	845
622	852
622	871
622	890
622	903
622	947
622	949
623	674
623	794
623	821
623	951
624	788
624	870
625	691
625	692
625	794
627	628
627	630
627	715
627	849
627	929
627	967
628	749
628	761
628	768
629	630
629	641
630	873
630	976
631	736
631	740
631	785
631	792
631	875
631	924
632	643
632	737
632	764
632	815
632	875
632	953
632	961
633	637
633	755
633	846
633	866
633	927
634	756
634	844
634	869
634	909
635	698
635	945
636	830
636	942
637	783
637	950
638	766
638	899
638	941
639	647
639	785
639	790
639	819
639	868
639	903
640	715
640	771
640	863
641	749
641	822
642	717
642	724
642	748
642	924
642	961
643	752
643	764
644	698
644	720
644	752
644	805
645	696
645	936
646	829
646	924
646	971
647	674
647	708
647	846
647	869
647	890
647	894
647	992
648	993
648	996
649	876
650	773
650	932
650	985
651	743
651	763
651	835
651	894
651	902
651	971
653	711
653	728
653	881
653	921
653	931
654	793
654	807
654	933
655	828
655	887
655	918
655	937
656	791
656	809
656	835
656	860
656	896
657	878
657	988
659	667
659	929
661	674
661	705
661	785
661	790
661	825
661	833
661	852
661	873
661	890
662	764
662	766
662	769
662	848
662	875
663	692
663	785
663	868
663	873
663	928
664	817
664	842
664	906
665	793
665	813
665	898
665	933
666	712
666	791
666	938
667	806
667	881
667	942
669	963
670	672
670	752
670	819
670	910
671	857
671	862
671	883
671	905
671	937
672	683
672	749
672	868
672	873
672	978
673	786
673	852
673	858
673	943
674	750
674	781
674	835
675	721
675	918
675	942
676	702
676	798
676	803
676	844
677	875
677	984
679	687
679	992
680	690
680	764
680	792
680	795
680	815
680	822
680	893
680	944
680	947
680	958
681	777
683	789
683	940
683	975
684	857
684	919
685	753
685	830
685	865
687	713
687	837
688	922
689	866
689	902
690	691
690	717
690	781
690	851
691	698
691	974
692	790
692	810
693	779
693	792
693	832
693	952
693	956
694	867
695	844
695	912
696	731
696	770
696	773
696	984
697	750
698	727
698	763
698	785
698	869
698	919
699	721
699	815
699	847
699	868
699	966
699	978
701	745
701	792
701	816
701	829
701	940
701	947
701	959
702	912
702	945
703	821
703	844
703	977
705	834
705	844
705	983
707	854
708	756
708	852
708	911
708	987
709	737
710	731
710	764
710	815
710	857
710	886
711	716
711	735
711	744
711	748
711	846
711	884
711	894
711	950
711	973
712	808
712	930
712	942
712	960
713	902
713	914
715	732
715	780
715	985
716	748
716	911
717	736
717	851
717	945
717	961
717	974
718	779
718	801
718	969
718	996
719	768
719	844
720	769
720	895
720	913
721	846
721	866
724	741
724	760
724	772
724	778
726	835
726	866
726	950
727	742
727	750
727	786
727	820
727	868
727	874
727	891
727	908
728	866
728	896
728	920
728	962
729	798
729	803
729	901
729	915
730	856
731	781
731	868
733	757
733	867
734	808
734	860
734	920
734	927
735	866
735	896
736	841
736	851
737	876
737	895
737	936
737	949
738	805
738	831
739	750
739	795
739	842
739	843
739	860
739	920
739	942
739	962
739	991
740	760
740	947
740	953
740	958
741	861
742	853
742	928
743	746
743	788
743	828
743	837
743	894
743	906
744	919
744	927
744	938
744	977
745	802
745	924
745	975
746	803
746	806
747	939
748	820
748	868
748	912
749	756
749	834
749	868
749	951
750	819
750	820
750	843
750	874
750	977
751	786
751	788
751	848
751	883
752	767
752	868
752	940
753	836
753	882
754	801
754	899
755	763
755	884
755	927
756	763
756	874
756	903
757	807
757	963
758	801
758	804
758	864
758	879
758	943
758	966
759	925
760	797
760	825
760	952
760	953
761	983
762	897
762	933
762	997
763	868
763	890
763	912
763	978
764	779
764	792
764	818
764	875
764	940
764	959
765	842
765	900
765	930
766	812
766	884
767	779
767	903
767	975
769	805
769	831
769	869
769	894
769	911
769	934
769	978
770	802
772	936
774	795
774	801
774	891
775	850
775	989
775	992
776	822
776	932
776	974
776	982
779	944
781	871
782	926
783	826
783	920
783	928
783	999
784	979
785	846
785	874
785	903
785	909
785	973
786	857
787	948
788	846
788	864
788	884
788	940
788	999
789	909
790	848
790	852
790	893
790	941
790	961
792	829
792	851
792	871
792	903
793	799
793	898
793	981
794	893
794	995
795	812
795	953
795	970
795	976
795	977
796	823
796	958
797	818
797	829
797	876
797	996
798	872
799	981
800	818
800	899
800	907
800	981
801	874
801	913
803	914
803	976
805	831
805	886
805	905
806	960
806	967
807	860
807	898
808	835
808	973
809	902
809	912
809	960
809	962
810	821
812	819
812	824
813	817
813	993
815	911
815	952
816	895
816	940
816	949
817	819
818	996
818	997
819	820
819	868
819	890
819	894
819	940
821	834
821	873
821	909
821	957
823	855
824	894
824	975
824	977
824	982
825	894
825	991
826	929
827	913
827	943
828	843
828	866
829	849
829	949
831	855
831	886
832	848
835	927
836	960
840	878
842	866
843	868
843	881
843	927
843	991
844	849
844	928
844	971
845	966
846	866
846	885
847	870
848	875
848	978
849	873
849	951
849	980
849	987
849	995
850	989
851	924
851	961
852	874
852	929
852	970
852	973
852	978
857	859
857	891
857	919
857	926
858	940
858	961
859	937
859	966
860	991
862	886
864	899
864	919
868	893
868	894
868	903
868	908
868	911
869	902
870	876
870	899
871	874
871	958
871	977
872	882
872	980
873	971
873	976
874	908
874	928
875	936
875	959
875	961
876	886
876	940
878	952
881	896
881	900
883	884
884	886
884	899
884	919
885	889
886	894
886	908
890	977
891	964
892	948
893	936
894	929
896	900
897	993
898	993
899	913
902	912
904	993
908	937
910	986
911	941
912	940
918	980
920	991
927	931
931	970
932	982
935	988
936	961
940	966
941	950
946	967
949	968
951	971
952	953
955	988
966	986
967	980
968	996
969	997
971	976
976	995
991	992
996	997
