0	65
1	8
1	42
1	113
1	117
1	207
1	313
1	385
1	463
1	499
1	502
1	616
1	792
1	970
1	974
1	985
2	209
2	224
2	311
2	350
2	468
2	498
2	508
2	516
2	560
2	614
2	747
2	925
2	997
3	389
3	599
3	660
3	681
3	897
3	962
4	121
4	130
4	146
4	679
4	730
4	970
5	44
5	93
5	123
5	148
5	172
5	320
5	399
5	423
5	428
5	739
5	760
5	817
5	875
6	30
6	483
6	491
6	713
6	844
6	845
6	846
6	903
7	147
7	176
7	189
7	193
7	222
7	315
7	435
7	483
7	559
7	578
7	583
7	642
7	670
7	883
7	903
7	935
7	986
8	73
8	153
8	266
8	336
8	361
8	462
8	474
8	477
8	505
8	763
8	887
8	924
8	927
8	970
8	981
8	993
9	798
10	60
10	120
10	185
10	668
10	747
10	766
11	67
11	224
11	332
11	410
11	541
11	562
11	586
11	627
11	704
11	752
11	763
11	764
11	793
11	873
11	882
12	73
12	104
12	147
12	159
12	404
12	435
12	532
12	536
12	568
12	577
12	578
12	589
12	592
12	756
12	763
12	892
12	978
13	92
13	97
13	160
13	255
13	365
13	612
13	674
13	768
13	849
13	932
13	951
14	159
14	202
14	259
14	286
14	293
14	317
14	320
14	332
14	503
14	620
14	675
14	707
14	739
14	886
14	893
14	902
14	924
14	930
15	51
15	67
15	226
15	426
15	664
15	809
15	891
15	942
16	52
16	129
16	207
16	218
16	225
16	259
16	266
16	374
16	376
16	433
16	488
16	521
16	578
16	589
16	643
16	670
16	848
16	914
16	984
17	26
17	71
17	136
17	177
17	317
17	329
17	532
17	634
17	824
17	837
17	844
17	857
17	862
17	887
17	902
17	977
18	38
18	72
18	109
18	118
18	119
18	171
18	193
18	245
18	259
18	266
18	349
18	429
18	460
18	557
18	578
18	597
18	656
18	663
18	675
18	677
18	689
18	703
18	778
18	806
18	813
18	844
18	855
18	892
18	930
19	40
19	391
19	598
19	608
19	814
19	823
19	844
19	848
20	202
20	262
21	154
21	360
21	366
21	551
21	623
21	738
21	969
21	991
22	130
22	268
22	351
22	390
22	570
22	630
22	679
22	780
22	906
23	90
23	162
23	201
23	429
23	435
23	446
23	556
23	760
23	819
24	94
24	213
24	319
24	351
24	373
24	543
24	544
24	560
24	599
24	888
25	220
25	447
25	534
25	723
26	64
26	164
26	245
26	293
26	294
26	299
26	338
26	427
26	439
26	514
26	555
26	577
26	578
26	592
26	620
26	630
26	676
26	704
26	815
26	837
26	869
26	927
27	61
27	199
27	293
27	297
27	460
27	550
27	593
27	676
27	692
27	856
27	918
27	958
27	966
28	61
28	123
28	151
28	450
28	588
28	606
28	612
28	866
28	954
29	35
29	156
29	428
29	488
29	514
29	568
29	575
29	589
29	644
29	792
29	812
29	908
29	916
29	965
29	968
29	984
30	325
30	338
30	521
30	569
30	680
30	728
30	823
30	844
30	903
30	999
31	250
31	372
31	376
31	442
31	495
31	502
31	569
31	604
31	616
31	670
31	687
31	792
31	857
31	887
31	901
31	997
33	211
33	236
33	504
33	538
33	743
33	890
33	979
33	990
34	200
34	283
34	401
34	743
34	941
34	976
35	102
35	146
35	218
35	242
35	314
35	390
35	587
35	620
35	656
35	673
35	763
35	855
36	78
36	278
36	622
36	625
36	645
37	54
37	155
37	249
37	268
37	302
37	421
37	455
37	473
37	781
38	144
38	177
38	184
38	202
38	290
38	310
38	349
38	416
38	460
38	500
38	557
38	558
38	564
38	577
38	589
38	671
38	737
38	887
38	908
38	921
38	938
39	221
39	367
39	428
39	556
39	561
39	592
39	625
39	649
39	659
39	704
39	881
39	934
39	950
40	231
40	272
40	568
40	603
40	608
40	814
40	999
41	183
41	212
41	241
41	286
41	338
41	433
41	436
41	493
41	585
41	642
41	656
41	689
41	824
41	864
41	886
42	112
42	204
42	296
42	343
42	491
42	568
42	626
42	643
42	711
42	736
42	771
42	801
42	863
42	923
42	926
42	955
43	297
43	556
43	638
43	669
43	691
43	719
43	779
43	881
43	954
43	995
44	172
44	212
44	305
44	402
44	433
44	628
44	822
44	914
45	83
45	265
45	281
45	469
45	516
45	921
45	941
46	153
46	285
46	362
46	384
46	388
46	390
46	542
46	624
46	730
46	756
46	908
47	305
47	360
47	415
47	503
47	522
47	657
47	806
47	875
48	77
48	130
48	146
48	224
48	335
48	544
48	582
48	662
48	878
48	982
49	90
49	158
49	198
49	320
49	550
49	625
49	756
49	810
49	950
49	964
51	62
51	242
51	251
51	269
51	291
51	332
51	333
51	361
51	649
51	759
51	794
51	949
52	221
52	412
52	427
52	435
52	493
52	495
52	557
52	578
52	589
52	719
52	733
52	835
52	842
52	844
52	886
52	902
52	993
53	352
53	476
53	480
53	645
53	741
53	919
54	68
54	130
54	311
54	726
54	767
54	827
55	391
55	479
55	710
55	745
55	795
56	118
56	123
56	156
56	172
56	220
56	221
56	293
56	399
56	685
56	762
56	789
56	807
56	848
56	950
57	298
57	405
57	420
57	522
57	768
57	800
57	814
57	853
59	214
59	272
59	290
59	400
59	443
59	795
59	841
59	928
60	356
60	803
60	885
61	146
61	158
61	254
61	269
61	318
61	383
61	426
61	438
61	517
61	547
61	549
61	633
61	669
61	700
61	810
61	856
61	873
62	135
62	151
62	199
62	230
62	254
62	376
62	388
62	716
62	746
62	759
62	966
62	984
64	215
64	242
64	346
64	383
64	450
64	547
64	578
64	610
64	673
64	675
64	677
64	786
64	856
64	862
65	551
66	529
66	599
66	627
67	134
67	146
67	281
67	438
67	462
67	505
67	515
67	809
68	250
68	260
68	285
68	361
68	455
68	961
69	115
69	326
69	369
69	566
69	632
69	680
69	818
69	839
69	845
69	923
69	945
70	135
70	138
70	158
70	195
70	254
70	322
70	585
70	677
70	684
70	692
70	704
70	756
70	762
70	786
70	913
71	136
71	206
71	409
71	521
71	811
71	840
71	855
71	860
71	886
71	928
71	978
72	119
72	129
72	221
72	245
72	368
72	427
72	541
72	597
72	659
72	676
72	728
72	789
72	830
72	958
73	121
73	152
73	153
73	184
73	233
73	237
73	315
73	393
73	493
73	515
73	538
73	616
73	664
73	703
73	927
73	946
73	961
73	970
74	722
74	766
75	117
75	169
75	389
75	492
75	508
75	667
75	744
75	941
75	982
76	294
76	433
76	471
76	503
76	663
76	725
76	776
76	954
76	964
77	323
77	335
77	336
77	351
77	431
77	644
77	767
77	949
78	256
78	278
78	371
78	442
78	445
78	715
78	903
78	978
80	475
80	590
80	632
80	641
80	710
80	943
81	239
81	520
82	201
82	270
82	518
82	881
84	197
85	136
85	177
85	222
85	310
85	485
85	494
85	528
85	557
85	558
85	640
85	651
85	761
85	840
85	848
85	883
85	926
85	989
86	126
86	157
86	290
86	370
86	420
86	471
86	531
86	922
86	928
86	968
87	547
87	585
87	895
88	227
88	447
88	610
90	199
90	261
90	304
90	380
90	410
90	550
90	746
90	789
90	830
90	845
90	873
91	123
91	293
91	485
91	558
91	559
91	640
91	674
91	813
91	814
91	842
91	922
92	225
92	353
92	409
92	525
92	558
92	589
92	596
92	601
92	603
92	606
92	638
92	711
92	733
92	791
92	820
92	840
92	945
93	212
93	233
93	399
93	703
93	762
93	778
93	779
93	914
93	985
94	362
94	867
94	942
95	123
95	271
95	518
95	610
95	613
95	669
95	866
95	929
95	954
96	178
96	198
96	448
96	585
96	619
96	627
96	646
96	675
96	929
96	974
97	296
97	589
97	598
97	623
97	674
97	853
98	291
98	364
98	462
98	474
98	621
98	703
98	906
98	962
99	173
99	196
99	286
99	298
99	313
99	368
99	416
99	556
99	779
99	922
100	293
100	456
100	472
100	479
100	632
100	795
100	844
101	785
101	911
101	990
102	481
102	642
102	801
102	857
102	863
102	868
102	923
103	185
103	246
103	371
103	486
103	530
103	554
103	667
103	668
103	941
103	953
103	976
104	226
104	242
104	376
104	384
104	586
104	656
104	685
104	729
104	786
104	856
105	240
105	696
106	256
106	295
106	386
106	425
106	636
106	687
107	614
108	335
108	421
108	474
108	658
108	682
108	786
108	793
108	977
109	118
109	147
109	199
109	212
109	218
109	385
109	395
109	493
109	524
109	597
109	664
109	669
109	689
109	704
109	830
109	837
109	931
109	950
110	214
110	218
110	290
110	298
110	483
110	596
110	608
110	691
110	721
110	791
110	939
111	128
112	617
112	626
112	676
112	715
112	797
112	899
113	258
113	344
113	409
113	450
113	472
113	792
113	804
113	896
113	979
114	403
114	416
114	622
114	707
114	863
114	868
114	872
115	521
115	530
115	603
115	647
115	820
115	841
115	887
115	892
115	939
115	995
116	239
116	397
116	403
116	632
116	680
116	742
116	771
116	795
116	903
117	211
117	238
117	288
117	302
117	644
117	744
117	977
118	153
118	184
118	195
118	393
118	550
118	631
118	737
118	789
118	862
118	866
118	934
118	947
118	985
119	189
119	196
119	202
119	338
119	349
119	384
119	423
119	439
119	460
119	541
119	561
119	577
119	589
119	633
119	675
119	737
119	739
119	807
119	855
119	934
119	947
120	343
120	491
120	565
120	632
120	797
120	801
121	311
121	336
121	342
121	380
121	392
121	468
121	732
121	752
121	802
121	809
121	816
121	824
121	856
121	857
121	909
121	933
122	721
122	768
123	218
123	388
123	428
123	503
123	603
123	606
123	699
123	822
123	894
123	914
123	965
125	249
125	678
126	241
126	369
126	399
126	420
126	471
126	488
127	454
127	833
128	494
128	899
128	911
129	210
129	212
129	221
129	267
129	280
129	428
129	550
129	628
129	631
129	699
129	721
129	813
129	866
129	881
129	934
129	968
130	311
130	332
130	959
131	307
131	525
131	905
131	948
132	370
133	182
133	230
133	662
133	678
133	944
134	215
134	234
134	263
134	314
134	318
134	322
134	332
134	346
134	364
134	379
134	529
134	555
134	661
134	810
135	205
135	267
135	269
135	331
135	529
135	562
135	669
135	784
135	787
136	156
136	195
136	218
136	230
136	291
136	310
136	329
136	380
136	384
136	436
136	506
136	532
136	542
136	575
136	620
136	664
136	675
136	786
136	809
136	812
136	823
136	824
136	924
137	189
137	242
137	374
137	409
137	549
137	565
137	603
137	616
137	664
137	676
137	742
137	824
137	857
137	924
137	950
138	210
138	235
138	271
138	432
138	549
138	562
138	613
138	646
138	692
138	737
138	965
139	209
139	211
139	248
139	362
139	460
139	499
139	542
139	575
139	679
139	704
139	977
139	978
140	239
140	369
140	475
140	507
140	641
140	710
141	366
141	400
141	545
141	581
141	598
141	922
142	288
142	345
142	516
142	538
142	653
142	990
143	446
143	657
143	674
143	699
143	836
143	849
144	310
144	344
144	387
144	569
144	666
144	733
144	766
144	896
145	236
145	343
145	482
145	488
145	617
145	766
145	960
146	147
146	226
146	244
146	372
146	411
146	421
146	492
146	499
146	529
146	572
146	685
146	904
146	933
146	972
147	155
147	442
147	495
147	521
147	589
147	607
147	616
147	634
147	650
147	675
147	701
147	714
147	815
147	931
147	968
148	172
148	231
148	255
148	721
148	895
149	250
149	382
149	452
149	469
149	482
149	499
149	888
149	946
149	963
151	210
151	367
151	465
151	541
151	589
151	592
151	606
151	689
151	725
151	817
151	866
151	929
151	950
152	159
152	164
152	171
152	217
152	225
152	395
152	403
152	417
152	495
152	596
152	676
152	840
152	857
152	860
152	893
152	999
153	204
153	243
153	269
153	322
153	323
153	409
153	463
153	586
153	587
153	630
153	730
153	763
153	784
153	802
153	816
153	856
154	321
154	348
154	357
154	403
154	645
154	937
154	971
155	167
155	209
155	245
155	297
155	304
155	338
155	361
155	374
155	460
155	569
155	589
155	703
155	742
155	824
155	955
156	314
156	361
156	385
156	448
156	562
156	572
156	656
156	763
156	873
157	638
157	806
157	889
157	902
157	931
158	218
158	426
158	716
158	930
158	965
158	966
159	164
159	266
159	299
159	532
159	616
159	666
159	702
159	761
159	824
159	892
159	908
159	938
159	989
160	253
160	915
161	206
161	231
161	290
161	412
161	417
161	623
161	649
161	683
161	791
161	796
161	813
161	877
161	902
161	914
162	301
162	652
163	186
163	383
163	461
163	584
163	600
163	753
164	196
164	297
164	338
164	374
164	436
164	442
164	447
164	514
164	521
164	525
164	536
164	561
164	673
164	675
164	727
164	761
164	845
165	171
165	449
165	844
166	287
166	404
166	412
166	598
166	604
166	652
166	671
166	711
166	728
166	742
166	820
166	823
166	829
167	193
167	312
167	328
167	384
167	436
167	532
167	593
167	742
167	792
167	815
167	824
167	893
167	908
167	921
167	934
169	237
169	327
169	389
169	469
169	516
169	614
169	743
169	764
170	340
170	657
170	895
171	183
171	193
171	222
171	245
171	259
171	315
171	338
171	353
171	376
171	395
171	412
171	434
171	452
171	525
171	568
171	578
171	603
171	711
171	761
171	791
171	835
171	855
171	857
172	191
172	402
172	428
172	450
172	547
172	562
172	737
172	817
172	917
173	320
173	388
173	831
174	481
174	494
174	605
174	797
174	975
175	339
175	348
175	408
175	556
175	659
175	853
176	202
176	241
176	278
176	286
176	326
176	453
176	511
176	559
176	564
176	601
176	652
176	778
176	799
176	887
176	892
176	986
177	222
177	261
177	296
177	343
177	401
177	442
177	493
177	632
177	812
177	857
177	896
177	928
178	322
178	333
178	426
178	562
178	621
178	658
178	677
179	276
179	289
179	940
180	234
180	244
180	263
180	322
180	331
180	334
180	335
180	665
180	731
180	772
180	882
181	222
181	292
181	475
181	671
181	713
181	863
181	923
182	249
182	271
182	289
182	465
182	549
182	706
182	965
183	202
183	305
183	443
183	467
183	483
183	525
183	557
183	601
183	715
183	791
183	829
183	964
184	189
184	237
184	242
184	310
184	332
184	460
184	542
184	664
184	714
184	763
184	764
184	786
184	802
184	824
184	904
184	992
185	425
185	494
185	511
185	925
186	198
186	331
186	440
186	526
186	546
186	594
187	258
187	444
187	478
187	690
188	462
188	473
188	611
188	682
188	685
188	827
188	996
189	304
189	314
189	380
189	634
189	664
189	673
189	724
189	730
189	845
189	970
191	199
191	313
191	314
191	329
191	332
191	341
191	448
191	555
191	692
191	716
191	729
191	759
192	422
192	527
192	667
192	668
193	202
193	207
193	241
193	304
193	310
193	376
193	478
193	587
193	593
193	596
193	673
193	799
193	857
193	968
194	494
194	537
194	766
194	771
194	852
194	979
194	986
195	210
195	394
195	428
195	575
195	628
195	633
195	725
195	947
195	984
196	231
196	338
196	339
196	593
196	606
196	701
196	733
196	760
196	820
196	922
196	998
197	581
197	987
198	750
198	826
198	912
199	524
199	542
199	550
199	555
199	633
199	700
199	716
199	864
199	913
199	930
199	950
200	257
200	533
200	687
200	722
201	394
201	684
201	790
201	917
202	387
202	435
202	536
202	557
202	622
202	812
202	857
202	893
202	926
202	985
203	246
203	296
203	453
203	494
203	569
203	840
204	252
204	376
204	493
204	499
204	521
204	537
204	565
204	642
204	703
204	846
204	864
204	869
205	263
205	291
205	346
205	562
205	658
205	700
205	793
206	225
206	264
206	374
206	385
206	409
206	488
206	500
206	559
206	606
206	649
206	799
206	800
206	811
206	855
206	864
206	896
206	902
206	931
207	296
207	304
207	409
207	430
207	442
207	452
207	565
207	666
207	812
207	813
207	860
207	883
207	927
207	947
208	548
208	797
208	805
209	248
209	336
209	560
209	644
209	890
209	961
210	294
210	367
210	394
210	402
210	448
210	518
210	589
210	873
210	893
211	250
211	382
211	499
211	666
211	781
211	916
211	927
211	978
212	241
212	410
212	517
212	606
212	610
212	701
212	756
212	789
212	807
214	391
214	401
214	434
214	641
214	680
215	226
215	242
215	285
215	314
215	518
215	541
215	586
215	669
215	886
215	921
215	944
216	256
216	356
216	453
216	457
216	899
216	905
217	225
217	344
217	427
217	558
217	564
217	593
217	596
217	601
217	701
217	835
217	845
217	855
217	883
217	896
217	903
218	427
218	433
218	439
218	521
218	673
218	746
218	756
218	934
218	984
219	255
219	340
219	366
220	628
221	532
221	663
221	669
221	672
221	721
222	297
222	326
222	353
222	417
222	457
222	521
222	557
222	593
222	649
222	675
222	812
222	928
222	960
223	231
223	490
223	597
223	699
223	779
223	813
223	848
223	893
224	243
224	283
224	288
224	499
224	570
224	653
224	767
224	933
225	521
225	589
225	596
225	652
225	676
225	742
225	840
225	886
226	269
226	333
226	341
226	364
226	426
226	462
226	515
226	585
226	703
226	756
226	851
226	856
226	904
226	935
226	958
227	229
227	394
227	506
228	324
228	423
229	393
229	556
229	615
229	672
229	760
229	800
229	813
230	314
230	378
230	426
230	440
230	462
230	621
230	679
231	266
231	349
231	408
231	471
231	483
231	612
231	638
231	639
231	806
231	820
231	830
231	849
231	893
232	253
232	832
233	266
233	280
233	361
233	395
233	409
233	531
233	542
233	555
233	577
233	807
233	829
234	251
234	263
234	364
234	474
234	850
234	936
234	944
234	972
235	267
235	333
235	678
236	295
236	362
236	540
236	722
237	389
237	422
237	644
237	667
237	781
237	909
237	992
238	276
238	342
238	362
238	414
238	484
238	499
238	595
238	607
238	666
238	722
239	326
239	343
239	391
239	449
239	671
239	680
239	839
239	893
239	902
240	636
240	709
241	380
241	439
241	457
241	569
241	779
241	848
241	877
241	889
241	913
241	931
241	984
242	244
242	524
242	587
242	602
242	658
242	763
242	820
242	869
242	873
242	874
242	918
242	933
242	977
243	268
243	333
243	444
243	543
243	780
243	992
244	311
244	322
244	328
244	335
244	421
244	575
244	595
244	630
244	679
244	730
244	781
244	809
244	879
244	906
244	972
244	992
245	261
245	280
245	299
245	310
245	313
245	395
245	428
245	439
245	485
245	692
245	708
245	733
245	737
245	789
246	478
246	743
246	766
246	955
246	979
247	453
247	988
248	373
248	452
248	614
248	888
249	333
249	555
249	661
249	685
250	296
250	315
250	382
250	387
250	565
250	587
250	603
250	670
250	679
250	748
250	909
251	269
251	378
251	577
251	692
251	716
251	756
251	759
251	793
251	810
251	918
251	959
251	965
252	312
252	349
252	524
252	542
252	589
252	620
252	664
252	759
252	815
252	824
252	997
253	838
254	285
254	438
254	550
254	669
254	673
254	677
254	692
254	729
254	964
255	287
255	456
255	623
255	755
255	814
255	842
255	853
255	931
256	361
256	482
256	525
256	724
256	736
256	797
256	811
256	839
256	846
256	916
256	970
256	978
258	295
258	327
258	666
258	679
258	743
259	317
259	376
259	384
259	439
259	528
259	532
259	561
259	568
259	589
259	739
259	817
259	835
259	857
259	883
259	896
259	950
260	274
260	281
260	422
260	544
260	690
260	743
260	878
260	918
261	267
261	285
261	329
261	390
261	646
261	650
261	664
261	692
261	742
261	873
261	874
261	916
263	317
263	474
263	484
263	627
263	664
263	682
263	706
263	793
263	882
264	368
264	467
264	583
264	608
264	638
264	652
264	719
264	862
264	895
264	922
264	928
265	288
265	398
266	435
266	482
266	564
266	620
266	869
266	916
266	938
266	945
266	961
267	271
267	547
267	613
267	862
267	865
267	929
268	473
268	515
268	529
268	764
268	780
268	792
268	827
268	891
268	906
269	285
269	329
269	436
269	448
269	450
269	515
269	524
269	541
269	592
269	633
269	658
269	752
269	786
269	961
269	965
271	383
271	678
271	753
271	894
271	935
271	973
272	278
272	493
272	707
272	769
272	814
272	834
272	841
273	547
273	588
273	600
273	621
273	762
273	828
273	913
273	917
273	918
273	929
273	994
274	407
274	660
274	748
276	305
276	490
276	512
276	549
276	685
276	772
276	954
277	360
277	581
277	640
277	755
277	796
277	808
278	375
278	416
278	456
278	457
278	480
278	571
278	713
278	834
278	839
278	840
278	943
278	999
279	352
280	427
280	428
280	436
280	525
280	729
280	828
280	881
280	950
281	660
282	321
282	330
282	571
282	758
282	971
283	355
283	504
283	715
283	747
284	295
284	516
284	687
285	421
285	515
285	532
285	542
285	595
285	607
285	656
285	714
285	763
285	764
285	780
285	793
285	799
285	809
285	879
285	946
285	959
285	997
286	416
286	435
286	488
286	531
286	566
286	634
286	691
286	733
286	778
286	791
286	796
286	902
287	399
287	408
287	768
287	829
288	327
288	362
288	422
288	482
288	636
288	653
288	667
288	845
289	974
290	353
290	412
290	467
290	472
290	483
290	485
290	500
290	525
290	601
290	643
290	649
290	671
290	778
290	799
290	814
290	869
291	484
291	677
291	879
292	434
292	491
292	494
292	617
292	651
293	299
293	349
293	410
293	427
293	550
293	634
293	691
293	701
293	830
293	840
293	893
293	931
293	995
294	297
294	429
294	531
294	601
294	760
294	789
294	914
295	530
295	538
295	668
295	709
295	734
295	911
296	338
296	430
296	453
296	457
296	485
296	488
296	568
296	593
296	608
296	622
296	714
296	811
296	840
296	923
297	339
297	368
297	490
297	717
297	776
299	380
299	385
299	412
299	517
299	596
299	649
299	714
299	830
299	886
300	605
300	636
300	696
300	734
301	777
301	800
302	478
302	851
303	340
303	454
303	717
304	493
304	592
304	620
304	634
304	764
304	812
304	986
305	510
305	522
305	589
305	657
305	672
305	721
305	858
305	895
305	920
306	618
306	800
307	420
307	749
308	407
308	413
308	544
308	876
309	399
309	490
309	672
309	683
309	721
310	412
310	416
310	442
310	495
310	525
310	676
310	713
310	857
310	887
310	926
311	318
311	323
311	342
311	462
311	523
311	616
311	767
311	850
312	381
312	530
312	620
312	666
312	804
312	825
312	938
313	349
313	388
313	426
313	432
313	448
313	514
313	665
313	689
313	815
313	855
313	874
313	934
314	341
314	450
314	515
314	517
314	586
314	593
314	633
314	756
314	815
314	886
314	926
314	985
315	422
315	452
315	636
315	792
315	924
315	946
317	320
317	395
317	472
317	500
317	608
317	739
317	742
317	812
317	840
317	934
318	361
318	644
318	650
318	661
318	837
318	850
318	910
318	946
318	961
319	407
319	560
319	660
319	690
319	763
319	942
320	349
320	503
320	510
320	643
320	691
320	739
320	761
320	830
320	864
320	934
320	947
320	950
320	964
320	995
321	347
321	551
321	590
321	853
322	331
322	341
322	351
322	440
322	444
322	468
322	474
322	752
322	772
322	850
322	904
322	918
322	950
323	411
323	444
323	668
323	910
323	959
324	454
324	954
325	803
326	375
326	403
326	568
326	721
326	831
326	834
326	839
326	928
328	390
328	607
328	642
328	816
329	444
329	514
329	555
329	756
329	759
329	777
329	917
329	918
329	940
329	968
330	458
330	872
330	884
331	524
331	562
331	661
332	436
332	679
332	682
332	692
332	704
332	729
332	752
332	888
332	973
333	346
333	378
333	426
333	620
333	624
333	677
333	772
333	904
333	959
334	662
334	704
334	780
334	827
335	431
335	474
335	772
336	392
336	431
336	463
336	473
336	492
336	997
338	442
338	515
338	587
338	656
338	664
338	761
338	786
338	830
338	857
338	860
338	877
338	930
339	446
339	721
339	776
339	813
339	887
339	958
340	648
341	562
341	633
341	894
341	936
342	387
342	392
342	593
342	764
342	767
342	781
342	888
342	946
342	981
343	569
343	596
343	766
343	825
344	381
344	639
344	868
344	880
345	381
345	498
345	636
345	715
346	532
346	541
346	542
346	568
346	624
346	627
346	682
346	704
346	718
346	809
346	845
346	873
346	949
346	959
346	966
347	551
347	773
347	782
348	573
349	376
349	427
349	436
349	438
349	442
349	450
349	587
349	742
349	750
349	830
349	930
350	407
350	444
350	469
350	614
350	666
350	941
351	431
351	492
351	726
351	781
351	869
353	437
353	439
353	848
353	893
353	978
355	668
355	816
355	953
356	535
356	803
357	443
357	476
357	647
358	454
359	396
359	783
360	366
360	467
360	583
360	768
360	841
360	844
361	390
361	431
361	515
361	627
361	633
361	644
361	725
361	784
361	933
362	374
362	382
362	384
362	431
362	444
362	492
362	498
362	536
362	644
363	657
363	817
363	836
364	421
364	526
364	562
364	594
364	627
364	754
364	772
364	794
364	810
364	882
364	974
365	633
365	849
365	987
366	476
367	388
367	503
367	541
367	606
367	625
367	659
367	684
367	866
367	947
368	435
368	453
368	510
368	672
368	683
368	686
368	841
368	848
368	932
369	710
369	872
370	471
370	768
370	822
370	889
370	964
371	403
371	430
371	452
371	578
371	642
371	711
371	846
371	860
372	460
372	468
372	565
372	620
372	664
372	685
372	792
372	860
372	866
372	924
372	981
373	481
373	504
373	539
373	554
373	961
374	388
374	448
374	452
374	495
374	532
374	561
374	578
374	703
374	760
374	853
374	877
374	886
374	887
374	924
375	443
375	480
375	640
375	710
375	769
375	808
376	412
376	442
376	493
376	557
376	603
376	631
376	632
376	675
376	676
376	737
376	791
376	792
376	909
376	926
378	465
378	621
378	679
378	731
378	772
378	873
378	936
378	973
379	463
379	477
380	421
380	460
380	484
380	616
380	620
380	627
380	664
380	714
380	760
380	869
380	873
381	533
381	602
381	644
381	798
381	804
381	935
382	724
382	747
382	979
383	484
383	619
383	700
383	793
384	385
384	460
384	538
384	549
384	555
384	587
384	634
384	675
384	764
384	935
385	409
385	429
385	575
385	587
385	682
385	719
385	742
385	887
385	908
385	947
385	985
385	989
386	540
386	687
386	727
386	798
386	960
386	990
387	453
387	469
387	528
387	533
387	901
387	916
387	960
388	542
388	575
388	663
388	756
388	913
388	950
388	964
388	965
389	407
389	560
389	816
389	942
390	473
390	499
390	515
390	624
390	627
390	692
390	959
391	416
391	456
391	457
391	491
391	602
391	795
391	842
391	943
391	952
392	468
392	802
392	809
392	816
392	959
393	583
393	638
393	674
393	733
393	920
393	931
393	945
394	402
394	964
395	568
395	596
395	601
395	811
395	928
397	741
397	745
397	769
397	868
398	473
398	508
398	653
398	730
398	982
399	438
399	446
399	556
399	564
399	601
399	643
399	691
399	721
399	746
399	813
399	875
399	895
399	968
400	480
400	702
400	710
401	480
401	530
401	571
401	593
401	601
401	761
401	814
401	815
402	423
402	429
402	705
402	881
402	954
403	416
403	569
403	598
403	647
403	818
403	835
403	868
403	893
404	449
404	820
404	843
404	971
405	415
405	683
405	688
405	853
407	413
407	876
408	510
408	640
408	719
408	823
408	849
408	895
408	920
409	524
409	542
409	557
409	649
409	703
409	742
409	840
409	864
409	916
409	938
410	450
410	587
410	685
410	828
410	866
410	913
410	985
411	851
412	418
412	435
412	564
412	634
412	641
412	762
412	813
412	835
412	877
412	902
412	922
412	978
413	508
414	463
414	764
414	921
415	674
415	849
415	920
416	566
416	608
416	642
416	710
416	711
416	923
416	928
417	429
417	483
417	559
417	606
417	631
417	683
417	764
417	831
417	835
417	922
418	457
418	479
418	507
418	755
418	808
419	803
420	581
420	647
420	903
421	450
421	515
421	577
421	599
421	624
421	650
421	949
421	963
421	977
421	993
422	560
422	604
422	767
422	816
423	490
423	518
423	764
423	779
423	790
423	817
423	954
424	712
425	554
425	953
426	621
426	633
426	692
426	730
426	756
426	790
426	894
426	985
427	428
427	436
427	517
427	589
427	649
427	659
427	733
427	742
427	776
427	778
427	869
427	947
427	950
427	958
428	484
428	547
428	685
428	746
428	886
429	625
429	631
429	676
429	684
429	760
429	776
429	789
429	866
429	886
429	993
430	431
430	452
430	482
430	565
430	569
430	602
430	804
430	868
431	462
431	478
431	529
431	586
431	627
431	996
432	512
432	656
432	894
432	935
432	936
432	968
433	517
433	700
433	746
433	786
433	848
433	918
433	995
434	643
434	654
434	818
434	884
434	999
435	436
435	488
435	500
435	557
435	558
435	564
435	566
435	656
435	691
435	742
435	766
435	862
435	864
435	896
435	899
435	995
436	448
436	495
436	524
436	624
436	756
436	950
436	959
436	961
437	603
437	844
438	628
438	650
438	762
438	856
438	947
438	965
438	977
439	467
439	483
439	488
439	557
439	625
439	691
439	703
439	811
439	820
439	835
439	837
439	844
439	848
439	939
440	787
440	904
440	974
441	615
442	488
442	649
442	761
442	864
442	886
442	945
443	707
443	779
443	831
443	902
444	478
444	644
444	704
444	726
444	781
444	794
444	925
444	961
444	966
445	808
445	840
445	877
445	889
446	588
446	776
446	819
447	503
447	790
447	819
447	858
448	524
448	547
448	586
448	676
448	729
448	772
448	856
449	568
449	755
449	779
449	841
449	969
449	999
450	457
450	561
450	586
450	656
450	673
450	677
450	737
450	830
450	930
450	965
450	984
452	499
452	536
452	616
452	643
452	644
452	804
452	916
453	475
453	530
453	617
453	626
453	651
453	707
453	761
453	825
453	840
453	868
453	869
455	627
456	457
456	702
456	710
456	741
456	818
456	872
456	952
457	528
457	598
457	839
457	893
458	622
460	468
460	568
460	575
460	587
460	620
460	669
460	714
460	764
460	924
460	933
460	963
462	879
462	972
463	502
463	529
463	542
463	670
463	763
463	816
463	924
463	982
464	788
464	912
466	810
467	528
467	559
467	566
467	601
467	649
467	686
467	711
467	742
467	796
467	922
467	928
467	986
467	999
468	537
468	752
468	906
468	949
468	992
469	516
469	614
469	636
471	583
471	638
472	525
472	564
472	598
472	766
472	811
472	835
472	986
473	478
473	484
473	502
473	529
473	827
473	888
473	904
473	933
474	809
474	810
474	936
475	647
475	908
476	479
477	484
477	495
477	505
477	515
477	752
477	781
477	906
477	918
477	936
478	492
478	515
478	529
478	536
478	656
478	921
480	571
481	771
481	883
481	975
481	988
482	504
482	533
482	626
482	846
482	916
483	500
483	569
483	577
483	643
483	710
483	742
483	820
483	835
484	587
484	904
484	949
485	528
485	564
485	569
485	820
486	747
486	976
488	557
488	649
488	676
488	691
488	742
488	889
488	939
488	955
490	708
490	817
491	553
491	566
491	715
491	795
491	902
493	536
493	537
493	557
493	578
493	587
493	714
493	806
493	824
493	864
493	883
493	933
493	946
493	972
494	499
495	568
495	587
495	593
495	656
495	676
495	739
495	830
496	591
497	554
497	666
497	761
497	797
497	880
497	883
497	953
497	990
498	614
499	714
499	780
499	804
499	864
499	924
499	949
499	981
500	569
500	601
500	643
500	676
500	742
500	815
500	830
500	866
500	883
500	892
500	893
500	903
500	928
501	696
502	676
502	730
502	784
502	923
502	946
503	510
503	612
503	664
503	721
503	776
503	807
503	892
503	914
504	636
504	804
504	846
505	685
505	763
505	851
505	927
505	962
506	705
506	740
506	836
506	985
507	647
508	614
508	655
508	876
509	735
510	692
510	757
510	779
511	527
511	533
511	554
511	852
511	880
512	753
514	631
514	656
514	676
514	764
514	856
514	862
514	913
514	934
514	985
515	542
515	595
515	665
515	730
515	761
515	936
516	570
516	941
517	603
517	675
517	676
517	756
517	820
517	846
517	924
517	950
518	777
518	789
518	828
518	934
520	615
520	755
521	635
521	812
521	868
521	908
521	923
522	648
522	691
522	757
522	800
522	849
522	853
523	582
524	550
524	585
524	659
524	692
524	756
524	759
524	824
524	856
524	874
524	965
525	564
525	578
525	601
525	631
525	778
525	931
525	995
526	974
527	538
527	687
527	990
528	632
528	796
528	834
528	868
528	896
528	899
529	572
529	627
529	704
529	759
529	764
529	879
529	963
530	542
530	602
530	617
530	666
530	811
530	812
531	632
531	638
531	657
531	719
531	721
531	764
531	778
531	808
531	849
531	917
531	934
531	995
532	541
532	587
532	589
532	593
532	607
532	646
532	789
532	811
532	815
532	829
532	908
532	923
532	925
533	626
533	715
533	722
533	941
533	953
533	978
534	861
534	957
534	998
536	587
536	845
536	893
536	938
536	977
537	732
537	771
537	883
537	909
537	976
537	978
537	997
538	569
538	626
538	747
538	860
538	927
538	953
538	955
540	878
540	941
541	549
541	577
541	586
541	625
541	896
541	909
541	921
541	944
541	950
541	965
542	677
542	679
542	764
542	857
542	968
542	985
544	726
545	991
546	584
546	600
546	677
547	628
547	703
547	718
547	817
547	900
547	912
548	734
549	555
549	562
549	677
549	810
549	944
550	588
550	677
550	815
550	902
550	930
550	946
550	966
550	994
550	995
551	623
551	648
551	686
553	576
554	734
554	990
555	628
555	661
555	685
555	752
555	836
555	866
556	606
556	692
556	699
556	800
557	564
557	596
557	631
557	638
557	643
557	815
557	829
557	830
557	855
557	864
557	883
557	945
558	564
558	683
558	724
558	791
558	830
558	834
558	926
558	947
559	671
559	839
559	842
560	744
560	748
560	767
560	802
560	989
560	996
561	564
561	725
561	837
561	848
561	862
561	892
561	945
561	964
561	991
561	993
562	716
562	935
563	597
564	596
564	689
564	789
564	799
564	835
564	845
564	893
564	917
565	602
565	813
565	989
566	649
566	707
566	799
566	801
566	893
568	603
568	643
568	742
568	804
568	814
568	887
568	927
569	575
569	632
569	649
569	713
569	812
569	839
569	868
570	929
571	639
572	704
572	850
572	910
572	959
572	981
572	992
573	939
574	663
575	587
575	628
575	634
575	670
575	682
575	815
575	958
575	959
575	972
576	651
576	872
577	592
577	664
577	724
577	725
577	733
577	737
577	866
577	934
578	592
578	700
578	864
578	984
580	769
581	842
581	932
581	951
582	624
582	906
582	925
583	634
583	749
583	806
583	849
583	920
583	931
584	973
585	646
585	965
586	772
586	977
587	598
587	650
587	656
587	676
587	704
587	764
587	840
587	869
587	958
588	613
588	628
588	894
588	954
589	675
589	746
589	807
589	811
589	812
589	866
589	934
590	603
590	623
590	645
590	769
590	943
592	646
592	764
592	857
592	892
592	924
592	934
592	954
593	598
593	676
593	703
593	809
593	812
593	860
593	869
593	938
593	945
594	787
594	793
594	904
594	912
595	656
595	933
595	963
595	970
595	972
596	691
596	711
596	903
596	928
597	601
597	725
597	830
597	837
597	874
597	879
597	889
597	931
597	995
598	811
599	681
599	996
600	994
601	649
601	652
601	675
601	683
601	742
601	815
601	835
601	840
601	877
601	993
602	634
602	670
602	916
603	639
603	739
603	798
604	666
604	747
604	933
605	629
605	805
606	624
606	631
606	638
606	789
607	670
607	756
607	764
607	955
607	961
608	778
608	795
608	799
610	705
611	897
611	946
611	961
611	996
612	699
612	768
612	920
613	828
615	701
615	987
616	644
616	666
616	673
616	675
616	869
616	879
617	747
617	797
617	811
617	825
617	896
618	757
619	646
619	662
619	669
619	673
619	790
619	810
619	874
620	664
620	670
620	759
620	848
620	874
620	934
620	993
620	997
621	685
621	759
621	784
621	786
621	891
621	997
622	635
622	668
622	713
623	647
623	686
623	842
623	939
624	661
624	665
624	669
624	670
624	752
624	802
624	878
624	949
625	669
625	830
625	947
626	715
626	733
626	797
626	975
627	784
627	810
627	866
627	918
627	925
628	719
628	760
628	790
628	819
630	726
630	783
630	793
630	901
630	972
631	699
631	759
631	789
631	824
631	837
631	995
632	707
632	919
632	960
633	692
633	725
633	737
633	762
633	763
633	830
633	873
633	924
633	968
633	985
634	691
634	703
634	714
634	761
634	778
634	791
634	792
634	845
634	886
634	904
634	984
634	986
635	707
635	728
635	736
635	795
636	976
638	922
639	641
639	680
639	761
639	818
639	923
640	693
640	763
640	837
640	853
640	922
642	675
642	711
642	811
642	903
642	981
643	676
643	806
643	930
643	975
644	679
644	809
644	816
644	901
644	981
645	695
646	685
646	964
647	755
647	948
648	895
648	932
649	728
649	795
649	857
649	946
650	714
650	802
650	807
650	845
650	873
650	926
652	822
653	655
654	710
654	919
654	948
656	744
656	759
656	935
657	719
657	894
658	678
658	685
658	793
658	810
658	873
659	737
659	776
659	789
659	800
659	835
659	931
660	867
661	810
661	954
662	665
662	716
663	813
663	820
663	822
663	964
664	691
664	806
664	878
664	893
665	794
665	918
665	966
666	714
666	724
666	804
666	815
666	901
668	911
669	729
670	798
670	879
670	921
670	933
670	946
670	959
670	970
670	972
670	977
671	691
671	796
671	857
671	893
671	923
672	674
672	875
673	789
673	989
674	749
674	796
674	829
674	831
674	853
674	875
675	791
675	835
675	879
675	887
675	902
676	728
676	795
676	824
676	877
677	703
677	716
677	759
677	879
677	985
679	876
679	933
680	801
680	818
680	999
682	752
682	759
682	793
682	936
682	977
683	789
683	823
683	889
683	931
683	995
684	701
684	760
684	790
684	896
684	950
684	954
684	965
685	700
685	746
685	784
685	809
685	856
685	904
685	910
685	924
685	936
685	961
685	966
686	760
686	842
686	853
686	971
687	709
687	727
687	979
689	725
689	855
689	973
690	743
690	982
691	739
691	759
691	776
691	806
691	902
691	993
692	790
692	924
692	940
692	965
692	966
693	707
693	779
693	842
693	895
693	932
697	734
697	980
699	719
699	806
699	813
699	874
699	892
699	950
700	729
700	772
700	784
700	873
700	934
700	954
701	719
701	725
701	817
701	934
702	811
702	812
702	840
702	863
703	733
703	742
703	792
703	830
703	873
703	887
703	928
704	933
704	984
705	822
706	859
707	713
707	839
707	841
707	902
708	836
709	734
709	911
710	713
710	863
710	937
711	742
711	796
711	843
711	893
711	926
711	953
713	801
713	818
713	863
713	943
715	761
715	846
715	883
715	901
715	908
715	909
715	955
716	802
716	874
716	918
716	936
716	958
716	966
719	789
719	848
719	895
720	956
721	895
722	732
722	941
722	976
723	765
724	766
724	975
725	737
725	756
725	807
725	855
725	874
725	913
725	968
725	985
726	888
726	970
728	903
728	919
729	759
729	873
729	966
730	767
730	809
730	816
730	888
730	933
731	787
733	817
733	835
733	986
733	993
733	995
735	828
735	995
736	792
736	916
737	759
737	866
737	892
737	902
737	935
738	768
739	742
739	758
739	791
739	806
739	823
739	829
739	835
739	837
740	776
740	895
740	915
742	886
742	892
742	921
742	930
742	989
743	979
745	771
745	844
746	756
746	760
746	776
746	830
746	995
749	829
749	889
749	991
750	753
751	838
751	957
752	788
752	850
752	874
752	891
753	874
754	854
755	808
755	829
756	958
757	875
758	769
759	904
759	924
759	929
759	966
760	813
761	786
761	908
761	926
762	828
762	892
762	900
762	940
763	764
763	781
763	837
763	855
763	925
763	933
764	879
764	963
764	981
764	989
766	899
766	975
767	781
767	802
767	946
771	797
771	804
771	880
771	960
771	975
776	950
776	998
777	913
777	940
777	954
778	806
778	820
778	835
778	931
778	945
779	806
779	831
779	950
780	906
781	784
781	878
784	910
784	970
786	837
786	931
786	965
787	940
788	859
789	792
789	835
789	930
789	964
790	817
790	828
790	964
790	965
791	799
791	815
791	820
791	825
792	845
792	939
795	796
795	839
796	816
796	823
796	829
796	928
796	985
797	896
798	923
798	990
799	820
799	843
799	883
799	900
799	926
799	931
799	937
799	986
800	875
800	920
801	846
801	923
802	882
802	908
804	825
804	927
804	955
804	992
806	830
806	848
807	968
807	995
808	853
808	937
809	824
809	924
809	933
809	959
810	873
810	912
810	944
811	812
811	988
812	926
813	889
813	931
813	945
814	841
814	853
815	860
815	864
817	862
818	939
818	986
819	915
820	969
820	995
823	829
823	902
823	937
824	845
824	855
824	908
824	989
825	852
825	855
825	903
825	909
827	888
828	922
828	954
829	835
829	902
830	866
830	892
830	965
830	993
831	893
833	853
834	922
835	893
835	902
835	958
837	984
837	997
839	937
840	855
840	909
840	928
841	843
841	889
841	937
841	945
842	969
844	971
845	896
845	978
846	883
846	899
846	909
846	916
847	881
848	892
848	928
848	934
848	986
849	855
849	895
850	910
855	986
856	933
856	972
857	908
857	921
860	921
860	969
860	984
861	915
862	934
862	995
863	937
864	896
864	955
865	873
865	894
865	965
866	892
866	947
867	942
867	982
871	980
873	959
874	947
876	981
877	892
879	918
880	890
883	926
883	989
886	978
887	995
889	934
889	993
889	995
891	963
892	926
892	985
892	995
893	931
893	985
895	920
900	912
901	938
901	955
902	922
902	995
903	923
903	937
904	966
908	978
908	985
908	989
909	924
910	916
910	933
910	949
910	959
910	981
910	986
913	929
921	924
922	965
923	931
923	965
923	986
927	946
927	970
927	977
927	981
928	986
930	961
930	968
930	995
931	945
931	946
933	972
934	936
935	950
938	978
938	989
939	945
940	964
940	965
943	965
945	986
946	961
946	972
949	966
952	989
958	964
964	968
964	985
965	968
970	989
972	982
973	974
977	992
989	995
989	997
993	995
