0	27
0	114
0	115
0	158
0	300
0	405
0	418
0	528
0	532
0	691
0	711
0	725
0	802
0	907
0	957
0	969
0	987
1	828
2	184
2	341
2	359
2	377
2	573
2	658
2	664
2	673
2	686
2	725
2	847
3	4
3	81
3	206
3	236
3	264
3	311
3	324
3	475
3	544
3	545
3	709
3	842
4	20
4	23
4	34
4	40
4	54
4	101
4	171
4	236
4	246
4	370
4	431
4	575
4	732
4	738
4	847
5	58
5	238
5	523
5	604
5	642
5	757
5	791
5	885
5	888
5	899
5	927
5	945
5	949
5	976
5	990
6	74
6	134
6	183
6	250
6	316
6	319
6	338
6	421
6	511
6	523
6	556
6	600
6	640
6	664
6	669
6	764
6	811
6	817
6	825
6	833
6	943
6	991
7	10
7	47
7	91
7	103
7	139
7	386
7	497
7	511
7	532
7	627
7	632
7	844
7	853
7	860
7	867
7	912
8	472
8	623
8	685
8	714
8	765
8	871
8	958
9	90
9	100
9	152
9	178
9	257
9	313
9	370
9	377
9	411
9	423
9	441
9	464
9	494
9	500
9	657
9	756
9	824
9	857
9	863
9	989
10	41
10	356
10	528
10	608
11	41
11	207
11	462
11	680
11	960
11	994
13	103
13	115
13	250
13	262
13	406
13	501
13	561
13	714
13	716
13	814
13	881
13	912
13	928
13	953
14	157
14	216
14	375
14	410
14	544
14	642
14	647
14	835
14	837
15	39
15	139
15	164
15	379
15	429
15	460
15	462
15	485
15	759
15	800
15	884
16	32
16	70
16	193
16	229
16	323
16	401
16	505
16	538
16	586
16	685
16	791
16	854
18	84
18	106
18	283
18	349
18	442
18	654
18	776
18	835
18	842
18	875
18	936
19	58
19	74
19	217
19	250
19	625
19	651
19	779
19	825
19	902
19	943
19	958
19	976
19	997
20	96
20	149
20	160
20	246
20	283
20	341
20	351
20	368
20	444
20	464
20	494
20	718
20	773
20	812
20	907
20	971
21	100
21	108
21	123
21	224
21	239
21	409
21	497
21	717
21	771
21	822
21	866
21	966
21	996
22	61
22	304
22	421
22	507
22	586
22	635
22	764
22	825
22	871
23	35
23	136
23	218
23	380
23	492
23	538
23	546
23	556
23	604
23	725
23	886
23	892
23	940
24	388
24	493
24	635
24	645
24	775
24	818
24	851
25	167
25	484
25	498
25	837
25	852
25	864
26	75
26	90
26	109
26	136
26	182
26	243
26	286
26	300
26	319
26	338
26	381
26	391
26	470
26	480
26	628
26	640
26	670
26	712
26	845
26	937
26	992
27	62
27	297
27	378
27	411
27	528
27	586
27	714
27	768
27	851
27	953
28	58
28	160
28	451
28	549
28	555
28	910
28	987
29	116
29	120
29	301
29	683
29	794
29	883
29	899
30	398
30	595
31	47
31	255
31	291
31	487
31	944
32	68
32	194
32	323
32	371
32	391
32	451
32	617
32	736
32	752
32	987
33	45
33	212
33	739
33	797
33	870
34	50
34	190
34	312
34	319
34	432
34	460
34	492
34	530
34	548
34	564
34	689
34	715
34	718
34	723
34	740
34	840
35	160
35	169
35	200
35	221
35	235
35	314
35	332
35	368
35	451
35	499
35	559
35	754
35	827
35	878
35	879
35	886
35	976
37	77
37	225
37	259
37	372
37	382
37	395
37	439
37	649
37	749
37	764
37	789
37	820
37	843
37	860
38	451
39	59
39	77
39	103
39	223
39	281
39	284
39	289
39	389
39	573
39	583
39	593
39	594
39	619
39	763
39	786
40	75
40	89
40	141
40	147
40	156
40	171
40	173
40	177
40	252
40	253
40	283
40	293
40	319
40	405
40	458
40	584
40	604
40	665
40	715
40	790
40	847
40	854
40	867
40	992
41	520
41	746
41	924
41	978
42	923
43	631
44	208
44	785
44	929
44	930
45	336
45	483
45	502
45	785
45	870
47	366
47	427
47	583
47	668
47	696
47	821
47	872
47	882
47	939
48	80
48	149
48	186
48	206
48	213
48	260
48	274
48	294
48	349
48	442
48	535
48	650
48	718
48	849
48	921
49	105
49	184
49	260
49	272
49	459
49	488
49	507
49	596
49	665
49	694
49	702
49	703
49	717
49	747
49	767
49	792
49	798
49	822
49	874
49	879
49	900
49	920
49	961
49	992
50	51
50	54
50	105
50	173
50	235
50	236
50	306
50	370
50	444
50	467
50	493
50	516
50	540
50	609
50	628
50	723
50	845
50	850
50	863
50	889
51	129
51	175
51	235
51	370
51	516
51	561
51	596
51	759
51	808
51	839
52	74
52	100
52	118
52	123
52	153
52	183
52	210
52	239
52	272
52	281
52	369
52	407
52	439
52	453
52	457
52	477
52	677
52	694
52	763
52	771
52	809
52	996
53	395
53	914
54	75
54	328
54	370
54	435
54	509
54	538
54	548
54	576
54	673
54	798
54	951
54	992
56	336
56	388
56	770
57	221
57	314
57	358
57	363
57	371
57	404
57	431
57	448
57	480
57	513
57	514
57	571
57	576
57	587
57	611
57	644
57	646
57	712
57	826
57	911
58	145
58	212
58	244
58	252
58	316
58	358
58	505
58	567
58	817
58	872
58	895
58	956
59	108
59	584
59	649
59	686
59	687
59	698
59	744
59	843
59	974
60	169
60	238
60	264
60	276
60	316
60	371
60	388
60	400
60	490
60	492
60	493
60	556
60	587
60	614
60	752
60	827
60	836
60	885
60	957
60	990
61	101
61	147
61	188
61	251
61	791
61	793
61	804
62	174
62	213
62	373
62	408
62	516
62	718
62	789
62	920
62	938
62	969
62	996
63	223
63	321
63	433
63	471
63	714
63	754
63	938
63	964
63	969
64	130
64	365
64	491
64	777
65	869
66	173
66	200
66	235
66	407
66	427
66	532
66	550
66	593
66	609
66	827
66	844
66	892
66	940
66	958
67	946
68	308
68	651
69	237
69	242
69	343
69	486
69	771
69	798
69	891
70	211
70	404
70	534
70	556
70	579
70	909
71	139
71	205
71	235
71	309
71	357
71	480
71	502
71	523
71	569
71	574
71	586
71	613
71	699
71	711
71	825
72	412
72	577
73	111
73	188
73	282
73	285
73	427
73	682
73	783
74	93
74	108
74	137
74	153
74	177
74	326
74	357
74	422
74	457
74	474
74	485
74	802
74	939
75	77
75	183
75	262
75	306
75	338
75	357
75	515
75	517
75	571
75	608
75	628
75	670
75	686
75	702
75	811
75	847
76	429
76	563
76	678
76	875
76	968
76	970
77	198
77	269
77	289
77	338
77	384
77	460
77	462
77	479
77	583
77	591
77	692
77	698
77	717
77	802
77	814
77	843
77	863
78	202
78	511
78	764
78	788
78	856
80	87
80	142
80	166
80	301
80	360
80	549
80	979
81	184
81	226
81	256
81	385
81	529
81	648
81	883
81	949
83	388
83	558
83	736
83	779
84	113
84	280
84	331
84	484
84	601
84	899
85	299
85	347
85	841
86	129
86	325
86	506
86	516
86	647
86	831
86	973
87	146
87	147
87	194
87	236
87	241
87	266
87	287
87	371
87	427
87	493
87	772
87	805
87	854
87	872
87	945
88	655
89	206
89	314
89	359
89	377
89	416
89	431
89	443
89	453
89	702
89	740
89	767
89	808
89	824
89	839
89	847
89	934
89	992
90	186
90	235
90	300
90	321
90	331
90	405
90	443
90	530
90	548
90	571
90	609
90	628
90	662
90	718
90	740
90	813
90	816
90	830
90	867
90	949
90	997
91	114
91	145
91	378
91	413
91	487
91	871
92	137
92	205
92	415
92	524
93	225
93	234
93	239
93	269
93	356
93	395
93	551
93	589
93	630
93	908
93	912
94	105
94	150
94	296
94	307
94	340
94	541
94	565
94	697
94	756
94	819
94	859
95	237
95	552
95	946
96	246
96	292
96	319
96	414
96	484
96	517
96	535
96	599
96	654
96	782
96	847
96	862
96	920
96	965
97	145
97	205
97	249
97	422
97	478
97	501
97	505
97	644
97	764
97	856
97	938
98	257
98	426
98	657
99	112
99	278
99	293
99	330
99	417
100	129
100	178
100	183
100	380
100	389
100	503
100	561
100	585
100	594
100	670
100	686
100	690
100	747
100	802
100	814
100	821
100	889
100	938
101	141
101	241
101	266
101	328
101	514
101	527
101	538
101	614
101	701
101	826
101	892
102	172
102	633
102	952
103	164
103	217
103	291
103	455
103	479
103	485
103	521
103	608
103	632
103	643
103	663
103	675
103	698
103	760
103	843
103	932
103	939
103	974
104	230
104	412
104	757
104	976
105	201
105	381
105	408
105	411
105	490
105	494
105	543
105	546
105	565
105	596
105	639
105	702
105	714
105	759
105	879
105	892
105	913
106	256
106	322
106	353
106	949
107	111
107	212
107	268
107	290
107	374
107	646
107	660
107	976
108	145
108	153
108	398
108	481
108	487
108	495
108	759
108	789
108	799
108	802
108	822
108	840
108	912
108	974
109	129
109	294
109	414
109	507
109	548
109	782
109	834
109	849
109	878
111	297
111	976
112	147
112	363
112	400
112	550
112	618
112	620
112	718
112	757
112	899
113	131
113	396
113	506
113	615
113	774
113	831
113	837
113	968
114	192
114	244
114	327
114	421
114	433
114	507
114	567
114	581
114	605
114	617
114	651
114	677
114	990
115	196
115	378
115	501
115	523
115	540
115	555
115	689
115	760
115	881
115	943
115	962
116	119
116	189
116	248
116	267
116	301
116	322
116	353
116	400
116	490
116	758
117	225
117	361
117	369
117	398
117	608
117	711
117	795
117	857
117	894
117	922
118	152
118	178
118	295
118	541
118	597
118	720
118	850
118	942
119	417
119	780
119	848
120	187
120	214
120	248
120	592
120	883
121	152
121	283
121	348
121	486
121	559
121	700
121	712
121	787
121	796
121	880
121	977
122	343
122	720
122	948
123	174
123	281
123	361
123	438
123	476
123	482
123	500
123	503
123	554
123	591
123	625
123	653
123	673
123	807
123	840
123	966
124	229
124	297
124	463
124	646
124	754
124	919
124	943
125	249
125	281
125	357
125	394
125	402
125	405
125	438
125	485
125	540
125	649
125	759
125	839
125	973
125	981
126	132
126	369
126	622
126	894
126	980
127	296
127	384
127	619
127	621
127	692
128	482
128	554
128	585
128	649
128	677
128	717
128	860
128	918
129	132
129	243
129	272
129	341
129	348
129	376
129	380
129	389
129	408
129	414
129	467
129	565
129	619
129	708
129	891
129	920
129	942
129	952
129	965
129	973
130	168
130	791
130	987
131	351
131	429
131	442
131	575
131	738
131	812
131	878
132	237
132	392
132	496
132	690
132	744
132	764
132	781
132	799
132	847
132	969
133	215
133	282
133	645
133	780
133	810
133	815
134	139
134	169
134	182
134	223
134	264
134	485
134	507
134	530
134	550
134	609
134	614
134	665
134	895
134	902
135	595
136	173
136	302
136	319
136	391
136	407
136	427
136	490
136	530
136	549
136	566
136	587
136	613
136	725
136	790
136	813
136	888
136	917
136	940
136	957
137	205
137	463
137	605
137	625
137	671
137	779
137	802
137	843
137	929
137	939
138	184
138	236
138	287
138	362
138	529
138	669
138	691
138	701
138	757
138	830
138	955
138	988
139	145
139	308
139	326
139	462
139	613
139	687
139	690
139	764
139	809
139	888
139	987
140	265
140	541
140	553
140	633
140	907
141	221
141	328
141	363
141	404
141	407
141	514
141	642
141	732
142	427
142	556
142	614
142	664
142	817
142	892
142	911
142	937
143	236
143	294
143	377
143	426
143	440
143	448
143	467
143	741
143	831
143	900
143	971
144	242
144	520
144	597
144	744
145	296
145	316
145	326
145	352
145	386
145	422
145	624
145	716
145	788
145	802
145	843
146	199
146	293
146	302
146	368
146	758
147	166
147	169
147	223
147	241
147	264
147	400
147	401
147	604
147	614
147	788
147	823
147	827
147	854
148	378
148	478
148	483
148	788
148	856
148	858
148	871
148	927
149	184
149	341
149	368
149	380
149	416
149	448
149	494
149	575
149	596
149	598
149	650
149	961
149	992
150	171
150	177
150	377
150	381
150	426
150	508
150	593
150	650
150	673
150	703
150	732
150	758
150	879
150	936
151	263
152	201
152	289
152	459
152	476
152	503
152	508
152	584
152	619
152	717
152	809
152	829
152	879
152	907
152	918
152	926
152	989
152	996
153	164
153	249
153	361
153	394
153	457
153	481
153	589
153	599
153	600
153	649
153	652
153	667
153	696
153	789
153	814
153	844
153	860
153	876
154	318
154	560
155	246
155	466
155	926
156	475
156	491
156	563
156	979
156	988
157	181
157	216
157	321
157	351
157	578
157	878
158	164
158	196
158	202
158	450
158	511
158	524
158	586
158	591
158	613
158	660
158	729
158	739
158	800
158	825
158	856
158	881
158	940
159	377
159	383
159	429
159	442
159	460
159	461
159	517
159	601
159	842
159	880
159	961
159	971
160	169
160	190
160	211
160	302
160	379
160	432
160	433
160	493
160	499
160	611
160	625
160	644
160	715
160	790
160	854
160	902
160	981
161	195
161	522
161	653
162	528
162	622
164	202
164	357
164	450
164	485
164	581
164	583
164	595
164	843
165	323
165	422
165	428
165	505
165	507
165	586
165	635
165	643
165	760
165	768
165	788
165	938
165	943
166	177
166	206
166	238
166	312
166	319
166	329
166	353
166	440
166	530
166	573
166	701
166	812
166	836
166	872
167	181
167	351
167	678
167	708
167	812
168	193
168	297
168	314
168	323
168	435
168	451
168	490
168	645
168	736
168	832
168	861
168	910
168	919
169	264
169	353
169	386
169	493
169	576
169	625
169	628
169	827
170	323
170	374
170	645
170	685
171	184
171	199
171	264
171	312
171	368
171	399
171	458
171	722
171	808
171	847
172	224
172	402
172	480
172	599
172	644
172	723
172	725
172	740
172	773
172	789
172	928
172	969
172	981
173	235
173	292
173	308
173	319
173	398
173	457
173	460
173	514
173	516
173	564
173	587
173	773
173	774
173	851
173	903
174	183
174	210
174	225
174	313
174	424
174	439
174	462
174	741
174	763
174	942
174	996
175	183
175	262
175	338
175	366
175	389
175	398
175	443
175	457
175	474
175	477
175	594
175	628
175	670
175	703
175	717
175	789
175	802
175	822
175	851
175	866
175	981
176	228
176	241
176	302
176	363
176	364
176	401
177	199
177	243
177	262
177	300
177	301
177	319
177	368
177	373
177	411
177	441
177	715
177	767
177	790
177	822
177	833
177	867
177	903
177	911
177	979
178	223
178	260
178	335
178	399
178	450
178	464
178	509
178	621
178	747
178	756
178	778
178	792
178	857
178	999
179	255
179	425
179	641
179	749
180	390
180	406
180	487
180	856
180	908
180	922
180	996
181	294
181	397
181	484
181	708
181	875
182	190
182	199
182	262
182	319
182	340
182	431
182	527
182	660
182	719
182	722
182	789
182	811
182	826
182	827
182	872
182	928
182	969
182	981
183	462
183	469
183	608
183	630
183	677
183	690
183	697
183	786
183	821
183	884
183	933
184	248
184	305
184	376
184	442
184	461
184	513
184	594
184	658
184	681
184	709
184	804
184	842
184	891
185	263
186	257
186	292
186	306
186	376
186	380
186	448
186	573
186	640
186	811
186	835
186	889
187	362
187	404
187	440
187	748
188	223
188	316
188	400
188	428
188	465
188	490
188	499
188	826
188	851
188	956
189	214
189	808
189	826
189	842
190	217
190	357
190	380
190	488
190	500
190	507
190	535
190	600
190	676
190	689
190	715
190	754
190	773
190	850
190	969
191	279
192	200
192	244
192	283
192	304
192	363
192	566
192	686
192	711
192	752
192	903
193	490
193	574
193	595
193	651
193	660
193	972
194	418
194	493
194	620
194	784
194	937
195	425
195	622
195	627
195	641
195	814
196	205
196	252
196	358
196	378
196	581
196	584
196	625
196	714
196	830
196	871
196	881
196	938
196	991
197	239
197	343
197	469
197	593
197	594
197	656
197	667
197	720
197	822
198	249
198	275
198	860
198	932
198	939
199	228
199	362
199	448
199	718
199	917
199	936
200	314
200	407
200	438
200	505
200	609
200	629
200	725
200	817
200	827
200	833
200	851
200	937
201	296
201	313
201	373
201	457
201	460
201	495
201	507
201	515
201	584
201	598
201	718
201	773
201	891
201	933
201	977
202	624
202	760
202	788
203	384
203	565
203	576
203	857
203	961
204	296
204	599
204	809
204	901
204	912
205	255
205	372
205	439
205	477
205	511
205	576
205	605
205	711
205	749
205	760
206	243
206	508
206	516
206	596
206	722
206	792
206	884
206	907
206	933
207	333
207	382
207	663
207	987
208	472
208	613
208	624
208	882
209	595
210	237
210	369
210	477
210	551
210	922
210	975
211	229
211	285
211	308
211	332
211	374
211	493
211	556
211	574
211	579
211	618
211	851
212	314
212	547
212	646
212	713
212	861
212	972
213	262
213	272
213	492
213	508
213	517
213	599
213	740
213	811
213	857
213	900
213	977
213	989
214	504
214	906
215	803
216	231
216	345
216	615
216	970
217	225
217	252
217	276
217	309
217	521
217	600
217	786
217	805
217	871
217	884
217	918
217	938
218	238
218	353
218	604
218	614
218	648
218	733
218	791
218	990
219	486
219	509
219	750
219	975
220	537
220	901
221	373
221	418
221	543
221	703
221	839
221	958
222	522
222	781
222	841
222	876
222	993
223	252
223	300
223	321
223	561
223	584
223	673
223	711
223	809
223	836
223	910
224	237
224	296
224	313
224	551
224	597
224	792
224	850
224	901
224	980
225	281
225	310
225	409
225	482
225	591
225	594
225	597
225	608
225	690
225	749
225	786
225	807
225	953
226	248
226	294
226	370
226	461
226	475
226	731
226	738
227	726
228	328
228	329
228	611
228	614
228	910
229	371
229	391
229	418
229	546
229	549
229	614
229	635
229	784
229	836
229	895
229	911
229	953
229	976
230	848
231	440
231	491
231	794
231	804
233	734
234	259
234	299
234	303
234	382
234	495
234	522
234	539
234	554
234	893
235	266
235	302
235	400
235	407
235	416
235	444
235	488
235	637
235	658
235	673
235	715
235	718
235	738
235	751
235	768
235	827
236	346
236	414
236	573
236	709
237	281
237	289
237	621
237	666
237	700
237	819
237	897
237	950
237	959
238	306
238	329
238	381
238	400
238	404
238	443
238	458
238	460
238	475
238	614
239	369
239	389
239	408
239	486
239	495
239	497
239	500
239	508
239	554
239	580
239	594
239	717
239	766
239	814
239	821
239	840
239	966
239	980
240	965
241	280
241	400
241	644
242	537
242	541
242	570
242	593
242	702
242	946
243	377
243	381
243	564
243	594
243	596
243	795
243	879
243	952
244	329
244	502
244	530
244	532
244	538
244	566
244	825
244	929
245	387
245	890
245	896
246	257
246	281
246	311
246	359
246	456
246	476
246	485
246	535
246	700
246	756
246	857
246	879
246	891
246	951
246	952
246	965
246	966
246	992
248	287
248	293
248	542
248	683
248	748
248	758
248	848
248	941
248	949
249	372
249	406
249	457
249	515
249	576
249	589
249	608
249	649
249	690
249	742
249	789
249	850
249	881
249	908
249	918
249	962
250	302
250	377
250	386
250	422
250	439
250	691
250	759
250	788
250	809
250	811
250	860
250	991
251	301
251	328
251	331
251	346
251	636
251	637
251	642
251	728
251	733
251	804
251	883
252	268
252	304
252	314
252	435
252	463
252	493
252	505
252	540
252	555
252	595
252	605
252	629
252	691
252	789
254	417
254	676
255	262
255	326
255	327
255	372
255	398
255	413
255	521
255	523
255	716
255	742
256	301
256	571
256	576
256	751
256	774
256	833
257	324
257	348
257	375
257	654
257	738
257	796
257	798
257	880
257	971
259	299
259	392
259	539
259	721
259	775
259	800
259	841
259	881
259	932
259	978
259	994
260	270
260	281
260	441
260	459
260	535
260	560
260	654
260	688
260	756
260	782
260	849
261	623
262	338
262	381
262	411
262	441
262	521
262	543
262	581
262	591
262	640
262	711
262	717
262	802
262	809
262	891
262	894
264	322
264	353
264	501
264	514
264	543
264	573
264	658
264	752
264	854
265	769
266	316
266	319
266	391
266	401
266	433
266	451
266	478
266	611
266	646
266	808
266	827
266	892
266	997
267	363
267	642
267	676
267	798
267	854
268	390
268	483
268	499
268	532
268	549
268	618
268	685
268	780
268	892
268	972
269	395
269	474
269	482
269	554
269	584
269	630
269	653
269	799
269	807
269	962
269	994
270	275
270	325
270	335
270	376
270	562
270	688
270	988
271	636
271	657
272	295
272	307
272	313
272	377
272	408
272	456
272	541
272	564
272	692
272	787
272	824
272	889
272	891
272	934
273	315
273	468
274	283
274	376
274	470
274	498
274	506
274	636
274	738
274	804
274	835
274	968
275	333
275	366
275	394
275	402
275	511
275	521
275	634
275	698
275	844
275	881
275	928
276	357
276	371
276	435
276	472
276	505
276	530
276	556
276	799
276	836
276	854
276	872
276	888
278	407
278	428
278	527
278	614
278	783
278	784
279	537
279	541
279	580
279	985
280	287
280	312
280	426
280	492
280	628
280	703
280	709
280	712
280	715
280	790
280	804
280	812
281	291
281	424
281	482
281	503
281	515
281	543
281	591
281	597
281	622
281	697
281	723
281	771
281	981
282	364
282	417
282	575
282	648
282	780
283	329
283	351
283	429
283	461
283	506
283	596
283	708
283	748
283	842
284	653
284	746
284	853
284	860
285	427
285	526
285	547
285	577
285	579
285	808
285	861
286	350
286	380
286	411
286	431
286	467
286	559
286	782
286	798
287	302
287	431
287	484
287	542
287	697
287	701
287	757
287	834
288	334
288	451
288	954
289	313
289	359
289	408
289	453
289	515
289	585
289	594
289	608
289	692
289	756
289	760
289	809
289	814
289	819
289	860
289	989
290	549
290	555
290	617
290	645
290	895
290	910
291	356
291	398
291	522
291	627
291	668
291	984
292	311
292	535
292	657
292	741
292	776
292	847
292	867
293	362
293	533
293	892
293	949
294	410
294	470
294	516
294	535
294	571
294	601
294	741
294	846
295	313
295	361
295	369
295	389
295	439
295	453
295	464
295	476
295	500
295	548
295	598
295	771
295	809
295	866
295	900
296	307
296	315
296	411
296	476
296	495
296	520
296	552
296	569
296	598
296	767
296	845
296	866
296	964
296	966
297	566
297	972
297	997
298	863
299	355
299	395
299	661
299	695
299	853
299	893
299	935
300	358
300	444
300	501
300	530
300	532
300	576
300	596
300	611
300	625
300	711
300	715
300	725
300	740
300	836
300	913
300	969
301	460
301	544
301	683
301	823
301	845
301	945
301	949
302	339
302	428
302	540
302	556
302	571
302	576
302	611
302	719
302	902
302	957
304	340
304	507
304	669
304	677
304	690
304	691
304	714
304	809
304	825
304	912
304	928
305	351
305	377
305	386
305	400
305	407
305	417
305	683
305	979
306	370
306	376
306	471
306	564
306	609
306	679
306	723
306	756
306	966
307	901
307	952
307	959
307	964
307	975
307	980
308	433
308	625
308	825
308	871
308	881
309	338
309	352
309	394
309	586
309	594
309	628
309	716
309	800
309	825
309	969
309	987
310	439
310	497
310	593
310	597
310	766
310	901
310	931
311	351
311	379
311	410
311	414
311	426
311	461
311	513
311	709
311	712
311	738
311	842
311	880
311	964
311	971
312	341
312	423
312	431
312	460
312	527
312	604
312	817
313	492
313	644
313	650
313	767
313	805
313	822
313	857
313	866
313	879
313	880
313	913
313	981
313	989
314	379
314	546
314	573
314	604
314	609
314	628
314	809
314	827
314	920
314	937
315	324
315	350
315	657
316	363
316	374
316	418
316	458
316	523
316	540
316	691
316	784
316	817
316	888
316	927
317	331
317	337
317	383
317	429
317	484
317	700
317	831
317	835
317	837
317	883
318	846
319	399
319	404
319	488
319	508
319	715
319	725
319	733
319	756
319	833
319	913
319	928
319	937
320	716
320	853
320	914
320	986
321	359
321	377
321	391
321	399
321	460
321	514
321	516
321	564
321	576
321	598
321	686
321	725
321	754
321	817
321	910
321	956
322	514
322	575
322	637
322	642
322	970
323	451
323	645
323	736
324	426
324	430
324	548
324	776
325	410
325	468
325	601
325	688
325	849
325	950
326	413
326	528
326	624
326	740
326	754
326	779
326	881
326	943
327	378
327	511
327	540
327	586
327	625
327	663
327	785
327	843
327	939
327	940
328	390
328	416
328	431
328	644
328	673
328	748
329	379
329	399
329	416
329	443
329	492
329	571
329	658
329	754
330	504
330	995
331	379
331	429
331	440
331	484
331	709
331	804
331	968
332	390
332	391
332	428
332	556
332	651
332	713
332	784
332	885
332	892
332	976
333	489
333	524
333	675
333	818
333	908
333	924
333	957
334	489
335	409
335	552
335	570
335	680
335	819
335	824
336	352
336	707
336	785
336	870
337	506
337	578
337	834
337	880
337	968
337	971
338	366
338	373
338	389
338	508
338	530
338	540
338	585
338	609
338	628
338	662
338	714
338	732
338	884
338	903
339	390
339	421
339	433
339	558
339	768
339	830
339	943
340	379
340	389
340	405
340	478
340	484
340	507
340	546
340	584
340	609
340	649
340	732
340	754
340	827
340	942
341	346
341	380
341	383
341	494
341	517
341	543
341	548
341	650
341	670
341	681
341	709
341	722
341	726
341	738
341	798
341	845
341	934
342	557
343	606
343	653
343	893
344	554
344	627
344	727
344	807
345	506
346	440
346	700
346	842
347	446
347	572
347	707
347	982
348	376
348	513
348	735
348	762
349	601
349	650
349	712
349	968
350	423
350	449
350	657
351	461
351	804
351	834
351	835
351	837
351	988
352	765
353	368
353	380
353	414
353	484
353	701
354	947
355	960
356	668
356	799
356	913
357	432
357	438
357	455
357	480
357	481
357	569
357	687
357	772
357	789
357	809
357	928
357	938
357	969
357	991
358	359
358	435
358	490
358	493
358	505
358	543
358	604
358	625
358	719
358	851
358	911
358	943
359	379
359	381
359	389
359	492
359	555
359	599
359	609
359	902
360	364
360	371
360	404
360	527
360	530
360	614
360	780
360	826
360	958
361	439
361	457
361	487
361	589
361	723
361	814
361	922
361	966
362	546
362	575
362	681
362	701
362	818
362	995
363	428
363	611
363	645
363	927
363	937
364	401
364	780
364	909
364	943
365	826
366	422
366	432
366	438
366	455
366	496
366	501
366	514
366	628
366	670
366	694
366	697
366	807
366	866
366	981
367	597
368	375
368	379
368	431
368	448
368	488
368	494
368	575
368	637
368	662
368	732
368	833
368	847
369	452
369	482
369	594
369	690
369	695
369	786
369	819
369	925
369	932
370	430
370	459
370	476
370	686
370	718
370	740
370	867
370	889
370	934
370	996
371	451
371	534
371	547
371	555
371	772
371	791
371	910
372	406
372	489
372	520
372	632
372	687
372	692
372	694
372	719
372	732
372	800
372	922
373	402
373	408
373	439
373	747
373	771
373	952
373	977
374	549
374	612
374	646
374	651
374	660
374	673
374	739
374	772
374	784
374	991
375	396
375	420
375	475
375	837
376	456
376	636
376	762
376	900
377	380
377	453
377	508
377	513
377	559
377	673
377	718
377	735
377	767
377	790
377	845
377	920
378	438
378	629
378	664
378	788
378	844
378	871
378	882
378	943
378	987
379	380
379	381
379	411
379	431
379	507
379	543
379	564
379	907
379	912
380	488
380	517
380	596
380	702
380	891
380	900
380	904
380	920
380	965
381	407
381	702
381	747
381	754
381	798
381	829
381	845
381	847
381	892
381	976
382	425
382	434
382	520
382	653
382	820
383	410
383	498
383	616
383	834
383	867
383	883
384	449
384	456
384	560
384	621
384	650
384	769
384	862
385	491
386	458
386	581
386	586
386	629
386	714
386	764
386	789
386	825
386	827
386	871
386	974
386	997
387	842
387	890
388	558
388	567
389	402
389	408
389	496
389	500
389	509
389	585
389	692
389	699
389	756
389	805
389	866
389	900
390	421
390	543
390	635
390	673
390	752
390	818
390	892
391	421
391	478
391	490
391	611
391	620
391	719
391	783
391	791
391	825
392	551
392	690
392	763
392	931
392	944
392	962
392	975
393	828
394	402
394	439
394	471
394	477
394	548
394	599
394	613
394	617
394	686
394	723
394	792
394	839
394	901
394	920
394	969
395	474
395	539
395	721
395	742
396	545
396	603
396	751
396	949
397	615
398	507
398	583
398	799
398	802
399	421
399	529
399	546
399	681
399	773
399	911
399	936
399	951
400	445
400	564
400	576
400	587
400	718
400	826
400	854
401	412
401	534
401	556
401	784
401	854
402	457
402	477
402	497
402	609
402	613
402	630
402	669
402	775
402	966
403	832
404	460
404	491
404	499
404	514
404	625
404	790
404	817
404	833
404	854
404	945
405	423
405	432
405	479
405	516
405	543
405	574
405	694
405	702
405	795
405	809
405	839
405	882
405	907
405	938
405	969
406	489
406	589
406	675
406	677
406	765
406	938
406	944
407	427
407	444
407	499
407	507
407	571
407	614
407	673
407	747
407	888
407	892
408	409
408	456
408	464
408	476
408	503
408	598
408	599
408	609
408	663
408	669
408	699
408	756
408	798
408	822
408	876
408	892
408	900
408	933
408	977
408	996
409	565
409	720
409	747
409	781
409	792
409	819
409	840
409	866
409	904
409	912
409	959
409	996
410	442
410	506
410	601
410	738
411	508
411	565
411	609
411	628
411	699
411	717
411	750
411	764
411	798
411	822
411	857
411	913
412	527
412	780
412	816
412	892
413	483
413	524
413	716
414	681
414	831
414	874
414	879
414	883
414	979
415	558
415	664
416	427
416	448
416	648
416	650
416	732
416	733
416	830
416	911
416	936
417	983
418	555
418	574
418	711
418	719
418	793
418	817
418	886
418	888
418	895
418	969
419	877
420	637
420	968
421	502
421	574
421	660
421	765
421	770
422	632
422	729
422	805
422	912
423	697
423	795
423	813
423	988
424	554
424	583
424	807
424	918
425	434
425	520
425	746
425	809
425	960
426	530
426	574
426	575
426	681
426	805
426	813
426	888
426	952
426	992
427	604
427	651
427	725
427	827
427	854
427	888
427	909
427	940
428	618
428	872
429	650
429	703
429	936
429	971
430	559
430	703
430	722
430	796
430	813
430	891
430	900
430	963
430	979
431	444
431	478
431	514
431	756
431	811
431	827
431	833
432	490
432	500
432	673
432	759
432	817
432	892
433	508
433	617
433	629
433	669
433	752
433	759
433	992
434	489
434	551
435	605
435	664
435	719
435	811
435	939
436	622
436	641
438	500
438	507
438	516
438	609
438	644
438	689
438	740
438	811
438	813
438	844
438	907
438	958
439	644
439	747
439	759
439	857
439	942
440	533
441	464
441	471
441	486
441	508
441	535
441	571
441	778
441	857
441	917
441	938
441	964
441	977
441	989
442	600
442	926
442	933
442	968
443	507
443	584
443	586
443	599
443	613
443	754
443	773
443	809
443	811
443	830
443	836
444	478
444	587
444	757
444	764
444	790
444	808
444	847
444	902
444	913
444	955
445	642
445	865
445	906
446	528
446	672
446	675
446	982
447	991
448	503
448	598
448	640
448	701
448	703
448	790
448	833
448	920
448	992
449	946
450	480
450	489
450	511
450	759
450	768
450	924
451	547
451	611
451	618
451	682
451	854
452	521
452	643
452	671
452	944
453	476
453	565
453	692
453	938
453	974
454	605
454	710
455	515
455	632
455	807
455	940
455	956
455	969
456	541
456	720
456	824
456	874
457	485
457	516
457	571
457	591
457	598
457	627
457	670
457	674
457	716
457	744
457	789
457	839
457	912
457	918
457	940
458	477
458	488
458	540
458	564
458	591
458	644
458	670
458	715
458	740
458	741
458	886
458	911
458	933
458	951
458	997
459	548
459	712
459	732
459	787
459	811
459	874
459	934
459	973
460	478
460	488
460	492
460	545
460	564
460	604
460	628
460	673
460	700
460	830
460	867
460	886
461	506
461	535
461	812
461	835
462	485
462	583
462	585
462	766
462	799
462	844
462	912
462	918
463	624
463	651
463	691
463	770
463	887
464	697
464	756
464	829
464	973
464	977
464	996
466	616
467	596
467	670
467	688
467	778
467	891
467	897
467	900
467	942
468	512
468	615
468	774
468	792
468	849
468	875
469	476
469	494
469	580
469	585
469	712
469	822
469	850
469	897
469	980
470	475
470	513
470	517
470	601
470	787
470	814
470	971
471	480
471	482
471	593
471	687
471	689
471	779
472	502
472	532
472	617
472	659
472	714
472	768
472	930
473	739
474	496
474	630
474	698
474	746
474	749
474	807
474	918
474	922
474	980
475	872
475	988
476	559
476	747
476	763
476	866
476	996
477	670
477	689
477	694
477	740
477	747
477	809
477	882
477	912
477	996
478	530
478	669
478	827
478	902
479	643
479	670
479	729
479	821
479	884
479	900
480	497
480	500
480	513
480	764
480	809
480	811
480	957
481	487
481	589
481	649
481	668
481	742
481	799
481	800
481	807
481	871
481	974
481	996
482	515
482	747
482	799
482	884
482	974
483	624
483	664
483	719
483	843
483	870
484	578
484	681
484	701
484	751
484	836
485	497
485	695
485	799
485	882
485	908
486	699
486	874
486	907
486	965
487	488
487	497
487	632
487	742
487	863
487	876
487	938
488	576
488	611
488	686
488	718
488	740
488	767
488	773
488	867
488	872
488	907
488	940
489	521
489	624
489	672
489	749
489	982
490	499
490	505
490	532
490	612
490	783
490	823
490	825
490	827
490	885
490	957
491	726
491	906
491	983
492	514
492	550
492	600
492	629
492	740
492	888
492	958
493	505
493	556
493	571
493	611
493	662
493	817
493	836
493	991
494	513
494	518
494	548
494	596
494	665
494	804
494	829
494	840
494	992
495	593
495	700
495	703
495	744
495	747
495	805
495	813
495	897
495	964
496	537
496	539
496	630
496	799
496	807
496	840
496	944
496	980
497	515
497	799
498	741
498	842
499	505
499	515
499	550
499	571
499	614
499	791
499	826
499	911
499	989
500	514
500	515
500	583
500	589
500	609
500	750
500	821
500	840
500	866
500	901
500	959
501	550
501	628
501	689
501	839
501	904
501	939
502	604
502	651
502	660
502	790
502	825
502	870
503	596
503	600
503	609
503	989
504	544
504	731
504	830
505	571
505	604
505	725
505	754
505	956
505	981
505	990
506	508
506	813
506	837
506	842
507	516
507	550
507	571
507	604
507	613
507	836
507	867
507	917
507	928
507	956
507	969
508	614
508	665
508	694
508	697
508	723
508	805
508	813
508	817
508	849
508	879
509	621
509	850
509	889
509	933
509	989
511	740
511	944
511	974
513	517
513	518
513	808
513	850
513	961
513	992
514	559
514	564
514	833
514	886
514	911
514	917
515	584
515	690
515	764
516	571
516	600
516	609
516	662
516	665
516	669
516	670
516	673
516	712
516	740
516	766
516	800
516	814
516	847
516	904
516	928
516	958
517	936
517	973
518	559
518	657
518	845
518	903
518	933
518	964
518	973
520	539
520	627
520	649
520	716
520	746
520	764
520	932
521	523
521	789
521	843
521	931
521	939
522	696
522	841
522	853
523	532
523	591
523	609
523	613
523	692
523	699
523	714
523	759
523	840
523	928
523	935
523	991
524	624
524	675
524	710
524	779
524	924
525	533
525	684
526	577
526	736
526	757
526	945
527	808
527	818
527	872
527	888
529	604
529	971
530	600
530	662
530	754
530	827
530	882
530	885
530	903
530	928
530	991
531	803
531	865
531	909
532	574
532	689
532	817
532	825
532	844
532	940
532	943
532	957
532	987
533	647
533	731
533	878
533	951
534	927
534	976
535	592
535	654
535	709
535	850
537	541
537	580
537	621
537	985
538	757
538	910
538	991
539	993
540	550
540	561
540	584
540	600
540	628
540	640
540	669
540	679
540	754
540	805
540	928
540	938
540	981
541	819
541	850
541	866
542	650
542	748
542	848
543	576
543	662
543	689
543	741
543	747
543	767
543	770
543	813
543	847
543	917
543	940
544	804
544	936
544	995
545	615
545	878
546	725
546	772
546	837
547	645
547	682
547	990
548	665
548	798
548	879
548	888
548	969
548	992
549	645
549	757
549	830
549	861
549	902
549	927
549	953
550	571
550	576
550	722
550	754
550	955
550	957
551	962
552	585
552	621
552	666
552	667
552	680
552	866
553	580
553	750
553	946
554	766
555	574
555	689
555	885
555	902
556	685
556	783
556	865
556	927
556	958
556	976
558	858
558	943
559	636
559	679
559	703
559	711
559	880
559	928
559	934
559	951
559	967
560	582
560	750
560	756
560	778
560	846
560	904
560	952
561	697
561	702
561	732
561	767
561	813
561	907
561	973
562	582
562	732
562	864
562	964
564	573
564	836
564	911
564	917
564	936
564	945
564	951
565	720
565	747
565	771
565	824
565	942
565	989
566	617
566	635
566	669
566	716
566	818
566	958
566	991
567	595
567	929
568	757
568	865
569	649
569	675
569	786
569	807
569	844
569	922
571	611
571	662
571	808
571	835
571	854
571	886
572	730
572	931
573	697
573	772
573	790
573	811
573	835
573	879
573	903
573	973
573	988
574	662
574	669
574	791
574	827
575	795
575	872
575	911
575	955
576	604
576	614
576	691
576	817
576	851
576	888
576	902
576	903
576	917
576	919
576	957
577	614
579	693
580	897
580	946
580	999
581	691
581	716
581	839
581	881
581	918
581	938
581	943
581	987
581	997
583	802
583	918
584	604
584	625
584	670
584	687
584	714
584	730
584	800
584	811
584	969
584	996
585	597
585	633
585	771
585	922
586	617
586	625
586	629
586	716
586	754
586	759
586	779
587	598
587	754
587	772
587	816
587	836
587	892
589	608
589	695
589	730
589	763
589	820
589	879
589	893
589	912
589	929
589	960
590	705
591	649
591	763
592	899
592	949
593	658
593	702
593	792
593	857
593	933
593	966
593	989
594	819
594	925
596	639
596	658
596	718
596	740
596	845
596	938
597	666
597	690
597	699
597	744
597	766
597	771
597	814
597	840
598	669
598	800
598	891
598	920
598	992
599	650
599	717
599	722
599	809
599	822
599	829
599	996
600	619
600	686
600	800
600	805
600	902
600	928
600	966
601	657
601	735
601	796
601	800
601	835
601	961
602	968
603	794
603	834
604	757
604	902
605	698
605	843
605	844
605	876
605	889
605	944
607	707
608	730
608	807
608	819
608	931
609	628
609	640
609	773
609	795
609	811
609	900
609	928
609	969
610	831
610	977
611	732
611	791
611	808
611	818
611	826
611	847
611	892
611	895
611	910
611	987
612	858
613	629
613	670
613	711
613	759
613	859
613	884
614	725
614	827
614	927
614	987
615	738
616	834
616	968
617	715
617	736
617	760
617	817
617	818
617	851
617	919
618	736
618	987
619	680
619	744
619	763
619	821
619	866
619	901
619	925
620	784
621	959
622	638
622	853
623	910
624	651
624	729
624	919
624	929
624	940
624	997
625	629
625	719
625	773
625	825
625	881
625	882
625	895
626	947
627	663
627	698
627	759
628	643
628	725
628	773
628	790
628	817
628	871
629	669
629	788
629	789
629	902
630	634
630	672
630	687
630	781
630	799
630	807
630	860
630	908
630	932
630	974
630	984
632	675
632	695
632	742
632	809
632	908
632	974
632	984
633	653
633	766
634	649
634	799
634	894
634	974
635	872
635	937
635	987
636	796
636	961
637	833
637	835
637	883
638	753
638	893
638	894
639	702
639	750
639	824
639	874
639	964
640	700
640	773
640	891
640	938
642	816
644	669
644	725
644	754
644	790
644	817
644	833
644	885
644	937
644	938
644	956
645	693
645	736
645	752
645	861
645	872
645	885
645	954
646	691
646	768
646	885
647	726
647	970
648	895
649	759
649	789
649	802
649	860
649	882
649	905
649	974
650	681
650	700
650	701
650	708
650	732
650	862
650	971
651	843
651	997
654	662
654	741
654	874
654	879
654	900
654	961
654	971
657	846
657	963
658	673
658	709
658	715
658	718
658	732
658	847
658	902
658	920
658	934
659	713
659	770
659	772
659	929
659	939
660	714
660	760
660	770
660	772
661	924
661	962
661	978
661	994
662	773
662	790
662	817
662	830
662	886
662	996
663	686
663	696
663	820
663	908
663	938
664	691
664	768
664	902
664	928
664	929
665	686
665	732
665	733
665	908
665	951
666	904
666	959
666	985
667	781
668	820
668	860
669	689
669	813
669	953
669	958
669	981
669	989
669	991
670	673
670	689
670	695
670	697
670	767
670	807
670	811
670	867
670	888
670	903
670	907
670	937
671	675
671	714
671	789
671	844
671	871
671	876
671	982
671	984
672	674
673	711
673	718
673	817
673	867
673	892
673	902
673	903
674	982
675	984
676	777
677	730
677	855
677	881
679	694
679	702
679	720
679	747
679	795
679	798
679	821
679	850
679	920
679	952
679	973
680	759
681	741
681	791
681	979
682	954
684	950
685	736
685	783
685	910
686	719
686	809
687	692
687	698
687	714
687	766
687	786
687	821
687	922
687	931
688	741
688	782
688	792
688	857
688	952
689	694
689	811
689	817
689	907
689	981
689	996
689	997
690	692
690	749
690	840
690	863
690	866
690	884
690	977
691	711
691	752
691	772
691	817
691	839
691	929
691	958
691	987
692	699
692	807
692	809
693	832
694	699
694	809
694	811
694	876
694	907
694	991
695	698
695	893
695	922
695	960
696	820
697	756
697	879
697	884
697	907
697	966
698	771
698	908
698	925
698	944
699	800
699	821
699	863
699	897
699	901
699	925
699	928
699	942
699	959
700	741
700	756
700	829
700	857
700	971
701	703
701	733
701	748
701	848
701	936
701	955
701	971
702	712
702	787
702	829
702	874
702	928
703	811
703	813
707	737
708	842
709	718
709	774
709	812
709	823
709	934
711	802
711	805
711	836
711	871
711	895
712	723
712	825
712	879
712	891
712	989
712	992
713	768
713	937
714	789
714	805
714	882
714	908
715	830
715	886
715	920
715	952
716	719
716	764
716	907
717	747
717	750
717	850
718	738
718	991
719	729
719	795
719	881
719	902
719	997
720	771
720	792
720	863
720	931
720	975
721	734
722	754
722	813
722	874
722	879
722	903
722	936
722	958
722	988
723	744
723	767
723	789
723	820
723	863
723	884
723	912
723	925
723	977
723	980
723	999
725	740
725	783
725	826
725	830
725	885
725	937
725	956
726	823
727	825
728	752
728	909
729	843
729	939
730	908
731	848
731	899
732	817
732	867
732	917
732	920
732	973
736	757
736	861
736	869
736	885
737	775
738	988
739	858
740	773
740	782
740	903
741	747
741	796
744	786
744	908
744	931
746	853
746	893
746	918
746	935
747	857
747	933
747	991
748	826
748	886
749	766
749	799
749	908
750	771
750	819
750	857
750	863
750	917
750	952
752	972
754	813
754	817
754	881
754	895
754	902
754	928
754	958
754	981
756	771
756	824
756	830
756	850
756	874
756	913
757	772
757	793
757	826
757	972
758	827
759	786
759	787
759	884
759	990
760	768
760	779
760	788
760	991
761	864
762	814
762	921
762	992
763	789
763	901
764	800
764	811
764	844
765	870
765	930
766	901
766	931
767	805
767	813
767	857
767	897
767	957
768	770
768	788
769	897
769	925
769	975
770	818
770	938
770	981
771	894
771	975
771	999
772	888
773	907
773	928
773	981
774	776
774	888
774	955
774	968
775	799
775	876
775	960
776	852
777	826
777	865
780	793
782	819
782	847
782	933
782	951
782	965
783	854
783	990
784	927
784	976
785	797
785	930
786	822
786	866
786	974
787	796
787	804
787	835
787	889
787	989
788	884
788	997
789	840
789	844
789	882
790	805
790	913
790	917
790	937
790	973
791	927
792	793
792	814
792	846
792	977
792	980
795	800
795	818
795	822
795	830
795	860
795	879
795	977
795	981
796	992
797	832
798	824
798	827
798	829
798	831
798	857
798	862
798	891
799	932
799	944
800	844
800	928
800	931
802	809
802	844
802	884
803	828
803	865
804	988
805	817
805	822
805	891
805	900
805	907
805	913
805	920
805	934
807	853
807	912
807	918
807	922
807	986
808	979
809	822
809	902
809	912
809	932
809	957
811	884
811	913
811	917
811	928
812	971
813	817
813	824
813	829
813	900
813	913
813	936
813	952
814	989
816	823
816	886
817	830
817	885
817	958
818	827
818	851
818	895
819	900
820	882
820	962
820	984
822	895
822	907
822	920
822	928
822	996
823	826
823	835
824	850
824	862
824	874
824	964
825	836
825	841
825	871
825	885
827	851
828	869
829	849
829	934
829	951
829	971
830	854
831	845
831	847
831	862
831	926
832	986
833	892
834	837
835	842
836	872
836	956
837	878
839	844
839	881
839	981
839	997
840	850
840	855
840	907
841	853
842	951
843	882
843	929
844	939
844	940
844	943
845	849
845	973
846	868
846	950
847	907
849	857
849	862
849	880
849	926
850	857
850	863
850	966
850	975
851	976
853	986
854	886
854	991
856	987
857	874
857	889
857	900
857	989
858	930
858	987
859	922
860	876
860	907
860	908
861	990
862	917
862	977
863	866
863	917
863	959
863	966
864	875
865	909
865	983
866	904
866	928
866	959
866	965
866	975
867	892
867	903
867	913
867	937
867	979
867	996
871	944
872	888
874	964
874	977
875	921
876	908
877	947
879	907
879	925
879	996
880	933
881	977
882	940
883	949
885	902
886	892
886	951
886	953
886	991
888	911
888	990
891	913
891	964
891	971
891	989
892	930
892	953
892	956
893	924
893	925
895	990
897	925
897	964
897	994
900	933
900	942
900	973
901	931
901	999
902	987
903	957
907	942
907	965
907	992
908	994
909	983
911	997
913	928
917	942
918	924
918	980
922	932
922	939
922	962
924	944
926	971
928	932
928	953
931	975
933	973
934	992
937	958
937	969
937	990
938	940
939	962
939	982
943	997
951	961
951	973
952	959
955	968
960	978
960	986
968	988
975	980
977	989
987	990
987	997
