0	24
0	62
0	123
0	171
0	247
0	282
0	353
0	369
0	384
0	443
0	538
0	553
0	601
0	604
0	747
0	872
0	886
1	15
1	47
1	146
1	191
1	404
1	465
1	496
1	519
1	557
1	628
1	658
1	659
1	670
1	682
1	728
1	736
1	815
1	826
1	893
1	897
1	923
1	944
2	47
2	363
2	388
2	403
2	466
2	531
2	640
2	762
2	782
2	822
2	893
3	129
3	265
3	341
3	387
3	733
3	754
3	810
3	845
4	72
4	85
4	95
4	111
4	140
4	156
4	177
4	187
4	192
4	257
4	268
4	307
4	365
4	565
4	734
4	835
4	863
4	881
4	895
5	25
6	209
6	316
6	368
6	369
6	401
6	458
6	496
6	516
6	711
6	713
6	771
6	790
6	889
6	952
7	31
7	350
7	352
7	475
7	496
7	922
8	139
8	154
8	209
8	307
8	360
8	411
8	488
8	544
8	643
8	864
8	989
9	54
9	85
9	147
9	190
9	237
9	248
9	319
9	344
9	379
9	441
9	456
9	478
9	508
9	541
9	618
9	703
9	710
9	767
9	850
9	902
9	923
10	324
10	704
10	820
11	90
11	217
11	218
11	423
11	506
11	575
11	730
12	38
12	250
12	338
12	401
12	478
12	535
12	568
12	597
12	705
12	738
12	810
12	812
12	838
12	845
12	884
12	942
13	126
13	635
13	720
13	765
13	806
13	843
13	892
13	997
14	117
14	149
14	202
14	275
14	290
14	344
14	569
14	572
14	649
14	682
14	703
14	755
14	770
14	826
14	839
14	940
14	949
15	58
15	110
15	217
15	313
15	330
15	412
15	466
15	628
15	774
16	72
16	85
16	92
16	110
16	116
16	163
16	179
16	183
16	294
16	305
16	330
16	337
16	365
16	366
16	460
16	471
16	509
16	524
16	562
16	572
16	605
16	640
16	657
16	770
16	808
16	886
16	935
16	938
16	962
16	973
17	103
17	135
17	236
17	349
17	431
17	594
17	706
17	721
17	843
17	892
18	723
19	100
19	405
19	479
19	488
19	496
19	527
19	559
19	581
19	720
19	830
19	838
19	914
20	129
20	239
20	336
20	355
20	810
20	884
20	990
21	267
21	916
21	984
21	993
22	76
22	118
22	333
22	394
22	423
22	614
22	710
22	948
23	500
23	584
23	665
23	964
23	989
24	135
24	151
24	185
24	207
24	228
24	317
24	356
24	397
24	441
24	468
24	469
24	553
24	560
24	686
24	708
24	711
24	919
24	926
25	66
25	133
25	156
25	181
25	264
25	583
25	680
25	983
26	459
26	767
27	168
27	320
27	639
27	774
28	903
29	94
29	96
29	195
29	265
29	539
29	596
29	677
29	852
29	948
30	45
30	49
30	62
30	112
30	151
30	190
30	336
30	404
30	414
30	441
30	468
30	505
30	701
30	811
30	871
30	901
30	998
31	66
31	122
31	259
31	264
31	565
31	745
31	863
31	913
31	925
32	41
32	135
32	154
32	295
32	316
32	405
32	546
32	758
32	773
32	830
32	906
33	745
33	770
33	791
33	960
34	42
34	141
34	197
34	292
34	312
34	361
34	445
34	461
34	499
34	607
34	638
34	641
34	696
34	706
34	718
34	832
34	945
35	217
35	219
35	495
35	525
36	110
36	227
36	253
36	278
36	363
36	379
36	407
36	651
36	767
36	792
36	841
36	888
36	939
36	986
37	348
37	360
37	410
37	453
37	829
37	863
37	952
38	63
38	105
38	266
38	380
38	423
38	480
38	517
38	597
38	671
38	746
38	771
40	763
41	208
41	458
41	596
41	691
41	721
41	803
41	843
41	883
41	889
41	906
41	952
42	113
42	228
42	281
42	357
42	394
42	401
42	446
42	590
42	597
42	599
42	679
42	805
42	927
42	933
42	954
43	62
43	105
43	156
43	183
43	414
43	427
43	429
43	497
43	507
43	563
43	580
43	613
43	811
43	880
43	894
43	901
43	913
44	46
44	123
44	154
44	332
44	392
44	544
44	603
44	655
44	803
44	928
45	62
45	119
45	163
45	224
45	231
45	235
45	461
45	462
45	497
45	507
45	532
45	664
45	755
45	772
45	787
45	826
45	872
46	130
46	206
46	260
46	262
46	295
46	464
46	546
46	605
46	886
46	894
46	907
46	919
47	65
47	143
47	207
47	270
47	431
47	501
47	519
47	574
47	650
47	689
47	762
47	812
47	935
47	972
48	110
48	142
48	456
48	517
48	519
48	537
48	549
48	633
48	653
48	737
48	904
48	965
48	987
49	62
49	96
49	111
49	112
49	114
49	157
49	196
49	349
49	359
49	397
49	461
49	569
49	570
49	585
49	626
49	668
49	837
49	879
49	998
50	143
50	158
50	439
50	478
50	510
50	549
50	762
50	810
50	859
50	920
50	942
50	945
51	167
51	175
51	213
51	228
51	243
51	282
51	505
51	564
51	590
51	620
51	679
51	709
52	156
52	181
52	279
52	293
52	467
52	555
52	796
52	899
54	307
54	353
54	422
54	441
54	471
54	507
54	552
54	559
54	626
54	747
54	749
54	772
54	774
54	780
54	787
54	892
54	947
54	985
54	995
55	134
55	398
55	671
55	695
55	776
56	137
56	208
56	498
56	961
56	980
57	143
57	237
57	314
57	456
57	509
57	604
57	605
57	779
57	826
58	233
58	245
58	265
58	278
58	284
58	364
58	557
58	845
59	142
59	245
59	246
59	315
59	341
59	365
59	420
59	537
59	893
60	257
60	739
60	824
60	949
62	151
62	183
62	392
62	453
62	468
62	601
62	721
62	774
62	791
62	821
62	871
62	892
62	904
62	934
62	995
63	124
63	237
63	307
63	310
63	413
63	517
63	533
63	606
63	746
63	755
63	813
63	836
63	842
63	896
63	941
64	129
64	153
64	171
64	200
64	387
64	468
64	505
64	539
64	570
64	597
64	668
64	703
64	744
64	919
64	991
65	96
65	158
65	197
65	244
65	286
65	387
65	451
65	501
65	568
65	748
65	764
65	793
65	812
66	140
66	264
66	558
66	680
66	824
67	841
68	120
68	226
68	327
68	389
68	450
68	674
69	257
69	343
69	452
69	807
70	276
70	317
70	843
70	848
70	853
70	988
71	356
71	422
71	558
71	645
71	657
71	791
71	835
71	847
71	851
71	925
71	955
71	992
72	116
72	395
72	414
72	455
72	555
72	563
72	569
72	571
72	661
72	664
72	682
72	728
72	770
72	774
72	786
72	833
72	850
72	920
72	959
73	242
73	276
73	450
73	646
74	400
74	473
74	632
74	824
74	913
74	949
74	955
75	760
76	373
76	704
76	818
77	96
77	103
77	207
77	375
77	391
77	415
77	419
77	456
77	599
77	631
77	677
77	733
77	744
77	959
78	82
78	230
78	578
78	593
78	875
79	132
79	171
79	231
79	294
79	302
79	308
79	318
79	470
79	508
79	587
79	628
79	772
79	897
80	173
80	256
80	283
80	290
80	381
80	477
80	708
80	857
80	954
81	223
82	112
82	129
82	141
82	153
82	208
82	228
82	249
82	254
82	384
82	445
82	481
82	489
82	494
82	594
82	600
82	620
82	765
82	991
83	115
83	128
83	146
83	264
83	432
83	448
83	524
83	527
83	563
83	647
83	719
83	835
83	922
83	965
84	158
84	381
84	407
84	418
84	494
84	677
84	816
84	845
84	933
84	934
85	115
85	279
85	383
85	472
85	648
85	664
85	767
85	770
85	808
85	833
85	897
85	939
85	970
86	520
86	903
87	108
87	205
87	262
87	410
87	486
87	558
87	672
87	834
87	907
88	433
88	522
89	374
89	796
90	219
90	534
90	760
91	105
91	116
91	214
91	268
91	407
91	470
91	524
91	569
91	676
91	752
91	753
91	794
91	836
91	884
91	885
91	913
91	928
91	941
92	272
92	307
92	353
92	637
92	662
92	781
92	803
92	905
92	914
93	166
93	745
93	992
94	96
94	165
94	244
94	434
94	550
94	811
94	845
94	896
94	942
95	125
95	202
95	294
95	311
95	337
95	453
95	657
95	714
95	870
95	899
95	925
96	106
96	213
96	288
96	426
96	468
96	489
96	662
96	684
96	933
96	935
96	948
97	170
97	262
97	347
97	488
98	154
98	206
98	261
98	342
98	581
99	118
99	153
99	492
99	766
99	818
99	859
99	929
99	948
100	117
100	130
100	168
100	206
100	272
100	348
100	405
100	409
100	479
100	486
100	524
100	556
100	560
100	691
100	696
100	713
100	732
100	838
101	601
101	660
101	715
101	886
102	276
102	967
103	236
103	254
103	267
103	355
103	494
103	574
103	748
103	858
104	561
104	593
104	599
104	605
104	607
104	954
105	112
105	114
105	147
105	196
105	207
105	209
105	244
105	361
105	380
105	397
105	422
105	509
105	563
105	572
105	640
105	659
105	663
105	678
105	705
105	845
105	871
105	888
105	985
106	153
106	200
106	281
106	391
106	419
106	494
106	593
106	763
106	783
106	980
107	239
107	903
108	194
108	332
108	613
108	745
108	830
108	855
108	955
109	629
109	936
110	146
110	163
110	227
110	245
110	265
110	314
110	371
110	468
110	633
110	643
110	689
110	702
110	735
110	752
110	774
110	858
110	893
111	190
111	278
111	310
111	455
111	463
111	470
111	563
111	973
112	135
112	228
112	260
112	349
112	397
112	427
112	570
112	585
112	641
112	715
112	747
112	821
112	837
112	845
113	195
113	403
113	426
113	743
113	765
113	993
114	115
114	128
114	155
114	287
114	294
114	395
114	432
114	464
114	546
114	675
114	682
114	864
114	870
114	882
114	925
115	232
115	558
115	675
115	749
115	814
116	133
116	168
116	286
116	294
116	319
116	383
116	463
116	533
116	595
116	749
116	755
116	794
116	850
116	888
116	913
116	966
117	183
117	360
117	410
117	422
117	475
117	524
117	532
117	749
117	835
117	839
117	889
117	894
117	905
117	952
117	986
118	121
118	403
118	451
118	520
118	704
118	929
118	943
119	151
119	168
119	272
119	349
119	446
119	458
119	460
119	461
119	497
119	613
119	701
119	716
119	720
119	780
119	928
120	180
120	258
120	590
121	200
121	615
121	640
121	704
122	543
122	819
122	834
122	855
122	861
123	135
123	243
123	251
123	346
123	392
123	497
123	637
123	643
123	724
123	731
123	840
123	914
123	994
124	147
124	197
124	208
124	381
124	387
124	391
124	445
124	468
124	481
124	570
124	641
124	667
124	703
124	715
124	845
124	852
125	128
125	211
125	275
125	463
125	470
125	517
125	664
125	739
125	753
125	790
125	842
125	930
125	986
125	995
126	173
126	348
126	382
126	660
126	708
126	771
126	773
126	858
126	886
126	926
127	454
127	525
127	531
127	541
127	671
127	726
127	818
127	990
128	191
128	211
128	229
128	248
128	318
128	332
128	334
128	488
128	562
128	569
128	645
128	700
128	774
128	780
128	808
128	812
128	826
128	839
128	881
128	928
129	153
129	176
129	324
129	415
129	468
129	474
129	539
129	597
129	654
129	896
129	914
130	183
130	186
130	261
130	332
130	410
130	443
130	458
130	486
130	488
130	546
130	756
131	428
131	498
131	697
131	806
131	848
131	961
132	190
132	275
132	569
132	618
132	710
132	793
132	852
132	870
132	919
132	941
133	160
133	186
133	232
133	247
133	340
133	515
133	529
133	580
133	661
133	669
133	675
133	770
133	837
133	839
133	930
134	253
134	514
134	526
134	868
134	981
135	167
135	204
135	228
135	556
135	568
135	696
135	701
135	715
135	771
135	821
135	826
135	935
135	975
137	176
137	336
137	438
137	611
137	961
138	237
138	314
138	315
138	689
138	850
138	870
139	609
140	156
140	232
140	337
140	340
140	351
140	365
140	739
140	790
141	289
141	389
141	564
141	594
141	607
141	685
141	761
141	978
142	161
142	253
142	300
142	315
142	338
142	393
142	465
142	747
142	807
142	904
142	927
142	958
143	227
143	363
143	404
143	431
143	509
143	535
143	568
143	622
143	702
143	705
143	722
143	792
143	810
143	893
143	920
144	183
144	185
144	224
144	241
144	272
144	306
144	335
144	410
144	442
144	507
144	860
144	894
144	905
145	245
145	249
145	284
145	315
145	393
145	484
145	495
145	501
145	508
145	589
145	653
145	813
145	990
146	149
146	160
146	252
146	313
146	511
146	519
146	794
146	910
146	986
147	336
147	361
147	447
147	538
147	572
147	618
147	626
147	703
147	733
147	805
147	837
147	888
147	897
147	919
147	935
147	985
148	236
148	346
148	413
148	556
148	590
148	662
148	665
148	740
149	275
149	284
149	336
149	395
149	413
149	567
149	586
149	587
149	664
149	678
149	710
149	737
149	767
149	793
149	826
150	164
150	187
150	280
150	460
150	657
150	670
150	824
151	183
151	186
151	275
151	397
151	569
151	596
151	688
151	764
151	879
151	902
152	534
153	178
153	234
153	415
153	418
153	451
153	456
153	489
153	663
153	677
153	678
153	805
154	323
155	286
155	344
155	369
155	410
155	411
155	422
155	479
155	552
155	562
155	613
155	643
155	780
155	863
155	901
155	940
155	973
156	232
156	257
156	529
156	555
156	693
156	960
157	169
157	213
157	461
157	576
157	655
157	662
157	679
157	706
157	708
157	814
157	832
157	996
158	736
158	747
158	768
158	821
158	852
158	890
158	916
158	941
158	954
159	270
159	502
159	782
160	181
160	259
160	264
160	399
160	432
160	453
160	509
160	669
160	728
160	794
160	899
161	217
161	338
161	598
161	866
161	900
163	218
163	231
163	248
163	252
163	280
163	413
163	509
163	533
163	626
163	640
163	649
163	657
163	753
163	791
163	833
163	836
163	845
163	870
163	897
163	941
163	971
164	187
164	895
165	557
165	573
165	586
165	600
165	654
165	764
165	941
166	340
166	360
166	432
166	496
166	532
166	558
166	636
166	643
166	645
166	680
166	757
166	847
166	882
166	912
166	922
167	172
167	271
167	590
167	592
167	636
167	800
167	806
167	957
168	320
168	411
168	486
168	749
168	826
168	864
168	869
168	914
169	183
169	342
169	564
169	592
169	635
169	638
169	641
169	660
169	761
170	320
170	819
170	823
170	834
171	248
171	366
171	397
171	563
171	689
171	711
171	755
171	887
171	897
171	998
172	236
172	359
172	384
172	706
172	708
172	721
172	852
172	883
172	980
172	996
173	229
173	335
173	405
173	544
173	604
173	663
173	806
173	883
173	911
174	350
174	861
175	243
175	289
175	335
175	564
175	600
175	679
175	706
175	761
175	800
175	956
176	195
176	250
176	499
176	586
176	785
176	972
177	199
177	240
177	519
177	623
177	719
178	217
178	315
178	513
178	566
178	650
178	792
178	900
178	927
179	394
179	407
179	439
179	812
179	876
179	896
180	483
180	848
181	255
181	399
181	422
181	487
181	515
181	521
181	757
181	778
182	229
182	390
182	556
182	596
182	609
182	681
182	696
182	840
182	882
182	968
183	235
183	468
183	484
183	515
183	533
183	609
183	701
183	779
184	223
184	240
184	452
184	693
184	973
185	229
185	280
185	283
185	316
185	360
185	369
185	422
185	461
185	537
185	540
185	601
185	688
185	722
185	860
185	864
185	985
186	194
186	347
186	521
186	524
186	734
186	774
186	882
187	440
187	588
187	657
187	739
187	796
187	947
187	949
187	960
188	399
188	532
188	693
188	729
189	617
189	629
189	643
189	729
189	732
190	227
190	250
190	325
190	368
190	371
190	397
190	413
190	509
190	605
190	663
190	689
190	702
190	793
190	833
190	923
191	310
191	396
191	412
191	466
191	478
191	493
191	533
191	562
191	569
191	633
191	752
191	939
191	968
192	209
192	464
192	508
192	537
192	651
192	670
192	739
193	326
193	573
193	611
193	697
193	783
194	205
194	469
194	487
194	521
194	532
194	756
194	855
195	221
195	250
195	288
195	368
195	391
195	599
195	890
195	929
196	203
196	288
196	426
196	445
196	481
196	573
196	600
196	667
196	696
196	879
196	941
197	541
197	633
197	640
197	659
197	691
197	710
197	959
198	233
198	245
198	319
198	452
198	778
198	982
199	440
199	529
199	621
199	707
199	750
200	370
200	388
200	504
200	929
202	320
202	469
202	749
202	855
202	869
203	312
203	434
203	474
203	594
203	620
203	667
203	814
203	964
203	991
203	996
204	592
204	635
204	696
204	711
204	720
204	734
204	810
204	852
205	260
205	262
205	409
205	475
205	487
205	838
205	863
205	869
205	895
206	249
206	443
206	493
206	544
206	580
206	722
206	756
206	952
207	286
207	298
207	325
207	380
207	429
207	442
207	445
207	571
207	594
207	754
207	793
207	965
208	236
208	243
208	346
208	391
208	568
208	592
208	751
208	801
208	858
208	984
209	319
209	360
209	361
209	456
209	569
209	574
209	604
209	722
209	774
209	837
209	839
209	930
210	644
211	273
211	310
211	422
211	432
211	448
211	493
211	621
211	645
211	670
211	714
211	728
211	851
211	873
211	881
211	897
211	899
211	965
211	973
213	243
213	317
213	349
213	620
213	660
213	706
213	858
214	250
214	303
214	305
214	331
214	426
214	539
214	660
214	696
214	733
214	734
214	746
214	780
214	837
214	935
214	946
215	245
215	265
215	298
215	407
215	411
215	430
215	501
215	541
215	622
215	754
215	813
215	904
216	266
216	424
216	573
216	597
216	611
216	682
216	736
216	737
216	764
216	885
216	923
217	393
217	528
217	942
217	982
218	244
218	325
218	420
218	454
218	754
218	768
218	972
219	625
221	321
221	920
221	943
222	343
222	623
222	698
222	827
223	542
224	410
224	441
224	493
224	509
224	569
224	605
224	755
224	780
224	902
224	995
225	398
225	528
225	554
225	562
225	786
225	891
226	256
226	667
227	237
227	460
227	472
227	587
227	605
227	649
227	663
227	710
227	737
227	750
227	792
227	879
227	930
228	241
228	281
228	301
228	391
228	553
228	556
228	594
228	635
228	663
229	242
229	538
229	637
229	720
229	729
229	732
229	918
230	593
230	945
231	432
231	469
231	533
231	675
231	676
231	811
231	851
231	904
231	938
232	395
232	493
232	613
232	645
232	700
232	739
232	779
233	472
233	551
233	719
233	735
233	891
233	981
234	357
234	387
234	445
234	474
234	481
234	504
234	510
234	576
234	589
234	626
234	641
234	686
234	805
234	845
234	965
235	339
235	392
235	446
235	460
235	515
235	645
235	701
235	755
235	919
235	933
235	975
236	296
236	349
236	431
236	564
236	576
236	655
236	720
236	848
236	883
237	268
237	273
237	278
237	414
237	460
237	533
237	562
237	589
237	653
237	737
237	810
237	871
237	879
237	986
238	317
238	384
238	450
238	593
238	685
238	740
238	775
238	800
238	878
238	906
238	951
238	994
239	903
240	868
240	909
241	376
241	377
241	390
241	544
241	711
241	777
242	342
242	547
242	724
242	952
242	956
243	391
243	688
243	961
243	996
244	270
244	284
244	314
244	431
244	481
244	750
244	790
244	837
244	842
244	876
244	941
245	297
245	692
245	730
245	893
246	380
246	404
246	509
246	570
246	595
246	767
246	768
246	810
247	249
247	272
247	331
247	411
247	442
247	462
247	468
247	556
247	616
247	755
247	779
247	781
247	839
247	919
247	975
248	339
248	365
248	366
248	484
248	493
248	495
248	596
248	715
248	722
248	747
248	826
248	880
248	901
248	995
249	461
249	464
249	471
249	515
249	589
249	616
249	641
249	681
249	713
249	720
249	774
249	879
249	889
249	902
250	348
250	359
250	387
250	431
250	586
250	733
250	845
250	942
250	946
250	987
251	348
251	382
251	408
251	469
251	544
251	724
252	298
252	303
252	310
252	424
252	513
252	633
252	702
252	842
252	896
252	897
253	265
253	268
253	354
253	398
253	465
253	495
253	517
253	566
253	633
253	651
253	792
254	276
254	345
254	349
254	428
254	434
254	600
254	814
254	945
254	954
255	470
255	613
255	617
255	693
255	745
255	864
256	357
256	376
256	545
256	709
256	799
257	459
257	796
257	909
259	294
259	365
259	645
259	693
259	791
259	826
259	863
259	938
259	970
260	442
260	461
260	601
260	711
260	779
260	952
260	998
261	479
261	521
261	530
261	629
261	829
262	390
262	486
262	700
263	334
263	453
263	629
264	396
264	467
264	558
264	565
264	669
264	790
264	924
264	983
265	278
265	297
265	314
265	792
265	923
265	958
265	986
265	990
266	466
266	597
266	640
266	652
266	704
266	736
266	805
266	888
267	349
267	389
267	564
267	573
267	699
267	706
268	273
268	371
268	412
268	529
268	587
268	735
268	833
268	842
269	280
269	306
269	307
269	318
269	404
269	497
269	527
269	613
269	669
269	675
269	700
269	894
270	424
270	478
270	622
270	972
270	977
271	296
271	656
271	686
271	758
271	777
272	635
272	803
272	879
273	310
273	364
273	412
273	440
273	670
273	870
274	283
274	488
274	806
274	878
274	944
275	294
275	297
275	344
275	365
275	567
275	648
275	661
275	774
275	855
275	873
275	888
275	902
275	925
275	965
275	986
276	915
277	319
277	351
277	378
277	529
277	728
277	868
277	909
278	313
278	325
278	337
278	354
278	363
278	404
278	569
278	587
278	622
278	633
278	651
278	658
278	719
278	813
278	958
279	294
279	399
279	409
279	521
279	745
279	867
279	902
279	952
280	319
280	330
280	448
280	529
280	532
280	555
280	562
280	567
280	640
280	657
280	971
281	391
281	426
281	499
281	505
281	508
281	569
281	590
281	594
281	660
281	688
281	703
281	715
281	779
281	826
281	884
281	919
282	290
282	331
282	546
282	596
282	635
282	814
282	843
282	919
282	978
283	417
283	656
283	686
284	297
284	298
284	416
284	619
284	640
284	678
284	737
284	792
284	923
285	789
285	848
285	984
286	395
286	472
286	493
286	509
286	626
286	678
286	839
287	340
287	366
287	560
287	613
287	645
287	710
287	759
287	784
288	348
288	358
288	387
288	401
288	403
288	419
288	489
288	504
288	571
288	744
288	748
288	845
288	973
288	991
289	349
289	494
289	667
289	806
289	814
289	857
290	305
290	346
290	377
290	382
290	445
290	604
290	655
290	708
290	889
290	911
292	357
292	359
292	589
292	688
292	696
293	330
293	555
293	621
294	339
294	397
294	446
294	462
294	540
294	556
294	643
294	681
294	755
294	774
294	808
294	870
294	873
294	930
294	968
295	306
295	316
295	360
295	484
295	546
295	604
295	713
295	914
295	965
296	535
296	546
296	781
297	300
297	363
297	383
297	537
297	549
297	735
297	753
297	807
298	311
298	506
298	549
298	610
298	747
298	920
298	990
299	437
299	999
300	354
300	482
300	513
300	528
301	875
302	368
302	431
302	456
302	552
302	650
302	801
303	336
303	413
303	484
303	574
303	589
303	647
303	663
303	688
303	736
303	793
303	837
303	930
303	975
303	998
304	305
304	317
304	346
304	358
304	504
304	635
304	715
304	858
305	339
305	401
305	648
305	764
305	871
306	356
306	411
306	442
306	464
306	546
306	724
306	729
306	749
306	889
306	894
306	952
307	353
307	442
307	458
307	505
307	527
307	538
307	569
307	626
307	681
307	811
307	873
307	902
307	914
307	919
307	928
308	465
308	466
308	657
308	753
308	833
308	851
308	962
309	877
310	395
310	446
310	527
310	542
310	567
310	595
310	618
310	747
310	774
310	780
310	836
310	881
311	448
311	562
311	714
311	791
311	828
311	842
311	881
311	895
311	960
312	336
312	426
312	468
312	505
312	593
312	597
312	618
312	933
313	444
313	535
313	540
313	587
313	648
313	705
313	794
313	837
313	927
313	939
313	987
314	395
314	404
314	416
314	429
314	455
314	465
314	501
314	618
314	633
314	664
314	752
314	762
314	764
314	768
315	393
315	407
315	412
315	424
315	444
315	482
315	651
315	833
315	893
315	909
315	982
316	405
316	488
316	596
316	637
316	711
316	894
316	952
317	419
317	483
317	636
317	660
317	709
317	715
318	395
318	413
318	519
318	597
318	618
318	626
318	689
318	767
319	383
319	554
319	619
319	647
319	648
319	651
319	682
319	786
319	796
319	815
319	953
319	968
320	617
321	333
321	373
321	415
321	451
321	825
321	942
323	507
323	559
323	732
323	756
323	777
323	936
324	370
324	499
324	550
325	423
325	733
325	782
325	904
325	920
325	972
325	985
326	447
326	578
327	498
327	620
327	679
327	862
327	889
327	994
327	997
328	438
328	615
328	921
329	330
329	364
329	379
329	444
329	567
329	587
329	619
329	647
329	648
329	752
329	768
329	794
329	880
330	344
330	472
330	531
330	551
330	768
330	770
330	807
330	835
331	390
331	404
331	410
331	458
331	538
331	626
331	675
331	751
331	808
331	811
331	886
331	889
331	895
331	902
331	940
331	952
331	975
332	390
332	408
332	488
332	560
332	630
332	656
332	829
333	766
333	846
334	515
334	992
335	553
335	708
335	843
335	926
336	359
336	445
336	538
336	541
336	550
336	600
336	635
336	690
336	805
336	838
337	365
337	463
337	470
337	739
337	881
338	388
338	420
338	650
338	738
338	762
338	813
338	845
338	866
338	876
339	458
339	467
339	635
339	710
339	722
339	755
339	851
339	871
339	886
340	347
340	365
340	432
340	442
340	507
340	532
340	645
340	749
340	838
340	925
341	436
341	451
341	520
341	783
341	831
341	841
342	382
342	596
342	636
342	655
342	729
342	803
342	840
343	610
343	965
344	395
344	446
344	628
344	678
344	710
344	719
344	772
344	774
344	851
344	965
344	970
346	382
346	391
346	419
346	422
346	538
346	553
346	556
346	655
346	715
346	911
347	830
347	895
347	922
348	410
348	577
348	596
348	711
348	911
349	706
349	800
349	832
349	843
349	934
349	991
350	855
351	448
351	452
351	470
351	647
351	652
351	739
351	786
351	790
352	399
352	680
352	864
352	955
353	369
353	411
353	442
353	452
353	580
353	604
353	626
353	669
353	681
353	701
353	772
353	779
353	780
353	787
353	830
353	928
353	952
354	478
354	495
354	531
354	537
354	792
355	550
355	564
355	582
355	654
355	959
356	360
356	453
356	515
356	970
357	419
357	593
357	697
357	793
357	921
358	578
359	413
359	468
359	570
359	614
359	682
359	805
359	920
359	946
359	975
360	408
360	484
360	487
360	675
360	713
360	913
361	380
361	478
361	480
361	504
361	549
361	762
361	851
361	923
361	935
362	559
362	629
362	898
363	393
363	398
363	517
363	689
363	794
363	802
363	813
364	398
364	465
364	472
364	482
364	792
364	939
365	383
365	440
365	455
365	470
365	588
365	628
365	714
365	790
365	992
366	429
366	446
366	532
366	613
366	649
366	716
366	779
366	826
366	851
366	872
366	880
366	922
367	831
367	950
368	375
368	387
368	394
368	456
368	481
368	489
368	550
368	589
368	716
368	721
368	945
369	392
369	458
369	538
369	604
369	761
369	773
369	902
369	919
369	940
370	373
370	763
370	766
371	404
371	562
371	752
371	767
371	850
371	958
371	971
372	438
372	769
373	818
373	825
373	846
374	472
374	680
374	791
374	960
376	634
377	382
377	392
377	604
377	724
377	860
377	911
378	619
378	702
378	835
378	968
378	982
379	414
379	465
379	557
379	653
379	659
379	703
379	842
379	866
379	933
380	415
380	431
380	557
380	569
380	681
380	701
380	750
380	802
380	837
380	938
380	942
381	392
381	409
381	427
381	462
381	585
381	668
381	683
381	720
381	765
381	790
381	810
381	883
381	886
381	934
382	462
382	553
382	634
382	708
382	886
382	918
382	919
383	412
384	421
384	564
384	800
384	832
384	853
384	996
385	400
385	473
385	680
386	816
387	391
387	414
387	491
387	688
387	801
387	852
387	864
387	896
387	919
388	541
388	710
388	900
389	442
389	474
389	620
389	636
389	715
389	765
389	814
389	889
389	916
389	933
389	946
390	422
390	560
390	637
390	777
391	419
391	481
391	641
391	683
391	696
391	703
391	744
391	826
391	832
391	896
391	933
391	991
392	427
392	461
392	501
392	688
392	711
392	713
392	715
392	901
392	935
392	965
393	466
393	495
393	525
393	712
393	768
393	782
394	436
394	504
394	505
394	573
394	805
394	820
394	866
394	977
395	533
395	549
395	628
395	648
395	649
395	737
395	790
395	837
396	446
396	463
396	515
396	527
396	532
396	558
396	645
397	441
397	556
397	690
397	751
397	771
397	787
397	793
397	871
397	885
397	886
397	901
398	412
398	452
398	735
398	923
398	958
398	971
399	467
399	555
399	643
399	729
399	757
399	784
399	809
399	922
400	691
400	992
401	586
401	599
401	750
401	876
401	896
401	977
402	491
402	615
403	538
403	539
403	549
403	705
403	743
403	754
403	812
403	876
403	885
403	972
404	416
404	429
404	463
404	466
404	493
404	569
404	653
404	764
404	890
405	409
405	410
405	479
405	829
405	879
405	979
406	520
406	689
406	904
406	972
406	990
407	501
407	508
407	566
407	653
407	708
407	710
407	754
407	818
407	876
408	442
408	662
408	732
408	898
409	413
409	487
409	580
409	630
409	675
409	755
409	928
409	989
410	411
410	616
410	637
410	734
410	773
410	779
410	855
410	972
411	467
411	469
411	471
411	546
411	592
411	596
411	613
411	755
411	779
411	864
411	873
411	902
411	975
411	994
412	628
412	640
412	658
412	659
412	676
412	705
412	925
413	429
413	460
413	563
413	597
413	618
413	633
413	682
413	935
414	441
414	468
414	493
414	572
414	574
414	664
414	762
414	870
415	474
415	504
415	690
415	744
415	839
415	954
416	501
416	541
416	557
416	689
416	768
418	602
418	726
418	885
418	896
419	599
419	667
419	994
420	424
420	517
420	549
420	822
422	443
422	520
422	668
422	722
422	774
422	833
423	437
423	767
423	876
423	934
424	480
424	517
424	542
424	614
424	767
424	822
424	904
424	923
424	927
426	505
426	571
426	768
426	780
426	805
426	934
427	505
427	744
427	748
427	857
427	935
428	706
428	718
429	549
429	557
429	633
429	651
429	764
429	902
430	566
430	633
430	650
430	900
431	480
431	529
431	595
431	810
431	845
431	888
431	931
432	448
432	487
432	675
432	772
433	516
433	956
434	483
434	593
434	996
435	612
435	760
436	597
436	733
436	987
437	449
437	528
437	614
437	726
437	880
438	798
439	447
439	820
440	529
440	707
440	796
440	953
441	468
441	696
441	721
441	722
441	755
441	774
441	826
441	930
442	464
442	507
442	532
442	540
442	711
442	751
442	780
442	811
442	889
442	894
442	913
442	979
443	540
443	555
443	772
443	780
443	894
443	901
443	947
444	587
445	481
445	505
445	589
445	594
445	759
446	470
446	493
446	546
446	552
446	555
446	585
446	605
446	749
446	808
446	905
447	582
447	888
448	535
448	577
448	675
448	719
448	725
448	757
448	870
448	899
448	995
449	841
449	958
450	539
450	576
450	592
450	697
450	843
451	502
451	602
451	783
451	831
451	846
451	885
451	943
451	977
452	554
452	621
452	792
452	835
452	899
452	953
453	488
453	524
453	532
453	672
453	725
453	864
453	882
453	919
453	947
454	738
454	748
454	846
454	950
454	972
454	987
454	990
455	458
455	572
455	574
455	597
455	690
455	701
455	787
455	871
455	970
456	570
456	618
456	653
456	813
456	837
456	852
456	884
456	885
456	888
456	954
456	985
458	461
458	507
458	879
458	886
458	902
458	957
459	673
459	698
460	463
460	501
460	569
460	589
460	604
460	722
460	772
460	836
460	845
460	930
460	938
461	494
461	553
461	556
461	563
461	604
461	663
461	688
461	811
461	995
462	569
462	608
462	616
462	716
462	740
462	839
463	565
463	603
463	648
463	649
463	670
463	739
463	851
463	873
463	970
464	484
464	505
464	533
464	540
464	552
464	590
464	668
464	755
464	772
464	774
464	851
464	871
464	889
464	901
464	940
465	557
465	647
465	659
465	762
465	792
465	802
466	511
466	628
466	736
466	794
466	807
466	812
466	893
467	487
467	496
467	558
467	983
468	471
468	538
468	690
468	702
468	710
468	871
468	998
469	497
469	556
469	629
469	706
469	773
470	555
470	707
470	719
470	770
471	487
471	507
471	527
471	540
471	719
471	734
471	772
471	774
472	676
472	815
472	835
472	973
473	524
473	555
473	867
474	615
474	743
474	748
474	805
474	887
474	926
474	961
475	560
475	583
475	672
475	864
475	922
475	962
476	575
476	742
477	512
477	665
477	994
478	501
478	511
478	614
478	904
479	608
479	669
479	759
479	772
479	829
479	914
479	928
480	569
480	600
480	626
480	640
480	703
480	737
480	935
481	483
481	618
481	671
481	696
481	896
483	489
483	564
483	611
483	677
484	681
484	682
484	702
484	764
484	772
484	794
484	851
484	902
484	947
484	975
484	998
486	672
486	691
487	496
487	515
487	618
487	643
487	757
487	861
487	867
487	897
487	918
487	928
488	532
488	781
488	880
488	907
488	979
489	589
489	677
489	703
489	821
489	916
489	954
490	583
490	714
490	824
490	856
490	912
490	922
491	494
491	602
491	615
491	697
491	703
491	748
491	818
492	709
493	580
493	791
493	794
493	815
493	839
493	938
493	947
494	634
494	636
494	667
494	668
494	677
494	696
494	744
494	897
495	513
495	982
496	515
496	540
496	669
496	779
496	973
497	590
497	596
497	713
497	811
497	839
497	879
497	889
497	892
497	994
498	593
499	742
499	748
499	929
500	756
500	759
500	809
501	650
502	705
502	726
502	927
502	987
503	683
503	718
503	908
503	945
503	968
503	993
504	505
504	525
504	539
504	570
504	671
504	801
504	805
505	532
505	546
505	570
505	620
505	643
505	738
505	755
505	771
505	832
506	631
507	554
507	628
507	677
507	690
507	821
507	851
507	881
508	511
508	519
508	703
508	985
509	519
509	539
509	663
509	703
509	764
509	768
509	770
509	897
509	902
509	941
509	975
510	525
510	549
510	736
510	890
510	904
511	633
511	792
511	813
511	842
511	893
511	910
511	923
511	927
511	930
512	840
512	860
513	650
513	802
513	813
513	958
514	778
514	835
515	521
515	524
515	613
515	737
515	772
515	791
515	811
515	872
515	922
515	965
516	545
517	531
517	616
517	640
517	707
517	805
517	812
517	888
519	651
519	671
519	782
519	876
519	893
519	923
519	941
520	525
520	712
520	804
520	904
521	532
521	661
521	672
521	830
521	863
521	882
521	894
521	940
521	955
521	978
522	877
523	963
524	552
524	630
524	669
524	725
524	772
524	968
525	541
525	736
525	746
525	810
526	804
526	893
526	909
527	585
527	643
527	669
527	781
527	857
527	882
527	971
528	531
528	850
528	910
528	958
529	652
529	792
529	949
529	960
530	559
530	637
531	566
531	650
531	904
531	982
531	985
532	552
532	613
532	669
532	722
532	725
532	734
532	774
533	572
533	587
533	670
533	753
533	813
533	836
533	888
533	973
535	635
535	678
535	688
537	626
537	633
537	651
537	822
537	841
537	931
537	958
538	546
538	556
538	613
538	626
538	662
538	701
538	724
538	773
538	872
538	902
539	589
539	635
539	640
539	648
539	793
539	879
539	938
539	965
539	975
540	661
540	734
540	751
540	761
540	772
540	781
540	830
540	871
540	928
540	952
541	597
541	622
541	900
541	972
541	990
542	735
542	786
542	792
542	815
542	966
544	608
544	637
544	668
544	708
544	720
544	940
545	854
545	878
546	816
546	905
546	978
547	779
547	963
549	597
549	633
549	754
549	762
549	767
549	810
549	812
549	959
549	998
550	563
550	876
550	885
550	920
551	610
551	815
551	909
552	643
552	701
552	749
552	863
552	928
552	962
553	662
553	681
553	685
553	892
553	934
554	657
554	734
554	870
554	884
555	707
555	749
555	850
555	907
556	616
556	816
556	843
556	857
556	879
556	884
556	892
556	957
557	628
557	663
557	737
557	762
557	767
557	792
557	794
557	813
557	839
557	888
557	893
558	645
558	680
558	847
558	983
559	560
559	584
559	609
559	809
559	840
559	989
560	564
560	722
560	753
560	759
560	834
560	894
560	907
562	664
562	707
562	807
562	888
562	962
562	971
563	569
563	633
563	649
563	675
563	722
563	774
563	836
563	995
563	998
564	607
564	636
564	686
564	721
564	800
564	814
564	871
565	643
565	693
565	790
565	912
565	924
565	976
566	692
566	767
566	782
567	577
567	633
567	661
567	670
567	675
567	676
567	728
567	774
567	781
567	835
567	927
567	968
568	626
568	663
568	664
568	670
568	671
568	682
568	722
568	754
568	872
568	897
568	946
568	985
568	998
569	626
569	746
569	755
569	768
569	833
569	897
569	904
570	752
570	774
570	798
570	812
570	876
570	942
570	946
571	640
571	688
571	853
571	879
571	934
571	959
572	594
572	750
572	833
572	873
572	897
573	600
573	916
573	985
574	678
574	681
574	794
574	930
575	874
575	903
576	679
576	765
576	816
576	961
577	728
577	757
577	947
578	697
578	896
578	921
579	990
580	661
580	675
580	947
580	970
581	732
581	918
582	586
582	606
582	654
582	743
582	766
582	859
583	680
583	693
583	714
583	745
583	790
583	867
584	964
585	595
585	604
585	696
585	880
586	602
586	670
586	805
586	920
586	929
587	628
587	670
587	682
587	707
587	794
587	998
588	739
588	828
588	949
589	710
589	715
590	755
590	978
592	720
592	724
592	852
592	883
592	944
592	995
593	706
593	908
593	993
594	596
594	848
594	905
595	622
595	767
595	782
595	812
595	845
595	863
595	884
595	897
595	923
595	942
595	975
596	603
596	655
596	681
596	711
596	722
596	777
596	779
596	781
597	622
597	640
597	767
597	842
597	880
598	612
598	695
599	607
599	661
599	761
599	858
599	883
599	901
599	980
599	993
600	671
600	703
600	733
600	845
600	847
600	876
601	711
601	852
601	926
602	611
602	738
602	747
602	943
603	731
603	889
604	664
604	690
604	716
604	985
605	649
605	751
605	787
605	794
605	995
606	743
606	862
607	674
607	720
607	853
607	860
607	908
607	944
608	636
608	655
608	656
608	724
608	906
608	944
609	637
609	729
609	957
610	815
610	868
610	981
612	692
613	661
613	734
613	895
614	710
614	747
614	866
614	904
614	987
615	697
615	798
616	636
616	747
616	773
616	787
616	911
616	979
617	834
617	936
618	664
618	675
618	681
618	682
618	753
618	793
618	826
618	842
618	897
618	985
619	752
619	966
620	660
620	771
620	934
621	652
621	728
621	949
621	970
622	782
622	845
623	796
626	633
626	643
626	710
626	826
626	837
626	888
626	933
627	694
628	633
628	652
628	664
628	670
628	888
628	895
629	672
629	819
629	936
630	669
630	793
630	830
630	932
630	936
631	783
631	820
631	921
633	782
633	794
633	871
633	897
634	685
634	708
635	660
635	715
635	832
635	879
636	684
636	685
636	706
636	883
636	996
637	724
637	811
637	911
637	989
638	660
638	674
638	821
638	845
638	857
638	860
638	944
639	855
640	688
640	736
640	805
640	810
640	885
640	972
640	987
641	677
641	901
641	991
642	673
643	770
643	838
643	873
644	769
645	661
645	701
645	707
645	757
645	830
645	847
645	894
646	956
646	957
646	984
647	670
647	707
647	836
647	968
648	749
648	794
648	807
648	899
648	970
648	971
649	688
649	716
649	753
649	770
649	773
649	897
650	735
650	802
650	958
650	982
651	659
651	678
651	889
651	893
652	796
653	678
653	703
653	767
653	768
653	810
653	876
653	927
654	743
655	840
656	860
656	967
657	676
657	784
657	791
657	962
657	970
658	659
658	735
658	739
658	815
658	909
658	939
659	767
659	931
659	942
660	686
660	761
660	978
660	998
661	870
661	968
662	963
663	690
663	935
664	774
664	811
664	836
664	972
665	840
665	928
667	706
667	708
667	806
667	853
667	906
668	720
668	837
668	935
669	755
669	790
669	864
669	882
670	745
670	770
670	812
670	873
670	947
670	970
671	810
674	708
674	915
674	957
675	725
675	808
675	914
675	925
676	796
677	703
677	705
677	716
677	740
677	761
677	934
677	948
677	991
677	998
678	787
678	842
678	998
679	708
679	715
679	740
679	852
679	860
679	944
680	856
681	715
681	749
681	772
681	871
681	902
681	975
681	995
682	690
682	705
682	780
682	811
682	935
682	986
683	771
684	708
684	721
684	729
684	740
684	775
685	821
685	854
685	915
685	994
686	852
686	854
686	926
686	991
688	716
688	821
688	852
688	901
688	919
689	767
689	833
689	884
689	890
689	927
690	747
690	822
690	826
690	884
690	888
690	935
690	947
690	960
691	727
691	834
692	813
693	983
695	958
696	721
696	737
696	801
696	845
696	933
697	718
697	783
697	993
700	863
701	713
701	715
701	724
701	734
701	740
701	779
701	852
701	901
701	914
702	734
702	737
702	780
702	794
702	870
702	897
702	899
702	986
702	990
703	746
703	768
703	793
703	801
703	805
703	812
703	884
704	820
704	831
705	764
705	802
705	941
706	800
706	934
706	944
707	737
707	807
707	828
707	899
707	939
709	740
709	892
709	988
710	764
710	837
710	842
710	852
710	935
711	713
711	724
711	732
711	771
711	803
711	894
712	900
713	772
713	914
713	995
714	753
714	786
714	839
715	857
715	880
715	934
716	801
716	826
716	879
716	901
718	945
718	961
718	994
719	746
719	770
719	778
719	930
720	934
720	967
720	978
721	858
721	862
721	944
721	957
722	764
722	772
722	985
722	995
722	998
724	780
724	911
725	830
725	847
725	864
726	730
726	733
726	850
728	770
728	772
728	930
728	955
728	968
729	819
730	782
730	866
730	987
731	758
731	840
732	759
732	914
732	928
733	738
733	753
733	762
733	845
734	772
734	779
734	940
735	807
735	909
736	750
736	801
736	959
737	764
737	767
737	768
737	870
737	986
738	798
738	801
738	972
738	977
739	813
739	836
740	806
740	814
740	839
740	886
740	892
742	782
742	818
743	948
744	946
745	847
745	855
745	912
746	805
746	837
746	884
746	935
746	942
746	978
747	751
747	764
747	888
747	998
748	793
749	836
749	863
750	920
750	971
751	772
751	780
751	880
751	940
752	790
752	802
752	873
752	939
753	791
753	852
754	764
754	833
754	893
754	920
754	927
755	871
755	902
755	998
756	759
756	864
756	967
757	779
757	826
757	867
757	973
759	829
760	865
761	800
761	814
761	906
761	978
761	996
762	782
762	807
762	822
762	845
762	871
762	920
762	942
762	987
764	780
764	811
764	813
764	871
764	935
764	938
764	946
765	933
766	926
767	837
767	885
767	901
767	933
767	966
767	986
769	897
770	836
770	845
770	962
771	814
771	879
771	973
773	870
773	880
773	883
773	897
773	907
774	808
774	851
774	894
774	938
775	789
777	809
777	898
778	931
779	790
779	925
780	781
780	897
780	975
781	836
781	880
781	914
781	928
781	952
781	975
782	792
782	813
783	818
784	960
787	836
787	888
787	901
790	835
790	913
790	962
791	947
792	802
792	958
792	986
793	798
793	812
793	876
793	885
794	850
794	968
794	971
794	986
798	916
798	929
799	974
800	817
800	832
800	934
801	876
801	933
801	990
802	813
802	833
802	958
803	872
805	821
805	885
805	954
806	848
806	883
806	951
807	815
807	822
807	910
807	971
808	913
808	938
808	970
810	876
810	885
810	972
811	906
811	928
811	930
811	979
811	995
812	837
813	935
813	998
814	848
814	857
814	934
815	965
816	858
816	978
816	988
818	859
818	943
821	830
821	852
822	884
822	958
824	856
824	867
824	913
825	841
826	872
826	998
829	907
830	834
830	882
832	954
833	842
835	850
835	960
835	968
836	851
836	870
836	925
837	845
837	946
837	985
838	913
838	947
838	952
839	913
839	973
841	866
841	903
842	863
842	897
843	860
843	978
846	859
846	890
847	864
847	971
847	995
848	978
848	994
850	893
850	971
851	880
851	965
851	998
852	857
852	879
852	944
852	978
853	887
854	994
856	971
857	944
858	896
858	926
858	954
860	944
860	997
863	912
863	922
863	932
864	882
866	942
867	983
870	925
870	938
870	939
871	894
871	930
872	894
872	952
873	880
876	985
880	889
880	919
880	940
881	919
881	947
882	894
882	947
883	894
883	925
884	885
884	941
885	896
885	901
885	928
885	941
886	889
886	906
886	957
888	897
889	926
893	897
893	939
894	895
895	922
896	920
898	936
899	909
901	919
901	995
902	919
904	923
904	959
905	995
906	914
908	921
908	994
910	939
914	928
914	935
914	952
915	997
917	943
923	986
925	962
925	965
926	934
928	940
929	946
930	939
930	975
931	982
933	954
938	947
938	952
938	971
938	988
940	965
941	972
945	961
948	996
951	957
952	979
958	966
968	970
968	986
974	989
984	997
986	998
987	990
