0	178
0	183
0	191
0	262
0	361
0	381
0	401
0	426
0	496
0	543
0	599
0	622
0	664
0	689
0	704
0	773
0	870
0	931
0	972
1	130
1	207
1	671
1	757
1	801
3	58
3	158
3	248
3	271
3	337
3	380
3	391
3	529
3	536
3	717
3	900
4	27
4	234
4	726
4	841
4	891
5	52
5	103
5	140
5	191
5	224
5	277
5	480
5	585
5	595
5	627
5	705
5	879
5	890
5	897
5	990
6	77
6	125
6	885
6	909
6	928
7	65
7	195
7	213
7	258
7	372
7	446
7	489
7	683
7	692
7	945
7	956
8	52
8	122
8	139
8	151
8	175
8	203
8	224
8	342
8	366
8	387
8	469
8	480
8	503
8	524
8	537
8	565
8	592
8	772
8	846
8	860
8	877
8	879
9	52
9	154
9	161
9	175
9	199
9	253
9	255
9	363
9	382
9	469
9	557
9	630
9	717
9	754
9	763
9	839
9	925
9	949
10	57
10	212
10	225
10	262
10	334
10	342
10	427
10	461
10	465
10	498
10	533
10	538
10	604
10	652
10	661
10	685
10	823
10	839
10	923
10	988
11	115
11	203
11	207
11	410
11	515
11	600
11	659
11	701
11	887
12	33
12	40
12	149
12	152
12	251
12	488
12	540
12	679
12	736
12	868
13	32
13	68
13	106
13	145
13	158
13	175
13	345
13	359
13	425
13	943
13	990
14	997
15	137
15	173
15	286
15	303
15	318
15	460
15	574
15	591
15	799
15	814
15	853
16	76
16	169
16	219
16	283
16	356
16	461
16	503
16	575
16	636
16	710
16	761
16	762
16	763
16	774
16	892
16	919
16	937
17	250
17	303
17	640
17	678
17	819
18	109
18	261
18	280
18	346
18	462
18	635
18	750
18	807
18	840
18	881
19	65
19	104
19	188
19	299
19	391
19	434
19	439
19	458
19	520
19	521
19	557
19	565
19	574
19	635
19	661
19	781
19	856
19	886
19	892
19	902
19	941
19	961
20	27
20	92
20	217
20	680
20	838
20	953
20	986
21	28
21	199
21	205
21	245
21	366
21	380
21	454
21	507
21	539
21	574
21	581
21	619
21	704
21	740
21	872
21	933
21	950
23	257
23	287
23	948
24	451
25	63
25	85
25	112
25	166
25	261
25	346
25	379
25	561
25	617
25	664
25	711
25	765
25	800
26	67
26	217
26	269
26	308
26	454
26	465
26	586
26	625
26	648
26	665
26	696
26	707
26	791
26	859
26	939
26	985
26	994
27	44
27	179
27	221
27	281
27	322
27	586
27	589
27	616
27	947
28	62
28	166
28	374
28	421
28	549
28	591
28	656
28	728
28	738
28	938
28	965
29	211
29	428
29	449
29	517
29	523
29	527
29	530
29	662
29	692
29	735
29	772
29	797
29	825
29	828
29	925
29	969
30	194
30	335
30	503
30	751
30	756
30	911
31	93
31	181
31	425
31	545
31	645
32	64
32	187
32	342
32	350
32	515
32	547
32	899
33	66
33	127
33	147
33	308
33	345
33	375
33	427
33	430
33	636
33	648
33	712
33	794
33	832
33	878
34	65
34	162
34	341
34	361
34	662
34	714
34	885
34	971
35	137
35	185
35	221
35	278
35	356
35	592
35	607
35	635
35	670
35	988
36	431
36	577
36	583
36	822
37	174
37	278
37	441
37	461
37	510
37	574
37	601
37	633
37	647
37	657
37	661
37	809
37	962
37	978
38	755
38	806
39	109
39	170
39	858
39	885
39	889
40	132
40	240
40	427
40	479
40	488
40	519
40	791
40	916
40	983
40	986
41	112
41	136
41	152
41	279
41	360
41	420
41	426
41	438
41	556
41	658
41	665
41	808
41	818
41	935
41	967
42	233
42	321
42	481
42	553
42	634
43	65
43	81
43	90
43	115
43	154
43	195
43	217
43	442
43	595
43	709
43	809
43	904
43	925
43	945
44	143
44	210
44	370
44	444
44	477
44	513
44	746
44	814
44	881
44	903
44	915
45	176
45	287
45	457
45	675
45	705
46	51
46	81
46	101
46	104
46	120
46	154
46	396
46	461
46	523
46	527
46	528
46	547
46	587
46	652
46	708
46	772
46	782
46	828
46	832
46	937
46	956
46	964
47	203
47	213
47	310
47	387
47	435
47	547
47	555
47	627
47	730
47	763
47	877
47	994
48	167
48	215
48	448
48	813
48	827
48	934
49	289
49	322
49	436
49	548
49	736
49	743
49	934
50	81
50	87
50	122
50	124
50	200
50	245
50	262
50	266
50	400
50	410
50	461
50	509
50	513
50	521
50	544
50	622
50	623
50	641
50	657
50	697
50	743
50	836
50	844
50	865
50	955
51	127
51	156
51	206
51	238
51	310
51	342
51	456
51	537
51	715
51	791
51	894
51	982
52	142
52	145
52	149
52	217
52	255
52	293
52	461
52	517
52	537
52	692
52	709
52	774
52	788
52	865
52	877
52	946
52	990
53	341
53	382
53	606
53	702
54	254
54	600
54	991
55	101
55	162
55	263
55	352
55	527
55	579
55	648
55	794
55	838
55	857
55	874
55	933
55	977
56	140
56	624
56	637
56	846
56	971
57	66
57	101
57	133
57	161
57	278
57	352
57	398
57	456
57	519
57	528
57	619
57	636
57	639
57	673
57	825
57	867
57	872
57	932
57	979
58	123
58	224
58	255
58	316
58	428
58	461
58	487
58	531
58	661
58	717
58	788
58	811
58	842
58	899
58	910
59	125
59	341
59	908
59	917
60	129
60	150
60	168
60	415
60	426
60	576
60	651
60	675
60	966
61	629
62	491
62	682
63	163
63	165
63	302
63	333
63	346
63	353
63	434
63	525
63	563
63	610
63	743
63	822
63	965
63	976
64	81
64	164
64	284
64	437
64	456
64	519
64	528
64	544
64	592
64	599
64	904
64	939
64	978
65	354
65	432
65	501
65	575
65	610
65	649
65	690
65	705
65	708
65	917
65	924
65	931
66	317
66	395
66	479
66	494
66	571
67	206
67	375
67	398
67	530
67	555
67	647
67	677
67	695
67	753
67	763
67	772
67	828
67	836
67	913
67	962
67	996
68	130
68	310
68	359
68	659
68	681
68	876
68	943
68	996
69	185
69	275
69	320
69	336
69	420
69	711
69	938
70	251
70	378
70	444
70	498
70	538
70	603
70	613
70	707
70	791
70	832
70	872
70	954
71	108
71	208
71	210
71	236
71	328
71	360
71	571
71	589
71	640
71	688
71	748
72	308
72	338
72	352
72	488
72	550
72	587
72	641
72	688
72	794
72	977
73	139
73	144
73	155
73	195
73	294
73	305
73	354
73	487
73	489
73	496
73	509
73	543
73	581
73	582
73	663
73	668
73	719
73	761
73	781
73	782
73	865
73	896
74	88
74	107
74	111
74	193
74	268
74	408
75	975
76	156
76	363
76	395
76	555
76	715
76	790
76	869
77	139
77	140
77	508
77	580
77	582
77	676
77	690
77	768
78	80
78	236
78	284
78	331
78	333
78	447
78	474
78	476
78	551
78	745
78	799
78	816
78	915
79	231
79	400
79	571
79	841
80	112
80	156
80	172
80	173
80	182
80	356
80	389
80	618
80	894
80	903
80	947
81	147
81	251
81	318
81	427
81	453
81	469
81	630
81	641
81	665
81	679
81	696
81	763
81	870
81	900
81	933
83	741
84	185
84	312
84	491
84	598
84	723
84	740
84	776
85	129
85	346
85	415
85	522
85	577
85	620
85	653
85	656
85	771
85	782
85	840
86	162
86	189
86	202
86	432
86	453
86	480
86	572
86	662
86	671
86	865
86	910
86	925
86	931
87	140
87	154
87	155
87	161
87	183
87	332
87	361
87	557
87	592
87	599
87	610
87	633
87	662
87	663
87	695
87	698
87	771
87	781
87	782
87	808
87	870
87	892
87	976
88	855
89	277
89	503
89	639
89	718
89	783
89	897
89	956
90	139
90	203
90	213
90	354
90	480
90	534
90	572
90	657
90	717
90	772
90	842
90	945
91	102
91	371
91	403
91	417
91	468
91	486
91	576
91	676
91	691
91	708
91	742
91	809
91	831
91	918
91	948
91	951
92	159
92	180
92	241
92	452
92	891
93	423
93	735
93	887
93	981
94	165
94	179
94	221
94	236
94	243
94	279
94	322
94	461
94	628
94	630
94	688
94	859
94	967
95	253
95	299
95	370
95	379
95	489
95	551
95	557
95	574
95	633
95	655
95	670
95	711
95	759
95	817
95	941
95	954
96	287
96	693
96	708
97	175
97	545
97	757
97	890
99	343
99	346
99	386
99	432
99	603
99	610
99	705
99	710
99	815
99	942
100	502
101	106
101	147
101	161
101	212
101	243
101	317
101	469
101	470
101	524
101	579
101	604
101	672
101	745
101	932
101	962
101	985
101	994
102	109
102	139
102	311
102	401
102	417
102	468
102	478
102	496
102	541
102	582
102	689
102	905
102	936
102	970
103	145
103	216
103	314
103	372
103	380
103	387
103	425
103	470
103	547
103	560
103	823
104	151
104	161
104	195
104	278
104	308
104	530
104	538
104	545
104	707
104	770
105	205
105	249
105	274
105	344
105	346
105	490
105	491
105	525
105	649
105	663
105	676
105	700
105	720
105	822
105	852
105	872
105	982
106	258
106	445
106	536
106	551
106	582
106	627
106	735
106	770
106	797
106	919
106	925
107	324
107	395
107	443
108	180
108	214
108	298
108	360
108	548
108	616
108	688
108	779
108	954
109	126
109	472
109	486
109	525
109	605
109	644
109	649
109	663
109	668
109	861
109	877
109	900
109	904
109	910
109	936
109	937
109	968
110	155
110	219
110	326
110	354
110	382
110	468
110	520
110	522
110	561
110	654
110	670
110	689
110	800
110	852
110	865
110	905
110	922
110	968
111	151
111	350
111	397
111	718
111	767
111	974
112	152
112	263
112	280
112	360
112	447
112	513
112	533
112	542
112	617
112	626
112	697
112	779
112	814
112	838
112	859
112	878
113	517
113	537
113	620
113	650
113	735
113	773
113	945
114	614
114	629
114	810
115	239
115	283
115	547
115	684
115	995
116	505
116	674
117	362
117	497
118	146
118	165
118	265
118	293
118	409
118	415
118	623
118	693
118	704
118	759
118	897
118	918
118	961
118	965
118	982
119	764
119	816
120	226
120	334
120	487
120	510
120	527
120	537
120	668
120	763
120	857
120	867
120	937
120	946
120	960
120	964
120	988
121	375
121	469
121	672
121	696
121	869
121	894
121	913
121	956
122	162
122	183
122	316
122	354
122	365
122	446
122	475
122	509
122	511
122	582
122	595
122	610
122	662
122	788
122	809
122	864
122	878
122	897
122	945
122	989
123	125
123	126
123	271
123	489
123	517
123	526
123	624
123	637
123	733
123	747
123	823
123	861
123	889
123	895
123	999
124	219
124	229
124	247
124	269
124	275
124	318
124	332
124	344
124	353
124	517
124	520
124	523
124	575
124	619
124	633
124	657
124	772
124	773
124	776
124	792
124	809
124	897
124	978
125	191
125	343
125	785
126	478
126	508
126	690
126	882
126	885
127	133
127	142
127	206
127	233
127	248
127	441
127	449
127	456
127	464
127	537
127	692
127	767
127	803
127	877
128	207
128	671
128	703
129	178
129	183
129	227
129	245
129	326
129	622
129	691
129	852
129	944
130	423
130	443
130	596
132	203
132	278
132	310
132	540
132	672
132	707
132	994
133	158
133	225
133	338
133	384
133	398
133	449
133	456
133	469
133	529
133	652
133	741
133	794
133	867
133	876
133	900
133	996
133	997
135	727
136	146
136	188
136	275
136	322
136	479
136	635
136	845
136	901
136	915
136	955
137	161
137	201
137	312
137	363
137	617
137	745
137	779
137	878
137	998
138	167
138	418
138	512
138	568
139	280
139	332
139	373
139	382
139	599
139	747
139	823
139	825
139	895
139	960
139	990
140	174
140	306
140	316
140	382
140	499
140	643
140	667
140	781
140	796
140	890
140	895
140	899
141	206
141	242
141	297
141	321
141	779
142	145
142	310
142	342
142	366
142	465
142	524
142	647
142	696
142	748
142	772
142	774
142	791
142	803
142	832
142	833
142	931
142	962
143	146
143	179
143	243
143	308
143	424
143	805
143	812
143	859
143	983
143	986
144	151
144	175
144	219
144	337
144	343
144	365
144	372
144	386
144	392
144	428
144	754
144	783
144	844
144	895
144	931
144	970
145	151
145	255
145	392
145	692
145	894
145	992
146	262
146	264
146	331
146	389
146	396
146	607
146	712
146	743
146	746
146	782
146	873
146	898
147	201
147	392
147	444
147	530
147	585
147	630
147	647
147	661
147	673
147	680
147	741
147	796
147	868
147	901
147	937
148	440
148	591
149	278
149	303
149	308
149	384
149	389
149	587
149	668
149	673
149	707
149	916
149	957
150	174
150	205
150	261
150	368
150	379
150	403
150	421
150	682
150	765
150	808
151	314
151	323
151	329
151	408
151	703
151	721
151	788
151	869
151	909
152	164
152	214
152	220
152	303
152	347
152	378
152	427
152	430
152	540
152	753
152	779
152	803
152	978
153	511
153	777
153	924
154	183
154	266
154	443
154	513
154	597
154	762
154	774
154	833
154	897
154	946
154	949
155	183
155	226
155	247
155	257
155	269
155	361
155	368
155	453
155	522
155	577
155	654
155	747
155	754
155	762
155	766
155	815
155	928
156	375
156	679
156	778
157	395
157	408
157	884
158	272
158	314
158	470
158	474
158	828
158	962
158	969
159	240
159	335
159	351
159	616
159	628
159	847
159	849
160	508
160	706
160	821
160	851
161	201
161	226
161	320
161	335
161	344
161	365
161	392
161	458
161	507
161	528
161	538
161	551
161	594
161	626
161	665
161	678
161	679
161	712
161	937
162	199
162	219
162	316
162	337
162	382
162	441
162	478
162	509
162	510
162	563
162	664
162	754
162	796
162	825
162	842
162	873
162	897
162	946
163	269
163	441
163	490
163	509
163	704
163	773
163	800
163	902
163	917
163	961
163	968
163	972
164	286
164	352
164	454
164	460
164	630
164	673
164	743
164	778
164	859
164	868
164	881
165	176
165	368
165	482
165	486
165	525
165	603
165	617
165	618
165	635
165	759
165	761
165	866
165	927
165	951
166	209
166	292
166	357
166	462
166	490
166	566
166	822
166	982
167	324
167	494
168	305
168	315
168	893
169	227
169	235
169	358
169	487
169	575
169	581
169	657
169	667
169	691
169	761
169	807
169	839
169	913
169	994
170	283
170	887
170	958
170	987
171	189
171	202
171	239
171	283
171	643
171	722
171	882
172	247
172	261
172	320
172	353
172	386
172	412
172	415
172	486
172	509
172	574
172	661
172	662
172	825
172	922
172	965
173	234
173	452
173	647
173	658
173	832
173	859
173	911
174	235
174	346
174	352
174	365
174	456
174	461
174	465
174	510
174	521
174	528
174	533
174	542
174	630
174	683
174	695
174	808
174	833
174	932
174	956
174	964
175	276
175	381
175	442
175	455
175	515
175	530
175	539
175	595
175	712
175	718
175	741
175	773
175	783
175	788
175	796
175	828
175	844
175	946
176	293
176	391
176	426
176	439
176	491
176	539
176	574
176	577
176	808
176	870
176	872
176	901
176	922
176	970
178	247
178	274
178	379
178	401
178	605
178	942
178	982
179	281
179	298
179	325
179	481
179	500
179	589
179	726
180	210
180	221
180	477
180	776
181	992
182	210
182	231
182	250
182	253
182	279
182	356
182	776
182	870
183	269
183	290
183	381
183	432
183	496
183	520
183	633
183	782
183	815
183	945
183	951
183	968
183	989
184	826
184	961
185	234
185	247
185	282
185	319
185	351
185	391
185	438
185	447
185	535
185	646
185	670
185	738
185	950
185	955
185	961
186	201
186	351
186	388
186	566
186	642
186	786
187	276
187	494
187	559
187	621
187	647
187	876
187	939
187	949
188	244
188	322
188	351
188	482
188	563
188	711
188	745
188	798
188	824
188	903
188	915
188	927
188	950
189	239
189	445
190	305
190	341
190	343
190	417
190	582
190	662
190	668
190	709
190	774
190	870
190	902
190	919
191	337
191	361
191	373
191	475
191	529
191	606
191	742
191	809
191	831
191	844
191	968
192	313
192	477
192	716
193	291
193	555
194	264
194	438
194	450
194	640
194	646
194	834
195	217
195	224
195	255
195	258
195	372
195	430
195	480
195	597
195	627
195	664
195	709
195	735
195	770
195	788
195	792
195	842
195	857
195	925
195	946
195	960
196	407
196	408
197	440
197	447
197	640
197	655
197	779
197	820
197	930
197	955
198	257
198	274
198	576
198	675
198	682
198	773
198	800
198	842
198	863
199	280
199	305
199	334
199	441
199	480
199	527
199	538
199	668
199	739
199	743
199	836
199	860
199	870
199	897
199	904
200	201
200	257
200	264
200	306
200	460
200	535
200	563
200	603
200	655
200	720
200	815
200	873
200	983
200	989
201	278
201	325
201	335
201	391
201	476
201	482
201	487
201	544
201	567
201	720
201	803
201	891
201	923
202	271
202	354
202	809
202	890
202	908
203	211
203	224
203	365
203	430
203	547
203	611
203	877
203	943
203	974
204	266
204	303
204	305
204	416
204	465
204	551
204	594
204	619
204	626
204	712
204	771
204	896
204	901
204	903
204	904
204	923
204	933
204	937
205	693
205	750
206	297
206	519
206	579
206	636
206	791
206	813
206	867
207	230
207	254
207	596
208	281
208	360
208	389
208	437
208	471
208	540
208	616
208	680
208	778
209	296
209	898
210	220
210	299
210	335
210	390
210	452
210	500
210	540
210	590
210	716
210	736
211	310
211	359
211	375
211	425
211	456
211	464
211	619
211	735
211	795
211	857
211	962
212	272
212	363
212	444
212	465
212	530
212	559
212	585
212	594
212	677
212	932
212	996
213	217
213	470
213	503
213	641
213	775
213	783
213	861
213	960
214	335
214	800
214	954
215	934
216	397
216	795
216	879
216	929
217	341
217	396
217	474
217	595
217	599
217	661
217	823
217	860
217	910
217	922
217	931
218	518
218	882
218	895
219	337
219	416
219	430
219	441
219	517
219	627
219	761
219	772
219	919
219	928
219	960
220	251
220	307
220	308
220	322
220	426
220	524
220	544
220	617
220	915
220	923
220	954
220	976
220	983
221	263
221	298
221	399
221	533
221	542
221	556
221	778
221	859
221	868
221	915
221	957
222	359
222	554
222	788
222	880
222	992
223	451
223	522
223	608
224	392
224	411
224	432
224	480
224	506
224	547
224	742
224	767
224	781
224	867
224	960
225	314
225	470
225	515
225	536
225	609
225	770
225	943
226	266
226	378
226	465
226	474
226	557
226	565
226	594
226	617
226	623
226	679
226	712
226	803
226	832
226	878
226	950
226	964
227	541
227	766
229	321
229	435
229	536
229	639
229	707
229	792
230	644
230	757
230	784
231	250
231	640
232	319
232	379
232	598
232	654
233	272
233	305
233	410
233	519
233	636
233	707
233	715
233	735
233	746
233	772
233	795
233	923
233	979
234	402
234	726
234	856
234	903
234	953
234	973
235	251
235	273
235	352
235	444
235	452
235	625
235	626
235	647
235	673
235	779
235	805
235	814
235	947
235	951
235	964
236	250
236	281
236	336
236	356
236	438
236	450
236	452
236	473
236	711
236	756
236	786
236	849
236	891
236	967
237	336
237	732
237	760
238	390
238	454
238	586
238	597
238	730
238	847
238	914
238	979
238	985
239	277
239	425
239	511
239	889
240	260
240	289
240	347
240	477
240	488
240	519
240	586
240	589
240	685
240	707
241	297
241	427
241	479
241	553
241	586
241	805
241	812
242	317
242	488
242	586
242	589
242	813
243	276
243	352
243	398
243	543
243	556
243	621
243	625
243	791
243	868
243	914
244	440
244	462
244	830
245	302
245	343
245	525
245	603
245	610
245	720
245	759
245	762
245	771
245	898
245	966
245	976
245	999
246	260
246	322
246	678
247	486
247	487
247	605
247	655
247	966
248	338
248	410
248	495
248	624
248	763
248	797
248	851
248	910
248	990
249	257
249	353
249	357
249	551
249	682
249	856
249	864
249	968
250	399
250	634
250	686
251	503
251	510
251	524
251	545
251	579
251	594
251	696
251	772
251	867
251	906
251	913
251	964
253	273
253	278
253	320
253	482
253	533
253	626
253	853
253	881
253	914
253	969
253	988
254	267
254	554
254	671
254	848
254	890
255	369
255	423
255	503
255	609
255	650
255	705
256	291
256	355
257	265
257	318
257	426
257	582
257	605
257	759
257	942
257	966
258	305
258	363
258	515
258	597
258	797
258	803
258	811
258	842
258	878
258	960
259	462
259	646
259	727
259	940
260	481
260	665
261	274
261	386
261	490
261	525
261	605
261	689
261	759
261	815
261	898
261	905
262	331
262	337
262	344
262	458
262	460
262	507
262	513
262	542
262	592
262	626
262	741
262	743
262	779
262	808
262	833
263	281
263	447
263	454
263	533
263	550
263	913
263	914
263	983
263	985
263	988
264	574
264	745
264	978
264	982
265	296
265	379
265	539
265	761
265	800
266	278
266	282
266	318
266	320
266	344
266	358
266	390
266	450
266	458
266	575
266	592
266	668
266	842
266	870
266	878
266	890
266	919
266	976
267	644
267	887
269	280
269	294
269	373
269	381
269	657
269	661
269	667
269	865
269	873
269	892
269	897
269	945
269	972
270	688
270	699
271	422
271	495
271	624
271	860
271	919
271	971
272	465
272	503
272	509
272	510
272	763
272	796
272	811
272	867
272	879
272	894
273	356
273	507
273	633
273	814
273	868
273	915
273	939
274	421
274	504
274	561
274	577
274	623
274	766
274	807
275	444
275	498
275	625
275	778
275	808
275	954
276	280
276	334
276	366
276	528
276	542
276	604
276	679
276	876
276	939
277	340
277	380
277	455
277	503
277	534
277	560
277	600
277	848
277	900
277	969
277	999
278	519
278	604
278	626
278	647
278	661
278	670
278	792
278	878
278	923
279	284
279	322
279	370
279	533
279	566
279	581
279	601
279	700
279	746
279	791
279	820
279	833
279	892
279	927
279	941
280	290
280	303
280	351
280	358
280	489
280	520
280	585
280	595
280	657
280	667
280	696
280	721
280	739
280	762
280	770
280	774
280	872
280	896
280	918
280	939
281	302
281	331
281	335
281	389
281	556
281	607
281	749
281	988
282	293
282	296
282	374
282	433
282	434
282	491
282	605
282	682
282	700
282	704
282	866
282	873
282	938
282	998
283	516
283	534
283	650
283	690
284	365
284	385
284	409
284	476
284	520
284	535
284	537
284	539
284	557
284	592
284	872
284	878
284	901
284	939
284	941
284	961
285	317
285	677
286	308
286	514
286	625
286	674
286	704
286	718
286	748
286	867
286	950
287	311
287	432
287	768
289	328
289	347
289	500
289	571
289	586
290	403
290	475
290	487
290	517
290	575
290	705
290	766
290	860
290	864
290	904
292	450
292	623
292	640
292	653
293	484
293	603
293	800
293	831
293	928
294	432
294	486
294	529
294	597
294	650
294	739
294	762
294	771
294	774
294	781
294	836
294	870
294	877
294	902
294	922
294	931
294	949
296	414
296	421
296	520
296	598
296	773
296	798
296	866
297	347
297	548
297	569
297	625
297	707
297	716
298	325
298	741
298	748
298	838
298	853
298	872
299	333
299	346
299	386
299	426
299	574
299	577
299	710
299	720
299	759
301	675
302	386
302	543
302	603
302	654
302	759
302	771
302	811
302	938
303	356
303	389
303	458
303	476
303	481
303	498
303	538
303	556
303	589
303	699
303	798
303	903
303	915
303	957
305	357
305	365
305	478
305	529
305	541
305	604
305	709
305	773
305	779
305	815
305	844
305	897
305	922
306	332
306	361
306	386
306	493
306	525
306	563
306	603
306	718
306	771
306	773
306	779
306	860
306	968
306	972
307	378
307	557
307	639
307	779
307	814
307	916
308	352
308	359
308	519
308	590
308	625
308	652
308	664
308	685
308	853
308	983
310	398
310	721
310	803
310	894
311	432
311	944
312	491
312	601
312	727
312	820
312	935
312	993
313	322
313	816
313	849
314	470
314	770
314	783
314	857
314	897
314	943
315	649
315	863
316	343
316	358
316	489
316	787
316	815
316	865
316	895
317	334
317	347
317	479
317	673
317	792
317	847
317	874
317	985
318	344
318	360
318	368
318	476
318	490
318	592
318	610
318	695
318	774
318	941
318	966
319	482
319	535
319	623
319	727
319	765
319	807
319	822
319	859
319	875
319	998
320	332
320	544
320	601
320	807
320	873
321	555
321	645
321	721
321	795
321	827
322	360
322	540
322	550
322	688
322	808
322	814
322	859
322	914
322	967
323	398
323	424
323	435
323	555
323	604
323	869
324	459
324	685
325	335
325	408
325	756
325	853
325	953
325	976
326	353
326	576
326	577
326	593
326	610
326	682
326	905
327	520
327	521
327	541
327	603
327	651
327	682
327	766
327	804
327	904
327	928
327	942
328	485
328	548
328	623
328	678
328	853
328	886
329	659
329	767
331	469
331	519
331	556
331	601
331	623
331	682
331	743
331	903
331	937
331	967
332	342
332	381
332	417
332	486
332	525
332	557
332	623
332	633
332	667
332	695
332	759
332	800
332	807
332	861
332	896
333	493
333	656
333	667
333	781
333	800
333	901
333	935
334	390
334	528
334	540
334	665
334	679
334	775
334	803
334	913
334	919
334	979
335	446
335	477
335	791
335	824
335	868
335	872
335	903
335	913
335	915
336	388
336	440
337	382
337	430
337	506
337	624
337	781
337	844
337	860
337	865
337	960
337	999
338	350
338	355
338	590
338	652
338	794
338	914
338	977
339	501
339	703
339	733
340	443
340	531
340	545
340	627
340	880
340	991
340	992
341	461
341	468
341	560
341	705
342	392
342	430
342	443
342	449
342	455
342	456
342	509
342	524
342	542
342	597
342	718
342	733
342	772
342	788
342	803
342	809
342	823
342	865
342	894
342	956
343	381
343	386
343	428
343	475
343	541
343	717
343	844
343	865
343	902
343	904
343	909
343	972
344	465
344	482
344	533
344	561
344	623
344	673
344	800
344	979
345	685
345	721
346	603
346	656
346	759
346	905
346	982
346	989
347	456
347	812
349	414
349	462
349	605
349	653
349	693
350	389
350	444
350	523
350	555
350	672
350	696
350	794
350	832
350	867
350	868
351	413
351	507
351	720
351	820
351	824
351	845
352	619
352	665
352	868
353	403
353	711
353	800
353	840
353	864
353	965
353	982
354	358
354	497
354	649
354	690
354	742
354	747
354	762
354	924
354	970
355	436
356	513
356	574
356	594
356	798
356	799
356	872
356	914
356	980
357	400
357	525
357	564
357	566
357	670
358	380
358	432
358	475
358	536
358	739
358	782
358	931
359	659
359	900
360	402
360	498
360	566
360	820
360	881
360	886
360	903
360	951
361	373
361	386
361	391
361	496
361	542
361	599
361	654
361	700
361	739
361	872
361	936
361	942
361	954
361	970
362	457
363	390
363	392
363	461
363	510
363	524
363	636
363	641
363	763
363	792
363	876
363	906
363	964
364	676
365	416
365	439
365	461
365	465
365	487
365	510
365	528
365	613
365	645
365	657
365	695
365	788
365	933
365	939
365	943
365	951
365	998
366	390
366	430
366	599
366	650
366	695
366	772
366	857
366	870
366	946
366	954
366	990
368	412
368	426
368	605
368	656
368	856
368	864
368	933
368	961
369	442
369	480
369	596
370	426
370	447
370	513
370	658
370	726
370	776
370	791
370	799
370	856
370	927
371	472
371	475
371	484
371	557
371	831
371	895
372	442
372	534
372	692
372	701
372	717
372	848
372	981
372	995
373	446
373	478
373	496
373	581
373	624
373	708
373	922
374	413
374	491
374	535
374	583
374	697
374	740
374	751
374	866
374	938
375	435
375	456
375	503
375	538
375	619
375	794
375	813
375	956
376	830
378	538
378	575
378	579
378	587
378	658
378	672
378	673
378	712
378	872
378	881
378	914
378	915
378	932
379	391
379	561
379	700
379	759
379	820
379	866
380	531
380	609
380	705
380	709
380	735
380	775
380	865
380	995
381	489
381	493
381	496
381	563
381	599
381	626
381	633
381	641
381	663
381	704
381	742
381	773
381	782
381	892
382	574
382	575
382	581
382	599
382	668
382	735
382	788
382	839
382	865
382	897
382	956
383	720
383	989
384	648
384	680
385	460
385	476
385	503
385	528
385	537
385	556
385	604
385	607
385	617
385	623
385	712
385	746
385	763
385	877
385	878
385	913
385	914
385	915
386	434
386	622
386	779
386	872
386	902
387	515
387	627
387	645
387	867
387	876
387	906
387	999
388	402
388	549
388	618
388	694
388	749
388	824
388	903
388	930
389	460
389	481
389	607
389	613
389	630
389	635
389	648
389	776
389	778
389	985
390	409
390	510
390	533
390	536
390	594
390	673
390	683
390	712
390	741
390	939
390	979
390	994
391	403
391	409
391	422
391	517
391	541
391	633
391	739
391	762
391	804
391	864
391	972
391	998
392	425
392	446
392	627
392	645
392	721
392	735
392	860
392	867
392	945
392	949
392	969
392	990
393	843
393	975
394	531
394	600
394	784
394	992
395	488
395	685
396	415
396	428
396	461
396	489
396	585
396	662
396	683
396	705
396	710
396	715
396	781
396	788
396	800
396	842
396	860
396	865
397	712
398	527
398	625
398	683
399	628
399	752
400	462
400	646
400	711
400	898
400	927
400	955
400	989
401	417
401	720
401	734
401	924
402	412
402	535
402	567
402	592
402	614
402	711
402	739
402	961
403	468
403	577
403	766
403	972
405	890
406	974
407	721
408	946
409	426
409	474
409	507
409	520
409	537
409	543
409	619
409	620
409	630
409	645
409	657
409	667
409	761
409	763
409	796
409	864
409	867
409	891
409	970
409	976
410	464
410	639
410	662
410	857
410	916
410	991
411	541
411	595
411	599
411	677
411	825
411	844
412	513
412	544
412	950
413	490
413	605
413	719
413	738
413	740
413	800
413	938
414	491
414	898
414	907
415	447
415	497
415	577
415	653
415	815
415	831
416	480
416	510
416	528
416	530
416	597
416	709
416	750
416	781
416	783
416	809
416	876
417	422
417	432
417	823
417	836
417	931
417	936
419	631
420	440
420	447
420	454
420	561
420	634
420	807
420	824
420	891
421	490
421	491
421	653
421	750
421	852
421	961
422	506
422	541
422	593
422	768
422	931
422	945
423	445
423	511
423	981
424	530
424	587
424	795
424	832
424	867
424	949
424	977
425	836
426	474
426	656
426	831
426	856
426	965
426	972
426	980
427	436
427	498
427	680
427	916
428	474
428	489
428	515
428	520
428	698
428	709
428	717
428	754
428	774
428	809
428	844
428	865
428	904
428	933
428	946
428	960
428	998
429	580
429	606
429	620
429	649
429	722
429	787
429	861
429	924
430	565
430	811
430	894
430	922
430	943
430	956
431	504
431	965
432	475
432	654
432	691
432	904
432	924
432	936
432	970
433	575
433	633
433	657
433	664
433	668
433	705
433	761
433	811
433	892
433	896
433	897
433	915
434	490
434	507
434	622
434	630
434	635
434	800
434	941
434	950
434	968
434	998
435	559
435	639
435	647
435	721
435	730
435	795
435	869
436	559
436	571
436	688
436	748
436	778
437	481
437	571
437	763
437	977
437	985
437	986
438	491
438	642
438	819
438	915
438	967
439	474
439	478
439	557
439	603
439	667
439	776
439	865
439	870
439	933
439	937
440	566
440	807
440	820
441	510
441	537
441	541
441	585
441	645
441	657
441	664
441	773
441	787
441	796
441	976
442	443
442	880
442	894
443	797
443	890
444	474
444	510
444	648
444	664
444	763
444	903
445	495
445	501
445	526
445	684
445	690
445	858
445	981
446	511
446	595
446	596
446	627
446	848
446	917
446	990
447	556
447	764
447	845
447	930
448	827
449	517
449	565
449	664
449	692
449	783
449	792
449	828
449	899
449	925
450	578
450	973
451	729
452	471
452	678
452	749
453	722
453	865
454	460
454	528
454	582
454	594
454	604
454	623
454	626
454	630
454	641
454	712
454	779
454	964
454	966
454	986
455	487
455	565
455	582
455	718
455	747
455	797
455	828
455	858
455	999
456	661
456	679
456	832
456	906
456	996
457	924
458	466
458	533
458	604
458	626
458	697
458	712
458	779
458	914
458	939
459	731
459	934
460	539
460	743
460	778
460	805
460	881
460	923
460	941
460	945
461	585
461	617
461	645
461	664
461	668
461	754
461	763
461	815
461	833
461	897
461	933
461	978
462	598
462	697
463	871
464	536
464	611
464	639
464	767
464	925
464	974
465	510
465	599
465	613
465	641
465	774
465	803
465	870
465	906
467	549
467	786
467	993
469	474
469	480
469	554
469	594
469	668
469	741
469	828
469	833
469	923
469	931
469	933
469	964
469	978
470	536
470	611
470	650
470	672
470	869
470	943
470	996
471	587
471	640
472	475
472	572
472	620
472	896
472	922
474	604
474	692
474	811
474	815
474	823
474	836
474	861
474	902
474	937
474	946
474	960
474	978
474	982
475	489
475	563
475	603
475	768
476	589
476	592
476	709
476	751
476	838
476	873
476	881
476	915
476	941
476	964
477	678
477	726
477	927
478	489
478	581
478	644
479	550
479	590
479	692
479	790
479	932
480	503
480	515
480	565
480	572
480	627
480	645
480	873
480	895
480	929
480	949
480	960
480	962
481	550
482	551
482	745
482	746
482	817
482	913
483	752
483	871
484	486
484	620
484	633
484	649
484	691
484	822
484	928
485	553
486	580
486	708
486	788
486	895
486	909
487	527
487	585
487	595
487	613
487	630
487	633
487	657
487	661
487	662
487	667
487	668
487	695
487	809
487	892
487	951
488	590
489	509
489	543
489	575
489	599
489	679
489	739
489	774
489	836
489	897
489	922
489	936
489	945
489	970
489	978
489	994
490	520
490	653
490	700
490	822
490	976
491	502
491	686
491	697
491	759
493	497
493	574
493	620
493	622
493	712
493	759
493	904
493	931
493	968
493	972
493	982
494	962
495	531
495	554
495	698
495	747
495	981
496	613
496	700
496	709
496	773
496	781
496	823
496	828
496	864
496	877
496	917
497	506
497	523
497	557
497	572
497	667
497	704
497	708
497	742
497	762
497	807
497	970
498	536
498	587
498	623
498	779
498	856
498	964
499	643
499	858
499	879
499	880
499	945
500	586
500	634
500	829
500	847
502	719
502	907
502	940
503	538
503	554
503	630
503	781
503	897
505	586
506	606
506	661
506	809
506	828
506	945
507	574
507	617
507	623
507	626
507	667
507	762
507	833
507	864
507	878
508	588
508	606
508	643
508	885
509	531
509	538
509	575
509	610
509	668
509	771
509	796
509	949
510	539
510	565
510	611
510	692
510	832
510	842
510	873
510	946
510	969
510	978
510	988
511	620
511	666
511	837
513	544
513	557
513	626
513	641
513	686
513	743
513	779
513	814
513	856
513	873
513	878
513	950
513	951
513	954
514	548
514	565
514	847
515	536
515	668
515	767
516	580
516	714
516	958
517	523
517	527
517	650
517	698
517	754
517	844
517	848
517	897
517	899
517	904
519	550
519	590
519	626
519	874
519	886
519	994
520	603
520	641
520	661
520	667
520	670
520	741
520	762
520	808
520	839
520	965
520	976
520	988
521	741
521	919
521	972
522	863
523	844
523	945
523	981
524	530
524	534
524	597
524	604
524	636
524	645
524	683
524	735
524	770
524	929
524	937
524	985
525	563
525	610
525	759
525	800
525	972
525	980
526	545
526	606
526	690
526	717
526	890
526	943
526	987
527	610
527	763
527	783
527	842
527	994
528	604
528	710
528	712
528	763
528	776
528	839
528	913
528	939
529	531
529	692
529	735
529	783
529	823
529	860
529	890
529	946
529	969
529	990
530	715
530	770
530	939
530	962
530	996
531	650
531	666
531	684
531	733
531	929
533	804
533	813
533	833
533	903
533	941
533	998
534	536
534	547
534	595
534	644
534	718
534	864
534	876
534	877
534	929
535	601
535	983
535	998
536	828
536	867
536	906
536	969
537	609
537	633
537	648
537	709
537	783
537	995
538	550
538	557
538	641
538	763
538	783
538	825
538	833
538	867
538	873
538	946
539	551
539	617
539	712
539	839
539	876
539	946
540	579
540	592
540	625
540	647
540	679
541	620
541	668
541	831
541	918
541	939
542	607
542	623
542	677
542	683
542	860
542	906
542	947
542	988
542	994
543	633
543	661
543	766
543	771
543	773
543	922
543	972
543	976
544	623
544	933
544	941
545	919
545	926
545	949
547	551
547	900
547	906
547	925
547	926
547	990
548	680
549	566
549	574
549	618
549	726
549	964
549	973
550	685
550	790
550	932
551	557
551	607
551	647
551	709
551	771
551	811
551	818
551	833
551	878
551	901
551	977
554	757
554	775
555	639
555	672
555	753
555	795
555	827
556	592
556	665
556	678
556	967
557	561
557	585
557	720
557	872
557	886
557	910
557	915
557	951
557	976
558	835
559	696
559	879
560	945
560	981
560	990
560	995
561	617
561	658
561	667
561	954
561	998
563	574
563	603
563	635
563	670
563	712
563	856
563	927
563	961
563	966
563	968
563	988
564	566
564	891
565	585
565	597
565	641
565	652
565	664
565	673
565	741
565	792
565	839
565	869
566	646
566	694
566	711
566	820
566	950
566	993
567	655
567	866
567	935
567	972
569	790
571	604
571	634
571	636
571	685
571	847
571	869
571	923
571	932
572	606
572	797
572	945
574	603
574	610
574	822
574	866
574	918
574	972
574	976
575	661
575	695
575	833
575	870
575	949
575	951
575	960
576	577
576	633
576	928
577	873
578	810
579	597
579	673
579	698
579	839
579	870
579	915
579	939
579	956
580	877
581	595
581	606
581	710
581	754
581	825
581	943
582	698
582	742
582	762
582	861
582	865
583	719
583	789
583	940
584	716
584	849
585	599
585	620
585	661
585	717
585	839
586	680
586	794
586	913
587	613
587	625
587	672
587	778
587	916
589	809
589	903
590	748
590	792
590	794
590	847
590	913
591	618
591	740
591	765
591	817
591	830
591	965
592	746
592	856
592	905
592	906
593	608
593	689
593	787
594	604
594	636
594	647
594	661
594	870
594	913
594	933
595	666
595	877
595	910
595	931
596	775
597	617
597	626
597	630
597	956
597	965
597	983
598	656
598	694
598	697
598	727
598	798
598	921
599	667
599	673
599	683
599	695
599	709
599	754
599	761
599	870
599	872
599	964
600	837
601	694
601	737
603	622
603	657
603	663
603	667
603	739
603	745
603	759
603	761
603	839
603	891
603	892
603	931
603	951
604	707
604	712
604	796
604	876
605	610
605	653
605	872
605	893
605	955
605	965
606	662
606	717
606	842
606	865
606	943
607	670
607	776
607	779
607	807
607	808
607	856
607	870
607	933
608	708
608	852
609	611
609	739
610	677
610	762
610	796
610	856
610	870
610	922
610	982
611	659
611	703
611	783
611	929
611	943
611	995
613	710
613	730
613	978
613	994
614	737
614	930
616	778
616	805
616	986
617	763
617	776
617	833
617	901
617	938
617	950
617	951
618	646
619	683
619	741
619	745
619	772
619	832
619	856
619	878
619	913
619	914
619	979
620	635
620	662
620	689
620	691
620	863
620	942
620	966
620	968
620	970
621	650
621	652
621	677
621	707
621	832
622	654
622	663
622	691
622	762
622	902
622	956
623	743
623	808
623	873
623	891
623	954
623	976
623	988
624	690
624	722
624	811
624	926
625	673
625	774
625	791
625	923
625	939
625	977
626	779
626	941
626	970
627	733
627	774
627	828
627	899
627	900
627	956
628	818
629	907
630	833
630	842
630	978
630	979
632	684
632	801
633	649
633	698
633	804
633	842
633	860
633	968
634	678
634	745
635	700
635	771
635	872
635	915
635	927
635	961
636	774
636	832
636	913
636	923
636	985
636	990
637	690
637	714
637	880
637	908
637	981
639	647
639	672
639	730
639	770
639	827
639	857
639	969
640	686
640	688
640	799
640	830
640	967
641	657
641	672
641	695
641	763
641	772
641	933
641	937
642	903
642	973
643	705
643	735
643	747
643	860
643	865
643	895
644	690
644	705
644	900
645	661
645	761
645	796
645	861
645	896
645	937
646	737
646	820
647	648
647	979
648	679
648	805
648	977
648	983
648	986
649	742
649	831
649	865
649	904
649	942
650	865
650	895
650	979
651	693
651	768
651	862
652	672
652	770
652	869
653	682
653	697
653	804
653	938
654	720
654	759
654	918
654	982
654	989
655	740
655	873
655	878
655	955
656	697
656	711
656	720
656	759
656	765
656	955
656	965
657	710
657	782
657	872
657	896
657	902
658	746
658	798
658	898
658	967
661	762
661	763
661	804
661	811
661	897
661	899
661	937
661	957
662	691
662	865
662	880
662	894
662	928
662	945
663	704
663	781
663	815
663	833
663	970
664	668
664	679
664	754
664	796
664	946
664	976
664	978
665	730
665	803
665	954
665	977
666	733
666	767
666	837
666	869
666	880
667	781
667	856
667	928
667	946
667	951
667	956
668	695
668	698
668	704
668	772
668	776
668	809
668	902
668	906
668	926
669	948
670	759
670	872
670	886
670	941
670	950
671	681
672	677
672	977
672	979
673	878
673	923
673	969
673	979
674	731
675	966
676	852
677	696
677	767
677	796
677	811
677	828
677	867
677	873
677	932
677	979
678	790
678	859
679	707
679	774
679	803
679	913
679	939
680	790
681	974
681	997
682	720
682	822
682	966
683	695
683	710
683	803
683	811
683	899
683	949
684	882
684	890
685	776
685	855
685	874
685	934
686	756
686	935
686	967
688	756
689	905
689	918
690	837
690	846
690	851
690	864
690	889
691	693
691	918
692	710
692	730
692	792
692	823
692	879
692	900
692	943
692	956
693	766
694	711
694	993
695	698
695	742
695	815
695	878
695	897
695	902
695	925
695	931
695	990
696	763
696	803
696	906
696	951
696	968
696	969
696	994
697	720
697	820
697	822
697	840
697	976
698	774
698	860
700	759
700	774
700	807
704	762
704	809
704	823
704	839
704	864
704	922
705	733
705	844
705	895
705	970
707	730
707	803
707	827
707	867
707	876
707	986
708	733
708	768
708	773
708	787
708	815
708	904
708	931
708	970
709	739
709	772
709	781
709	842
709	844
709	896
709	976
710	762
710	774
710	870
710	878
710	895
710	896
710	897
710	937
710	946
710	956
710	978
711	918
711	927
711	955
711	979
712	739
712	741
712	745
712	926
712	939
712	950
712	976
714	837
714	887
715	753
715	795
717	823
717	861
717	924
717	946
717	949
717	976
719	727
720	750
721	874
722	768
722	908
722	909
722	971
725	991
726	973
727	940
733	926
733	943
735	844
735	860
735	926
736	881
736	979
737	751
737	810
737	967
739	761
739	781
740	765
740	898
740	935
740	980
741	782
741	799
741	872
741	873
741	914
741	972
742	788
742	836
742	839
742	904
743	745
743	856
743	950
745	799
745	983
745	994
746	868
746	881
746	891
747	823
747	909
748	778
748	814
749	756
749	881
749	953
750	898
751	820
751	891
751	993
752	780
753	794
754	774
754	781
754	825
754	842
754	861
754	899
754	904
754	949
756	824
756	881
756	891
756	913
759	782
759	840
759	877
759	982
760	993
761	782
761	815
761	823
761	873
762	781
762	804
762	808
762	860
763	832
763	923
763	939
763	960
765	830
765	902
766	840
767	796
767	828
767	869
767	895
768	787
768	909
768	928
768	970
770	783
770	860
770	869
770	876
770	996
771	815
772	797
772	894
772	914
773	896
773	902
773	904
773	941
773	976
774	860
774	864
774	919
774	944
774	965
776	815
776	873
776	927
776	962
776	988
778	915
778	985
779	864
779	901
779	979
779	988
781	815
781	842
781	851
781	860
781	864
781	904
781	922
781	946
782	804
782	864
782	895
782	942
782	951
783	899
783	916
783	945
783	969
783	978
785	885
785	889
785	917
787	942
788	809
788	937
788	949
791	843
791	947
792	828
792	839
792	939
792	956
792	979
792	996
794	795
794	808
794	855
795	867
795	925
795	943
796	842
796	976
797	990
798	898
800	982
803	867
803	914
804	864
804	902
804	931
805	923
806	888
808	870
808	872
808	941
809	844
809	877
809	897
809	919
809	946
809	972
810	817
810	830
810	938
811	915
813	855
813	859
814	901
815	886
815	922
815	951
819	881
820	938
821	852
822	840
822	938
822	965
823	825
823	839
823	890
823	894
823	919
823	929
823	945
824	891
825	879
827	900
828	860
828	894
830	961
831	844
831	936
832	869
832	923
832	932
833	916
833	939
833	956
833	960
833	976
834	871
836	861
836	900
836	925
837	963
837	971
839	896
840	845
840	965
840	989
842	844
842	886
842	897
842	946
842	951
842	962
843	994
844	870
844	895
844	896
844	937
845	872
848	899
850	995
851	958
852	862
852	982
853	859
857	996
858	889
858	981
858	987
859	953
860	990
861	865
861	900
861	906
861	981
861	990
862	888
864	904
864	919
866	941
866	961
866	965
866	980
867	956
867	979
867	994
868	986
869	879
870	896
870	897
870	919
870	946
870	951
870	956
870	969
872	946
872	961
873	961
873	988
874	986
875	944
877	925
878	964
878	988
879	919
879	949
879	999
882	889
884	974
885	987
886	915
890	926
891	959
892	944
892	965
894	949
894	978
895	904
896	897
896	899
896	925
897	946
897	972
897	978
899	954
900	943
901	927
901	980
904	995
905	918
905	931
905	950
906	941
906	960
907	940
908	917
908	963
910	999
913	964
913	978
914	957
914	979
918	936
918	951
918	972
919	945
925	939
930	980
931	936
931	976
932	934
932	994
933	972
936	971
936	982
941	988
947	967
949	960
950	998
951	961
954	955
954	956
956	960
960	983
961	980
964	988
966	976
969	990
980	983
986	998
