0	67
0	99
0	145
0	314
0	376
0	615
0	872
0	930
0	952
1	93
1	843
1	963
2	39
2	91
2	259
2	420
2	484
2	697
2	814
2	825
2	895
2	914
3	225
3	385
3	406
3	469
3	479
3	688
3	766
3	768
3	827
4	67
4	77
4	85
4	181
4	372
4	471
4	502
4	522
4	540
4	586
4	603
4	718
4	779
5	164
5	221
5	390
5	425
5	511
5	518
5	686
5	864
5	948
7	41
7	96
7	184
7	206
7	424
7	818
7	843
8	42
8	67
8	70
8	98
8	119
8	129
8	140
8	252
8	347
8	370
8	391
8	415
8	471
8	525
8	526
8	631
8	685
8	714
8	727
8	732
8	779
8	842
8	878
8	945
9	108
9	317
9	497
10	179
10	224
10	263
10	470
10	667
10	789
10	811
10	900
10	952
10	988
11	621
11	629
11	798
12	62
12	153
12	175
12	277
12	312
12	393
12	464
12	471
12	473
12	556
12	564
12	758
12	988
13	75
13	98
13	140
13	226
13	290
13	527
13	685
13	686
13	983
14	448
14	464
14	900
15	38
15	129
15	313
15	349
15	551
15	578
15	688
15	769
15	778
15	787
15	943
15	952
16	69
16	97
16	113
16	164
16	466
16	506
16	662
16	843
16	925
17	272
17	839
17	993
18	310
18	337
18	452
18	594
18	635
18	932
20	38
20	107
20	130
20	193
20	214
20	254
20	349
20	472
20	525
20	557
20	559
20	582
20	611
20	631
20	724
20	731
20	747
20	809
20	816
20	876
20	889
20	939
21	270
21	493
21	537
21	671
22	43
22	520
22	675
22	696
23	352
23	672
23	837
23	876
24	120
24	162
24	187
24	249
24	251
24	304
24	453
24	515
24	607
24	711
24	732
24	942
25	134
25	141
25	145
25	409
25	414
25	429
25	598
25	682
25	707
25	832
25	874
26	73
26	616
27	46
27	184
27	404
27	474
27	748
28	59
28	70
28	139
28	297
28	312
28	394
28	421
28	602
28	607
28	613
28	630
28	752
28	840
28	915
28	933
29	30
29	182
29	271
29	372
29	388
29	555
29	608
29	623
29	795
29	895
30	103
30	531
30	544
30	555
30	879
31	243
31	267
31	268
32	197
32	339
32	385
32	429
32	683
32	767
32	902
33	135
33	185
33	188
33	241
33	321
33	467
33	513
33	526
33	633
33	694
33	732
33	739
33	878
34	205
34	271
34	342
34	481
34	625
34	720
34	750
34	817
34	863
35	53
35	61
35	700
35	730
36	119
36	192
36	240
36	463
36	467
36	557
36	607
36	623
36	732
36	766
36	793
36	816
36	822
36	854
36	865
36	977
37	126
37	312
37	335
37	391
37	400
37	564
37	569
37	586
37	732
37	815
37	842
37	853
37	898
38	188
38	199
38	230
38	308
38	329
38	525
38	551
38	688
38	736
38	854
38	884
38	885
38	901
38	997
39	104
39	121
39	270
39	292
39	297
39	534
39	563
39	754
39	756
39	825
39	913
40	802
41	62
41	123
41	279
41	457
41	498
41	564
41	600
41	638
41	673
41	995
42	45
42	51
42	150
42	214
42	391
42	593
42	624
42	641
42	745
42	914
42	945
43	212
43	256
43	624
43	750
43	829
44	271
44	311
44	327
44	381
44	400
44	410
44	479
44	729
44	760
44	825
44	989
45	184
45	312
45	324
45	362
45	395
45	421
45	451
45	453
45	582
45	591
45	631
45	681
45	699
45	718
45	742
45	747
45	853
45	945
46	133
46	161
46	206
46	478
46	575
46	643
46	649
46	687
48	139
48	168
48	435
48	500
48	624
48	659
48	752
48	969
48	971
49	149
49	491
49	653
50	236
50	992
51	105
51	146
51	211
51	389
51	517
51	579
51	718
51	784
51	836
51	865
51	872
51	878
51	929
51	933
51	944
52	228
52	327
52	329
52	407
52	500
52	507
52	597
52	611
52	623
52	693
52	728
52	733
52	778
52	854
52	895
53	152
53	257
53	430
53	456
54	453
54	680
54	723
54	886
54	917
54	933
54	998
55	499
55	926
55	967
56	63
56	164
56	260
56	396
56	441
56	454
56	649
56	823
57	338
57	692
57	867
57	965
58	59
58	255
58	291
58	309
58	319
58	547
58	613
58	781
58	796
58	834
58	924
59	64
59	367
59	495
59	666
59	678
59	856
59	954
59	981
61	343
61	460
61	501
62	113
62	141
62	328
62	669
62	687
62	890
63	106
63	164
63	293
63	408
63	427
63	553
63	601
63	665
63	796
63	822
63	911
64	129
64	162
64	187
64	517
64	666
64	826
64	981
65	191
65	281
65	324
65	349
65	432
65	489
65	542
65	724
65	813
66	315
66	430
66	633
66	647
66	690
66	733
66	747
66	812
66	833
66	901
67	214
67	254
67	289
67	321
67	324
67	394
67	631
67	657
67	803
67	878
67	889
67	913
67	944
68	308
68	549
68	617
68	803
68	939
69	97
69	113
69	132
69	441
69	450
69	466
69	556
69	661
69	740
69	806
69	835
70	115
70	129
70	181
70	184
70	278
70	291
70	366
70	433
70	475
70	607
70	678
70	690
70	718
70	732
70	836
70	898
70	954
70	979
71	116
71	130
71	281
71	392
71	429
71	431
71	708
71	790
72	168
72	289
72	371
72	484
72	502
72	529
72	728
72	840
73	246
73	639
73	814
73	915
74	121
74	180
74	181
74	244
74	251
74	304
74	358
74	427
74	499
74	572
74	659
74	685
74	774
74	924
75	319
75	454
75	567
75	653
75	674
75	741
76	87
76	161
76	487
76	512
76	604
76	976
77	85
77	117
77	249
77	348
77	435
77	475
77	476
77	527
77	605
77	635
77	661
77	754
77	783
78	160
78	193
78	472
78	542
78	667
78	707
78	901
78	918
78	974
80	179
80	303
80	343
80	426
80	736
80	813
81	96
81	125
81	136
81	164
81	266
81	278
81	496
81	806
81	843
82	237
82	298
82	310
82	646
82	987
83	100
83	138
83	262
84	260
84	337
84	367
84	408
84	415
84	453
84	482
84	560
84	596
84	713
84	729
84	917
85	139
85	211
85	214
85	225
85	248
85	254
85	284
85	367
85	389
85	416
85	517
85	531
85	544
85	596
85	623
85	624
85	693
85	752
85	865
85	982
86	296
86	390
86	403
86	491
86	643
86	650
86	741
87	123
87	227
87	296
87	403
87	428
87	575
87	614
87	643
87	759
87	800
87	855
89	121
89	273
89	365
89	544
89	629
89	639
89	679
89	840
90	179
90	406
90	456
90	581
90	652
90	746
90	938
91	520
91	616
93	149
93	422
93	567
93	956
94	183
94	357
94	368
94	492
94	767
94	787
94	830
94	885
94	952
95	244
95	500
95	693
95	915
95	989
96	113
96	220
96	364
96	395
96	396
96	466
96	626
96	645
96	665
96	714
96	837
96	843
96	844
96	860
97	180
97	234
97	278
97	337
97	372
97	505
97	567
97	648
97	672
97	685
98	109
98	125
98	252
98	270
98	275
98	289
98	779
98	793
98	848
98	851
98	888
98	942
99	210
99	300
99	339
99	441
99	463
99	525
99	645
99	778
99	787
99	789
99	876
99	966
100	218
100	302
100	558
100	991
101	124
101	140
101	240
101	241
101	312
101	369
101	471
101	699
101	889
102	271
102	400
102	484
102	636
102	804
102	825
102	840
103	269
103	367
103	495
103	560
103	608
103	777
103	781
103	796
104	168
104	212
104	287
104	840
104	863
105	137
105	158
105	211
105	279
105	319
105	355
105	502
105	516
105	517
105	642
105	713
105	764
105	775
105	792
105	836
105	894
105	929
105	961
106	162
106	337
106	361
106	395
106	408
106	685
106	796
106	805
106	987
107	455
107	596
107	913
108	296
108	524
108	776
109	124
109	220
109	361
109	390
109	396
109	441
109	567
109	643
109	704
109	822
109	843
109	864
109	925
110	248
110	529
110	586
110	637
110	693
110	752
110	766
110	899
110	916
111	240
111	275
111	292
111	399
111	467
111	611
111	613
111	623
111	679
111	894
111	904
111	906
111	909
111	961
112	447
113	120
113	164
113	220
113	294
113	421
113	454
113	553
113	567
113	575
113	579
113	603
113	628
113	742
113	818
114	192
114	206
114	217
114	231
114	564
114	672
114	687
114	702
114	844
114	860
115	195
115	520
115	744
115	808
115	840
115	915
115	921
116	213
116	318
116	376
116	441
116	648
116	660
116	758
116	876
116	990
116	996
117	180
117	350
117	355
117	475
117	723
117	740
117	836
117	888
119	170
119	181
119	353
119	391
119	429
119	554
119	557
119	586
119	627
119	641
119	661
119	718
119	731
119	733
119	745
119	779
119	831
119	865
119	961
120	167
120	220
120	221
120	309
120	348
120	452
120	723
120	740
120	811
120	851
120	911
121	245
121	311
121	447
121	522
121	534
121	595
121	915
121	933
122	150
122	214
122	271
122	327
122	385
122	467
122	526
122	555
122	603
122	658
122	743
122	792
122	904
122	916
123	413
123	465
123	567
123	628
123	793
124	164
124	206
124	283
124	337
124	441
124	516
124	517
124	645
124	680
124	851
124	954
125	164
125	189
125	275
125	289
125	335
125	337
125	374
125	408
125	475
125	490
125	517
125	533
125	714
125	727
125	744
125	745
125	796
125	888
125	917
125	948
126	304
126	309
126	601
126	603
126	664
126	666
126	740
127	230
127	286
127	492
128	133
128	352
128	450
128	540
128	655
128	843
128	891
128	892
129	248
129	254
129	312
129	323
129	348
129	350
129	402
129	517
129	593
129	596
129	718
129	724
129	745
129	792
129	906
129	981
130	179
130	188
130	247
130	402
130	451
130	584
130	681
130	778
130	790
130	952
130	975
131	183
131	385
131	460
131	462
131	747
131	813
131	889
131	902
131	909
131	997
132	164
132	396
132	404
132	678
132	713
132	796
132	806
132	823
132	836
132	934
133	226
133	283
133	402
133	649
133	757
133	948
134	171
134	392
134	464
134	538
134	600
134	707
135	168
135	290
135	315
135	362
135	416
135	608
135	623
135	661
135	766
135	798
135	884
135	895
135	903
135	908
135	951
136	154
136	306
136	313
136	411
136	582
136	593
136	753
136	766
136	821
136	826
136	945
137	162
137	211
137	241
137	254
137	271
137	275
137	341
137	350
137	605
137	774
137	836
137	856
138	196
138	344
139	182
139	232
139	500
139	573
139	608
139	657
139	661
139	735
139	863
139	904
140	183
140	197
140	324
140	329
140	369
140	429
140	525
140	540
140	598
140	688
140	699
140	727
140	813
140	947
140	983
141	282
141	504
141	787
141	789
141	930
143	324
143	329
143	376
143	569
143	660
143	714
143	877
143	909
143	930
143	945
143	984
144	214
144	463
144	627
144	641
144	688
144	691
144	747
144	842
144	878
144	889
144	945
144	959
145	173
145	184
145	250
145	339
145	392
145	669
145	758
145	789
145	893
145	930
145	940
146	281
146	386
146	391
146	398
146	509
146	598
146	693
146	746
146	790
146	811
146	884
146	889
146	958
147	187
147	361
147	518
147	547
147	553
147	678
147	680
147	713
147	838
147	923
147	980
148	155
148	394
148	485
148	560
148	871
148	962
149	226
149	264
149	404
149	626
149	664
149	674
149	727
149	759
149	891
150	151
150	249
150	341
150	410
150	411
150	420
150	627
150	642
150	680
150	752
150	826
150	836
150	906
150	929
151	348
151	399
151	421
151	435
151	476
151	502
151	507
151	533
151	599
151	613
151	637
151	821
151	841
151	913
151	981
152	284
152	315
152	907
153	171
153	281
153	349
153	393
153	429
153	463
153	509
153	554
153	598
153	669
153	693
153	778
153	783
153	889
154	192
154	220
154	240
154	353
154	369
154	432
154	578
154	586
154	593
154	650
154	657
154	718
154	815
154	853
154	872
154	890
155	530
157	378
157	388
157	481
157	531
157	533
157	574
157	881
158	309
158	311
158	348
158	378
158	433
158	603
158	657
158	685
158	713
158	775
158	841
158	866
158	915
158	933
158	979
158	981
159	253
159	285
159	393
159	457
159	584
159	787
159	820
159	830
159	972
160	229
160	300
160	669
160	707
160	822
161	567
161	665
161	741
162	353
162	408
162	527
162	723
162	777
162	848
163	220
163	231
163	279
163	283
163	383
163	511
163	527
163	598
163	615
163	724
163	736
163	758
163	797
163	885
163	937
164	260
164	275
164	408
164	481
164	628
164	665
164	744
164	851
164	911
164	923
164	942
165	494
165	550
165	824
167	221
167	237
167	359
167	361
167	437
167	524
167	711
167	823
167	886
167	934
167	942
168	341
168	386
168	557
168	657
168	690
168	779
168	826
168	840
169	232
169	493
169	597
169	625
169	634
169	641
169	953
170	238
170	376
170	437
170	591
170	607
170	648
170	797
170	865
170	995
171	213
171	349
171	368
171	551
171	584
171	608
171	862
171	902
171	966
172	232
172	303
172	311
172	499
172	520
172	621
172	632
172	785
172	831
173	183
173	277
173	289
173	339
173	393
173	414
173	538
173	669
173	726
173	909
173	966
173	983
175	206
175	376
175	506
175	527
175	569
175	571
175	662
175	669
175	842
175	874
175	940
176	499
178	258
178	331
178	406
178	612
178	889
179	233
179	331
179	380
179	606
179	641
179	691
179	743
179	965
180	249
180	310
180	378
180	590
180	603
180	685
180	713
180	775
180	793
180	796
180	961
181	400
181	421
181	433
181	453
181	471
181	482
181	502
181	841
181	865
181	894
181	954
182	212
182	256
182	399
182	444
182	637
182	659
182	808
182	982
183	347
183	368
183	416
184	229
184	230
184	238
184	471
184	505
184	591
184	628
185	507
185	633
185	688
185	812
185	949
186	244
186	345
186	372
186	411
186	595
186	650
186	658
186	693
186	733
186	771
186	803
186	907
186	922
186	949
187	319
187	378
187	435
187	485
187	496
187	521
187	560
187	562
187	756
187	764
187	796
187	828
187	962
188	321
188	451
188	554
188	638
188	661
188	780
188	782
188	906
188	951
188	954
188	990
189	252
189	415
189	477
189	524
189	690
189	815
189	848
190	203
190	270
190	623
190	733
190	743
190	771
190	803
190	812
190	816
190	901
190	907
190	970
190	973
191	217
191	389
191	398
191	472
191	507
191	617
191	746
191	768
192	241
192	289
192	312
192	402
192	421
192	471
192	578
192	579
192	650
192	719
192	727
192	865
192	872
192	949
193	225
193	507
193	578
193	583
193	813
193	885
194	407
194	589
195	367
195	420
195	481
195	599
195	774
195	836
195	856
195	894
195	969
195	970
197	228
197	313
197	314
197	393
197	398
197	406
197	489
197	746
197	809
197	901
197	902
197	909
197	952
198	494
198	497
199	228
199	289
199	312
199	318
199	322
199	324
199	376
199	380
199	426
199	510
199	588
199	719
199	790
199	853
199	885
199	930
200	237
200	924
201	458
201	537
201	692
201	938
202	367
202	609
203	444
203	469
203	479
203	644
203	663
203	747
203	869
203	953
203	974
204	210
204	279
204	736
204	837
204	849
205	346
205	798
205	941
205	960
206	213
206	264
206	424
206	619
206	725
206	963
206	995
207	453
207	521
207	532
207	555
207	760
207	915
207	920
209	216
209	418
209	469
209	501
209	514
209	799
209	978
210	229
210	282
210	392
210	556
210	655
210	687
211	374
211	415
211	599
211	729
211	777
211	954
212	244
212	246
212	271
212	315
212	345
212	381
212	499
212	532
212	618
212	624
212	675
212	936
213	226
213	229
213	238
213	364
213	441
213	473
213	556
213	645
213	662
213	937
213	940
214	244
214	270
214	389
214	433
214	442
214	611
214	694
214	747
214	792
214	803
214	831
214	841
214	878
214	889
214	914
215	223
217	347
219	237
219	274
219	337
219	378
219	450
219	453
219	818
219	908
219	924
219	987
220	226
220	240
220	274
220	364
220	383
220	395
220	486
220	505
220	506
220	600
220	626
220	655
220	665
220	699
220	742
221	402
221	600
221	614
221	664
221	687
221	725
221	762
221	822
221	864
221	946
222	395
222	429
222	431
222	588
222	600
222	691
222	767
222	885
222	949
222	952
222	958
222	997
223	974
224	294
224	757
224	963
224	988
225	308
225	331
225	432
225	519
225	571
225	667
225	688
225	889
225	906
225	943
226	251
226	289
226	359
226	383
226	424
226	452
226	466
226	527
226	619
226	740
226	793
226	843
226	876
226	893
226	976
227	296
227	390
227	422
227	628
227	741
227	892
228	257
228	318
228	342
228	407
228	514
228	519
228	617
228	747
228	833
229	231
229	262
229	314
229	473
229	654
229	672
229	712
229	726
229	793
229	797
229	832
229	847
229	995
230	368
230	453
230	463
230	472
230	511
230	598
230	694
230	699
230	709
230	733
230	789
230	909
231	283
231	300
231	424
231	486
231	538
231	651
231	664
231	673
231	741
232	271
232	410
232	420
232	459
232	752
232	921
232	971
232	993
233	387
233	900
234	314
234	766
234	925
234	946
235	258
236	528
236	653
236	928
237	251
237	269
237	796
237	911
237	935
237	962
238	473
238	645
238	662
238	672
238	937
239	418
239	501
239	700
239	755
240	285
240	323
240	427
240	475
240	593
240	598
240	661
240	709
240	745
240	783
240	815
240	949
240	990
241	254
241	347
241	451
241	586
241	607
241	745
241	815
241	906
242	375
242	444
242	529
242	532
242	533
242	756
242	772
242	920
242	998
243	268
243	388
243	515
243	640
244	412
244	444
244	493
244	812
244	817
244	841
244	907
245	490
245	642
245	703
245	915
246	248
246	529
246	544
246	933
247	254
247	391
247	399
247	459
247	513
247	647
247	658
247	724
247	838
247	878
247	889
247	919
248	348
248	427
248	502
248	523
248	529
248	555
248	574
248	590
248	599
248	729
248	754
248	826
248	848
248	889
248	903
248	925
248	954
248	961
249	341
249	523
249	573
249	605
249	897
249	898
249	981
250	417
250	473
250	538
250	738
250	789
251	367
251	428
251	455
251	524
251	935
252	255
252	323
252	355
252	427
252	433
252	507
252	516
252	527
252	593
252	603
252	605
252	642
252	665
252	724
252	968
252	972
253	429
253	564
253	788
253	876
253	931
254	270
254	321
254	386
254	400
254	444
254	472
254	525
254	733
254	766
254	782
254	821
254	878
254	904
254	929
254	959
254	973
255	319
255	348
255	415
255	435
255	603
255	714
255	731
255	754
255	834
255	851
255	866
255	923
256	271
256	329
256	499
256	500
256	571
256	637
256	771
256	807
256	810
257	345
257	493
257	999
258	377
258	542
258	549
258	791
259	319
259	371
259	446
259	484
259	636
259	915
259	936
260	372
260	517
260	521
260	641
260	742
260	897
260	925
260	977
260	980
261	524
261	552
261	786
261	905
261	962
262	470
262	682
262	726
262	975
263	322
263	324
263	432
263	470
263	551
263	660
263	694
263	827
264	403
264	546
264	580
265	355
265	382
265	524
265	536
265	553
265	713
265	744
265	962
266	510
266	516
266	535
266	553
266	686
266	690
266	742
266	762
266	834
266	864
266	966
268	590
268	646
268	706
268	711
268	781
269	374
269	530
269	740
269	934
269	987
270	303
270	321
270	412
270	444
270	611
270	623
270	659
270	731
270	795
270	919
270	953
271	311
271	389
271	555
271	603
271	690
271	772
271	870
271	982
272	675
272	817
273	534
273	629
273	955
273	970
274	310
274	359
274	496
274	547
274	590
274	680
274	805
274	838
275	314
275	323
275	335
275	396
275	473
275	490
275	517
275	518
275	579
275	625
275	628
275	742
275	754
275	851
275	948
277	376
277	758
277	937
277	952
278	390
278	450
278	477
278	664
278	864
278	886
279	281
279	307
279	369
279	591
279	615
279	709
279	725
279	742
279	758
279	872
279	878
279	891
279	940
279	975
281	313
281	385
281	442
281	507
281	551
281	714
281	766
281	885
281	899
281	930
281	990
282	893
282	912
283	424
283	793
283	797
283	949
284	345
284	430
284	597
284	829
284	953
285	329
285	489
285	778
285	782
285	872
285	884
285	889
285	899
285	958
286	492
286	558
286	584
287	345
287	475
287	499
287	529
287	620
287	636
287	920
287	936
287	982
287	989
288	429
288	505
288	543
288	558
288	845
288	918
289	348
289	488
289	502
289	518
289	607
289	783
289	842
289	848
289	872
290	352
290	535
290	569
290	818
290	844
290	872
291	486
291	981
292	350
292	386
292	476
292	502
292	605
292	690
292	695
292	747
292	760
292	821
292	866
292	895
292	951
292	981
293	431
293	655
293	707
293	708
293	902
293	945
294	441
294	473
294	498
294	535
294	564
294	662
294	699
294	722
294	904
294	976
294	995
295	352
295	383
295	395
295	662
295	664
295	848
295	874
295	876
295	896
296	653
296	665
296	818
296	855
297	475
297	476
297	565
297	637
297	642
297	752
297	831
297	920
298	382
298	524
298	576
298	715
298	777
298	998
299	478
299	580
299	630
299	674
300	506
300	598
300	600
300	722
300	788
300	893
300	995
302	902
302	918
303	315
303	327
303	329
303	407
303	442
303	456
303	612
303	633
303	718
303	753
303	799
303	809
303	812
304	337
304	421
304	433
304	441
304	500
304	517
304	578
304	586
304	836
304	865
306	478
306	503
306	711
306	819
306	908
307	404
307	454
307	506
307	556
307	569
307	619
307	937
308	381
308	434
308	501
308	658
308	768
308	869
309	355
309	408
309	553
309	560
309	612
309	680
310	805
311	335
311	342
311	410
311	484
311	587
311	642
311	697
311	720
311	735
311	895
311	920
311	989
312	340
312	380
312	554
312	579
312	582
312	681
312	686
312	699
312	766
312	872
312	906
312	949
313	432
313	548
313	827
313	990
314	318
314	369
314	376
314	538
314	591
314	628
314	669
314	743
314	930
315	345
315	472
315	527
315	623
315	810
315	821
315	882
315	901
316	336
318	354
318	369
318	486
318	525
318	540
318	548
318	598
318	645
318	666
318	719
318	723
318	758
319	353
319	517
319	535
319	680
319	723
319	734
319	766
319	856
319	888
320	941
320	950
321	353
321	598
321	647
321	739
321	812
321	836
321	869
321	903
321	959
322	392
322	431
322	588
322	669
322	809
322	857
322	862
322	902
323	350
323	362
323	600
323	681
323	790
323	815
323	847
323	860
323	945
324	376
324	557
324	612
324	625
324	707
324	732
324	747
324	997
325	655
325	725
325	963
326	327
326	347
326	412
326	416
326	467
326	566
326	581
326	637
326	782
326	866
326	882
326	990
327	331
327	513
327	559
327	586
327	597
327	621
327	658
327	812
327	973
327	978
328	474
328	564
328	702
328	757
328	797
328	893
329	391
329	398
329	507
329	661
329	728
329	884
329	889
329	966
329	997
330	697
331	507
331	525
331	600
331	667
331	693
331	712
331	834
331	884
332	524
332	635
332	805
333	495
333	560
333	574
333	756
334	491
334	569
334	575
334	643
334	835
334	892
335	350
335	362
335	441
335	579
335	645
335	686
335	742
335	815
337	348
337	355
337	490
337	678
337	785
337	836
337	942
337	979
338	384
338	794
339	357
339	519
339	538
339	788
339	930
339	985
340	409
340	492
340	504
340	844
340	988
341	416
341	476
341	513
341	555
341	713
341	735
342	493
342	565
342	570
342	588
342	817
342	841
342	863
342	887
342	971
343	412
343	418
343	688
343	904
343	906
344	827
345	500
345	599
345	634
345	720
345	798
345	863
345	879
345	920
345	922
346	632
346	801
346	921
347	369
347	434
347	557
347	571
347	612
347	662
347	695
347	732
347	896
347	904
347	930
347	958
347	959
348	374
348	484
348	486
348	533
348	573
348	586
348	596
348	713
348	724
348	734
348	745
348	779
348	792
348	841
348	935
348	954
348	979
349	393
349	432
349	489
349	551
349	660
349	775
349	885
349	931
349	943
350	510
350	527
350	678
350	686
350	718
350	766
350	842
350	872
351	444
351	761
351	901
352	655
352	966
353	395
353	471
353	584
353	657
353	678
353	681
353	723
353	842
353	847
353	885
353	888
353	890
354	362
354	510
354	548
354	588
354	613
354	657
354	889
354	953
355	415
355	471
355	607
355	917
356	761
357	409
357	419
357	797
357	947
357	972
358	560
358	576
358	740
358	744
358	749
358	781
358	924
359	491
359	530
360	503
360	701
361	594
361	759
361	891
361	924
361	934
362	369
362	402
362	451
362	462
362	525
362	555
362	557
362	613
362	691
362	854
362	866
362	997
363	500
363	668
364	506
364	561
364	564
364	575
364	600
364	909
365	534
365	777
365	870
365	998
366	453
366	495
366	872
366	917
366	932
367	428
367	545
367	729
367	908
368	588
368	716
368	719
368	830
368	900
368	939
368	972
369	466
369	591
369	600
369	686
369	779
369	811
369	876
369	954
370	974
371	440
371	520
371	618
371	620
371	829
371	921
371	970
372	400
372	471
372	475
372	523
372	526
372	586
372	721
372	936
372	981
373	426
373	489
373	542
373	857
373	958
374	476
374	515
374	523
374	553
374	586
374	587
374	648
374	666
374	836
374	847
374	981
375	450
375	665
375	837
375	963
376	393
376	505
376	657
376	662
376	709
376	745
376	789
376	842
376	865
376	866
377	900
378	453
378	756
379	883
380	426
380	542
380	588
380	652
380	845
380	862
380	947
381	636
381	861
381	863
382	678
382	744
382	762
382	764
382	822
382	924
383	393
383	395
383	415
383	506
383	516
383	569
383	615
383	681
383	937
383	948
384	406
384	712
384	773
384	799
384	841
384	867
384	910
385	507
385	583
385	631
385	919
385	922
386	411
386	475
386	500
386	502
386	611
386	792
386	919
386	929
388	394
388	495
388	594
388	703
388	814
388	881
388	998
389	451
389	612
389	613
389	623
389	642
389	647
389	658
389	745
389	815
389	907
389	914
389	933
390	454
390	505
390	698
390	706
390	724
390	759
390	819
391	427
391	432
391	507
391	554
391	641
391	664
391	719
391	754
391	775
391	783
391	848
391	853
391	872
391	919
392	415
392	417
392	464
392	758
392	789
392	815
392	964
393	429
393	457
393	489
393	511
393	654
393	702
393	719
393	727
393	738
393	769
393	816
393	933
393	937
393	988
394	396
394	522
394	602
394	723
394	998
395	471
395	591
395	673
395	742
395	770
395	844
395	866
395	891
396	454
396	517
396	649
396	714
396	834
397	476
397	879
398	442
398	457
398	462
398	507
398	657
398	691
398	747
398	768
398	784
398	813
398	821
398	889
398	898
398	909
398	944
398	958
399	481
399	484
399	565
399	605
399	642
399	780
399	915
399	920
400	421
400	729
400	792
400	847
400	856
400	882
400	895
400	897
400	961
402	456
402	578
402	598
402	657
402	731
402	854
403	487
403	546
403	575
403	630
403	640
403	846
403	855
404	466
404	505
404	556
404	567
404	626
404	649
404	682
404	722
404	844
404	866
404	940
406	412
406	617
406	688
406	845
406	943
406	973
406	974
407	610
407	656
407	831
407	873
407	951
408	452
408	477
408	510
408	714
408	838
408	942
408	987
409	931
410	555
410	578
410	603
410	720
410	772
410	782
410	795
410	936
411	502
411	565
411	658
411	693
411	695
411	719
411	729
411	785
411	790
411	795
411	960
411	982
412	418
412	479
412	514
412	625
412	633
412	739
412	803
412	833
412	958
413	478
413	515
413	536
413	764
413	835
413	846
413	851
414	789
414	896
415	454
415	476
415	477
415	527
415	672
415	681
415	711
415	713
415	727
415	732
415	805
415	816
415	925
415	942
416	611
416	641
416	795
416	903
417	431
417	448
417	600
417	755
417	943
418	479
418	501
418	514
418	537
418	689
418	700
418	867
418	910
418	938
419	470
420	642
420	920
421	433
421	511
421	573
421	603
421	713
421	718
421	727
421	734
421	821
422	450
422	487
422	567
422	800
424	466
424	498
424	506
424	575
424	628
424	854
424	877
424	946
425	468
425	788
425	964
425	996
426	432
426	439
426	769
426	975
426	985
427	582
427	724
427	889
428	508
428	532
428	636
428	840
428	856
428	913
429	431
429	716
429	784
429	900
429	902
429	931
429	975
429	983
430	799
430	812
430	887
430	922
431	432
431	457
431	588
431	598
431	767
431	768
431	769
431	809
431	885
431	990
432	434
432	519
432	627
432	659
432	688
432	719
432	768
432	906
433	476
433	605
433	703
433	766
433	779
433	940
434	460
434	472
434	712
434	768
434	974
435	476
435	481
435	509
435	523
435	587
435	599
435	690
435	760
435	961
435	979
436	730
437	741
440	684
441	452
441	649
441	854
441	890
441	949
441	964
441	995
442	559
442	650
442	657
442	688
442	728
442	863
442	958
443	501
443	610
443	663
444	467
444	624
444	720
444	863
445	800
445	972
446	481
446	526
446	529
446	571
446	612
446	752
446	760
446	792
446	879
446	894
447	455
447	461
450	567
450	569
450	614
450	646
450	662
450	740
450	843
451	475
451	554
451	944
452	510
452	783
452	848
452	888
453	490
453	572
453	678
453	816
453	924
454	477
454	491
454	545
454	626
454	759
454	762
454	793
454	806
454	822
454	948
455	544
455	595
455	636
455	897
456	611
456	743
457	542
457	952
458	501
458	537
458	583
459	663
459	712
459	854
459	906
460	513
460	581
460	644
460	812
460	938
461	544
461	684
462	479
462	611
462	733
462	739
462	743
462	821
462	901
462	990
463	535
463	540
463	548
463	641
463	669
463	672
463	719
463	724
463	844
463	958
463	972
464	541
464	708
464	787
464	896
464	964
465	937
466	486
466	653
466	664
466	714
466	822
467	623
467	658
467	753
467	869
467	872
467	909
467	939
467	973
468	480
468	542
468	738
468	995
469	597
469	689
469	692
469	901
469	978
470	768
471	477
471	600
471	657
471	713
471	769
471	842
471	847
471	996
472	507
472	525
472	637
472	709
472	732
472	809
472	909
472	959
472	973
473	638
473	673
473	709
473	725
473	930
473	996
475	490
475	557
475	723
475	745
475	826
475	836
475	841
475	881
475	929
475	981
476	555
476	685
476	690
476	720
476	745
476	771
476	897
476	907
476	919
476	929
476	954
477	496
477	515
477	527
477	631
477	762
477	911
477	942
478	653
478	759
478	948
478	956
479	514
479	540
479	692
479	939
479	958
480	788
480	976
481	634
482	908
482	924
482	929
484	570
484	571
484	595
484	618
484	971
485	552
485	838
486	506
486	527
486	607
486	660
486	694
486	719
486	727
486	740
486	823
486	833
486	864
486	874
486	876
486	983
487	491
487	704
488	590
488	646
488	968
489	769
489	809
489	830
489	885
489	899
489	964
490	553
490	574
490	603
490	713
490	724
490	734
490	762
490	836
490	851
490	949
490	961
491	528
491	614
491	619
491	704
491	835
492	584
492	746
492	769
493	675
493	803
493	887
495	508
495	533
495	565
495	595
495	678
495	917
496	545
496	576
496	666
496	805
496	819
496	834
497	805
498	654
498	662
498	707
498	797
498	937
498	966
498	984
498	995
499	520
499	529
499	636
499	785
499	839
499	915
500	608
500	780
500	825
500	854
500	922
501	537
501	873
502	578
502	680
502	836
502	979
504	849
505	664
505	806
505	827
505	945
506	664
506	673
506	736
506	815
506	837
506	860
506	864
506	996
507	511
507	525
507	631
507	686
507	794
507	939
507	958
508	573
508	574
508	710
509	593
509	694
509	728
509	821
509	827
509	866
509	906
509	990
510	516
510	649
510	685
510	934
511	518
511	582
511	641
511	661
511	681
511	691
511	895
511	899
512	846
513	658
513	733
513	743
513	803
513	901
514	610
514	644
514	688
515	535
515	594
515	764
516	517
516	836
516	851
516	888
516	935
516	946
517	731
517	864
518	640
518	664
518	740
518	793
518	806
519	688
519	997
520	785
520	825
520	955
521	723
521	777
521	805
521	828
521	924
522	595
522	921
522	933
523	557
523	586
523	723
523	727
523	775
523	834
523	961
525	540
525	598
525	667
525	815
525	899
525	990
526	563
526	647
526	693
526	694
526	720
526	735
526	753
526	774
526	979
527	686
527	719
527	740
527	783
528	550
528	824
528	880
529	592
529	618
529	772
529	962
529	982
530	846
530	871
531	602
531	754
531	760
532	595
532	602
532	721
532	756
532	760
532	840
532	895
532	933
533	602
533	620
533	710
534	555
534	814
534	879
534	897
534	923
535	662
535	686
535	793
535	815
535	860
535	925
536	545
536	858
536	937
537	753
537	761
538	551
538	598
538	651
538	669
538	726
538	789
538	890
538	893
538	976
540	672
540	681
540	768
540	821
540	853
540	899
542	549
542	652
542	787
542	918
542	943
543	900
544	574
544	620
544	625
544	915
545	711
545	715
547	590
547	596
547	680
547	934
548	598
548	638
548	778
548	983
549	918
551	769
552	587
553	603
553	734
553	741
553	808
553	961
554	559
554	612
554	627
554	647
554	661
554	728
554	973
555	695
555	792
555	913
555	982
556	569
556	649
556	818
556	852
556	860
556	904
556	942
557	718
557	842
557	848
557	853
559	623
559	647
559	782
559	784
559	816
559	884
559	958
559	973
561	850
562	786
562	968
563	675
564	664
564	736
564	811
564	818
564	830
565	636
565	721
565	895
565	969
565	982
565	989
567	660
567	665
567	797
567	948
568	705
569	615
569	783
569	860
569	945
570	839
570	970
571	642
571	743
571	753
571	878
571	897
571	904
571	907
572	605
572	764
572	923
572	962
573	582
573	596
573	621
573	627
573	659
573	760
573	915
574	587
574	620
574	642
574	814
575	628
575	806
575	940
576	695
576	805
576	932
577	818
577	849
578	612
578	650
578	872
579	625
579	631
579	641
579	821
579	834
579	842
579	865
579	866
579	949
580	640
580	706
580	759
580	987
581	739
581	784
581	790
581	812
581	817
581	833
582	598
582	647
582	732
582	740
582	762
582	944
582	949
582	997
583	833
583	939
583	959
584	682
584	738
584	830
585	846
586	596
586	718
586	826
586	836
586	898
586	911
586	979
587	721
587	840
587	856
587	979
588	767
588	983
589	799
589	999
590	805
590	886
590	917
591	600
591	650
591	662
591	707
591	779
591	789
591	876
591	898
591	943
592	679
592	915
593	657
593	661
593	694
593	718
593	727
593	766
593	811
593	856
593	919
594	640
594	886
595	659
596	666
596	680
596	685
596	691
596	754
596	823
597	914
598	627
598	699
598	709
598	866
599	602
599	634
599	659
599	690
599	780
599	804
599	979
600	631
600	648
600	662
600	815
600	842
600	943
600	949
601	619
601	686
601	740
602	635
602	774
602	808
602	897
602	962
602	998
603	713
603	734
603	806
603	865
603	898
603	917
603	979
604	880
605	613
605	639
605	703
605	934
606	617
606	667
606	712
606	906
606	974
607	650
607	699
607	815
607	847
607	872
607	924
607	949
608	624
608	637
608	659
608	697
608	771
608	817
608	907
609	814
609	998
610	675
610	882
611	612
611	627
611	647
611	743
611	803
611	815
611	816
611	841
611	903
612	625
612	658
612	681
612	743
612	816
612	865
612	875
612	904
612	919
612	977
613	695
613	736
613	756
613	826
613	878
613	913
613	939
613	954
614	630
614	653
614	855
615	645
615	648
615	662
615	864
615	874
615	931
615	972
616	636
616	785
616	954
617	691
617	768
617	910
617	958
618	720
618	756
618	774
619	640
619	855
620	621
620	772
620	774
621	785
623	657
623	658
623	696
623	746
623	747
623	833
623	914
625	637
625	750
625	752
625	779
625	977
626	818
627	724
627	732
627	865
627	895
627	903
628	714
628	783
628	793
628	837
628	890
630	911
631	731
631	779
631	784
631	827
631	847
631	949
631	959
632	679
632	861
632	926
633	644
633	692
633	693
633	810
633	812
633	833
633	869
633	873
634	760
634	781
634	796
634	799
634	971
634	981
635	648
635	838
635	989
636	639
636	752
636	894
636	895
636	920
636	969
637	733
637	799
637	907
638	650
638	660
638	709
638	724
638	731
638	742
638	877
638	940
639	879
639	955
640	665
640	759
640	770
640	793
640	806
640	843
640	860
641	745
641	777
641	811
641	847
641	913
641	945
642	752
642	766
642	841
643	946
644	688
644	739
644	761
644	867
645	664
645	724
645	736
645	758
645	837
645	866
645	937
646	980
647	869
647	898
647	903
647	904
648	699
648	718
648	719
648	782
648	811
648	872
648	903
648	942
648	945
649	818
649	847
649	852
649	860
650	693
650	724
650	727
650	754
650	815
651	702
651	988
652	746
652	791
652	882
653	800
653	992
654	669
654	687
654	688
654	719
654	940
654	945
655	702
655	942
656	815
656	867
657	699
657	747
657	821
657	853
657	884
657	929
657	977
658	693
658	753
658	795
658	812
658	821
658	878
658	901
659	695
659	825
659	831
659	922
660	662
660	719
660	724
660	727
660	899
660	983
660	996
661	699
661	865
661	919
662	736
662	789
662	937
662	996
663	939
663	978
664	672
664	925
664	937
665	742
665	806
665	837
665	848
665	855
665	946
665	948
666	729
666	853
666	897
666	921
667	694
667	768
667	918
667	943
667	958
667	974
668	829
669	726
669	778
669	787
669	877
669	896
669	930
669	937
669	940
672	742
672	866
672	874
672	937
673	736
673	891
673	952
674	806
674	843
676	765
678	713
678	796
678	834
678	934
678	982
679	897
679	955
680	734
680	744
681	766
681	811
682	708
682	789
682	947
683	787
683	820
683	906
685	714
685	754
685	888
685	891
686	714
686	818
686	890
686	911
686	925
687	709
687	722
687	736
687	844
687	891
687	928
687	930
688	782
688	869
688	939
688	959
689	978
690	693
690	841
690	936
691	712
691	732
691	747
691	790
691	884
691	889
691	939
691	943
692	867
693	695
693	713
693	863
693	907
693	959
693	983
694	735
694	745
694	768
694	990
695	752
695	780
695	854
695	970
696	971
697	720
697	916
698	824
698	858
699	709
699	842
699	925
699	949
700	867
701	786
702	788
703	710
703	735
703	777
703	796
703	935
704	992
706	864
707	758
707	832
707	896
707	984
708	788
708	877
708	899
709	727
709	821
709	872
709	889
709	945
710	998
711	744
711	934
712	813
712	873
712	916
713	744
713	823
713	826
713	933
714	725
714	823
714	834
714	864
714	925
715	805
715	859
717	755
717	794
718	724
718	740
718	766
719	724
719	732
719	768
719	847
719	885
719	918
720	839
721	756
721	812
721	894
721	920
721	933
722	758
722	937
722	940
723	735
723	834
723	911
724	792
724	865
725	757
725	797
725	852
725	889
726	736
726	877
726	893
726	972
727	731
727	842
727	848
727	866
727	890
727	906
728	753
728	784
728	878
728	884
728	930
729	756
729	826
729	834
729	898
729	981
731	816
731	836
731	842
731	937
731	940
732	854
732	865
732	878
732	901
732	903
732	958
732	997
733	753
733	812
733	833
733	973
735	754
735	774
735	949
736	860
736	893
739	951
740	759
740	823
740	851
740	888
742	793
742	890
742	891
742	925
742	945
743	841
743	854
743	906
744	823
744	924
744	935
745	779
745	872
746	965
747	766
747	768
747	884
747	901
747	959
747	997
748	757
750	798
752	881
752	897
752	901
752	913
753	882
754	894
754	897
754	898
754	913
756	774
756	856
756	881
756	924
757	963
758	902
759	770
759	793
760	840
760	920
760	955
761	873
761	938
762	911
763	803
763	999
764	933
764	987
765	832
766	821
766	903
766	929
766	997
767	862
767	899
767	918
767	958
768	809
768	975
769	827
769	885
769	920
769	930
770	956
771	810
771	867
771	973
772	879
774	779
774	831
774	881
774	936
775	841
775	881
775	954
777	819
777	838
777	856
777	924
777	962
777	980
778	779
778	884
779	783
779	796
779	878
779	954
779	977
780	935
780	982
781	935
781	962
781	980
782	784
782	803
782	889
782	919
782	933
782	954
783	847
783	848
783	872
783	889
783	919
783	923
784	853
784	919
784	974
785	921
785	955
786	883
786	932
786	942
787	885
787	975
788	852
789	844
790	792
791	900
792	914
792	951
792	961
792	979
793	864
795	863
795	882
795	953
795	977
796	979
796	980
797	891
798	829
798	861
801	839
801	953
801	993
802	978
803	841
803	882
803	887
804	920
805	819
806	818
806	925
806	946
807	887
808	814
808	969
809	813
809	816
809	847
810	916
810	951
811	847
811	866
811	889
811	919
811	949
811	958
812	833
812	914
813	833
813	848
813	899
813	959
814	879
814	913
814	955
815	866
816	842
817	887
818	837
818	843
819	905
819	948
821	826
821	906
821	939
822	874
822	946
823	851
823	886
823	888
825	856
825	970
826	847
826	961
826	998
827	972
827	985
827	990
828	946
829	913
830	947
831	898
833	906
833	922
833	959
834	851
835	891
836	961
837	843
837	866
839	926
840	970
841	878
841	894
842	847
842	945
844	847
844	893
844	940
846	968
847	865
847	945
847	949
848	860
848	864
848	948
849	976
850	896
852	891
853	944
853	977
853	990
854	902
854	959
854	997
856	881
857	862
858	928
860	940
861	926
861	950
862	899
862	991
863	882
863	907
863	920
863	971
863	982
864	872
864	923
866	882
866	898
866	944
866	997
867	938
867	951
867	978
869	881
870	929
874	963
876	940
876	947
877	984
878	906
878	951
878	953
879	960
882	971
884	906
884	909
884	939
884	945
885	899
886	924
887	895
887	914
888	936
889	973
890	976
891	928
894	933
895	970
896	976
897	933
898	977
899	902
899	930
899	952
901	919
904	914
904	982
904	983
906	958
907	914
907	922
911	979
913	920
913	933
914	971
916	971
917	936
918	974
921	954
921	970
921	989
924	981
925	949
926	941
929	958
930	931
930	997
931	947
931	952
931	976
931	990
933	969
933	982
933	998
936	969
941	967
942	946
945	948
946	948
947	975
954	961
958	983
959	973
959	983
961	981
970	979
973	982
975	983
976	984
