0	106
0	212
0	267
0	292
0	734
0	736
0	744
0	759
0	806
0	947
0	993
1	138
1	249
1	479
1	696
1	706
1	850
2	57
2	60
2	64
2	126
2	207
2	260
2	278
2	435
2	475
2	486
2	493
2	735
2	740
2	864
3	149
3	193
3	352
3	869
3	871
4	757
5	22
5	38
5	331
5	723
5	743
5	868
5	919
6	161
6	487
6	934
7	8
7	27
7	57
7	184
7	322
7	337
7	438
7	510
7	568
7	626
7	676
7	792
7	826
7	995
8	47
8	244
8	420
8	549
8	674
8	774
8	901
9	66
9	324
9	403
9	510
9	615
9	620
9	720
9	754
9	813
9	897
9	917
9	941
10	116
10	270
10	355
10	567
10	573
10	586
10	602
10	638
10	821
10	896
10	980
11	348
11	447
11	793
12	101
12	107
12	109
12	639
12	808
13	417
13	546
14	92
14	96
14	218
14	391
14	426
14	463
14	513
14	537
14	644
14	719
14	830
14	846
14	855
14	859
15	45
15	230
15	470
15	730
15	879
16	157
16	346
16	407
16	412
16	454
16	593
16	815
16	867
17	20
17	85
17	281
17	314
17	470
17	472
17	476
18	185
18	201
18	283
18	440
18	445
18	879
18	935
18	984
19	47
19	64
19	94
19	124
19	250
19	260
19	287
19	367
19	382
19	405
19	420
19	529
19	554
19	586
19	705
19	758
19	884
19	912
20	432
20	817
20	954
21	45
21	212
21	232
21	252
21	283
21	290
21	295
21	345
21	470
21	525
21	805
21	829
21	865
21	886
21	918
22	170
22	196
22	435
22	478
22	562
22	592
22	975
23	48
23	242
23	276
23	296
23	509
23	773
23	819
24	370
24	656
25	36
25	44
25	123
25	455
25	515
25	561
25	797
25	902
26	94
26	140
26	297
26	298
26	321
26	419
26	543
26	604
26	634
26	792
26	812
26	878
26	945
26	950
27	65
27	191
27	192
27	418
27	586
27	622
27	718
27	875
27	956
28	107
28	201
28	416
28	433
29	642
29	953
29	957
29	975
30	252
30	571
30	809
31	35
31	38
31	167
31	183
31	184
31	202
31	261
31	387
31	397
31	467
31	511
31	551
31	620
31	634
31	900
31	940
31	964
32	37
32	92
32	339
32	442
32	647
32	730
32	741
32	782
32	806
33	48
33	101
33	195
33	218
33	460
33	462
33	920
34	130
34	535
34	953
35	99
35	126
35	250
35	285
35	312
35	507
35	576
35	624
35	679
35	740
35	758
35	779
35	870
36	144
36	205
36	237
36	277
36	375
36	394
36	429
36	505
36	792
36	892
37	103
37	181
37	212
37	283
37	393
37	424
37	506
37	518
37	610
37	742
37	817
37	839
37	954
38	121
38	176
38	181
38	232
38	290
38	320
38	506
38	556
38	624
38	650
38	733
38	803
38	951
38	955
39	63
39	297
39	351
39	407
39	530
39	549
39	619
39	892
40	771
41	333
41	411
41	775
41	992
42	52
42	565
43	52
43	196
43	240
43	517
43	576
43	729
43	753
43	807
43	916
43	958
44	193
44	260
44	279
44	307
44	358
44	504
44	584
44	673
44	732
44	804
44	824
44	832
44	839
44	911
44	932
45	114
45	128
45	154
45	231
45	381
45	404
45	453
45	550
45	583
45	846
45	865
45	976
46	408
46	851
47	49
47	64
47	76
47	93
47	115
47	122
47	127
47	131
47	141
47	322
47	367
47	376
47	608
47	626
47	726
47	782
47	828
47	858
47	985
48	152
48	158
48	172
48	361
48	525
48	734
48	773
48	843
48	887
48	931
48	964
49	155
49	376
49	467
49	471
49	582
49	586
49	636
49	640
49	667
49	713
49	816
49	818
49	916
50	309
50	378
50	402
50	512
50	587
50	727
50	939
50	940
50	972
51	114
51	241
51	349
51	460
51	522
51	620
51	741
51	806
51	950
52	690
52	753
53	203
53	374
53	393
53	584
53	857
53	954
54	57
54	159
54	250
54	285
54	429
54	452
54	582
54	632
54	654
54	699
54	848
54	860
54	882
54	894
54	930
54	965
54	997
55	797
55	821
56	284
56	492
56	602
56	815
57	93
57	100
57	151
57	167
57	198
57	239
57	241
57	383
57	460
57	479
57	555
57	592
57	623
57	639
57	686
57	717
57	738
57	790
57	827
57	882
57	912
58	193
58	490
58	584
58	733
58	742
58	871
58	886
58	911
58	939
58	945
58	965
59	131
59	177
59	319
59	376
59	394
59	483
59	527
59	615
59	624
59	626
59	633
59	705
59	760
60	98
60	162
60	356
60	465
60	671
60	698
60	731
60	907
61	148
61	229
61	354
61	657
61	819
61	844
62	74
62	192
62	248
62	287
62	316
62	322
62	426
62	453
62	479
62	495
62	555
62	628
62	698
62	717
62	759
62	830
62	859
63	343
63	407
63	455
63	587
63	896
63	943
64	83
64	165
64	177
64	254
64	316
64	319
64	389
64	529
65	67
65	177
65	179
65	306
65	376
65	471
65	568
65	622
65	668
65	908
65	966
65	999
66	73
66	100
66	143
66	163
66	166
66	176
66	271
66	280
66	385
66	454
66	477
66	613
66	733
66	767
66	809
67	68
67	164
67	426
67	465
67	613
67	687
67	847
67	893
67	923
67	990
68	168
68	192
68	205
68	244
68	371
68	372
68	401
68	551
68	567
68	603
68	608
68	728
68	798
68	884
68	956
69	114
69	154
69	229
69	336
69	339
69	439
69	508
69	541
69	601
69	737
69	741
69	819
69	829
69	865
69	981
70	100
70	261
70	382
70	403
70	555
70	634
70	639
70	806
70	950
71	279
71	309
71	842
71	906
71	918
72	158
72	494
72	495
72	747
73	154
73	176
73	253
73	273
73	277
73	290
73	321
73	733
73	812
73	886
73	906
74	94
74	197
74	199
74	278
74	318
74	332
74	460
74	478
74	623
74	650
74	667
74	678
74	699
75	390
75	445
75	577
75	739
75	747
75	768
75	944
76	83
76	144
76	205
76	217
76	264
76	312
76	400
76	469
76	532
76	542
76	608
76	626
76	754
76	770
76	841
76	888
76	999
77	243
77	371
77	467
77	713
77	783
78	390
78	392
78	481
78	766
79	291
79	752
79	810
79	866
80	120
80	168
80	243
80	303
80	315
80	847
80	990
81	289
81	383
81	421
81	660
81	739
81	944
82	117
82	314
82	621
83	108
83	211
83	312
83	418
83	572
83	626
83	746
83	782
83	884
83	960
83	977
84	104
84	253
84	307
84	336
84	339
84	345
84	424
84	470
84	499
84	903
84	905
85	410
86	152
86	292
86	391
86	446
86	513
86	516
86	547
86	559
86	665
86	739
86	773
86	830
86	894
86	930
86	998
88	234
88	617
88	698
88	761
90	327
90	879
90	983
91	100
91	183
91	372
91	389
91	394
91	436
91	482
91	510
91	537
91	678
91	767
91	789
91	803
91	872
91	946
91	948
92	154
92	190
92	283
92	349
92	650
92	657
92	734
92	748
92	806
92	866
92	894
93	161
93	191
93	225
93	260
93	306
93	542
93	627
93	648
93	687
93	784
93	790
93	908
93	916
94	161
94	202
94	316
94	355
94	403
94	457
94	497
94	510
94	519
94	537
94	541
94	650
94	795
94	827
94	846
95	104
95	307
95	345
95	352
95	442
95	518
95	655
95	744
95	752
95	789
95	981
96	264
96	278
96	361
96	520
96	555
96	666
96	710
96	855
96	884
96	905
96	935
96	946
96	948
97	141
97	144
97	173
97	277
97	419
97	454
97	622
97	658
97	728
97	750
97	867
97	943
98	206
98	214
98	363
98	486
98	502
98	513
98	548
98	617
98	666
98	687
98	695
98	729
98	868
99	242
99	271
99	383
99	436
99	534
99	559
99	606
99	699
99	732
99	831
99	843
99	859
99	955
100	119
100	128
100	161
100	291
100	328
100	375
100	389
100	430
100	506
100	523
100	630
100	686
100	795
100	812
100	905
100	922
100	923
100	950
100	967
100	995
101	256
101	262
101	494
101	761
101	920
101	993
102	167
102	225
102	246
102	316
102	566
102	627
102	633
102	792
102	828
102	870
102	997
103	118
103	442
103	775
103	829
103	885
104	272
104	500
104	534
104	752
104	811
105	110
105	156
105	168
105	179
105	189
105	205
105	211
105	243
105	278
105	312
105	316
105	394
105	418
105	467
105	523
105	576
105	612
105	828
105	855
105	858
105	867
105	960
106	154
106	293
106	450
106	550
106	673
106	827
106	876
106	904
106	929
106	936
106	962
107	169
107	766
107	814
107	880
107	898
108	282
108	367
108	371
108	376
108	782
108	826
108	884
109	256
109	313
109	745
109	771
109	898
109	920
110	121
110	254
110	287
110	321
110	337
110	405
110	499
110	510
110	622
110	776
110	855
110	859
110	897
111	136
111	207
111	231
111	296
111	307
111	491
111	556
111	617
111	661
111	772
111	794
111	806
111	886
111	905
112	123
112	284
112	351
112	658
113	540
113	604
113	748
113	870
113	918
114	230
114	606
114	691
114	772
114	857
114	862
115	177
115	258
115	260
115	389
115	467
115	603
115	667
115	782
115	792
115	924
115	940
115	967
116	303
116	343
116	469
116	573
116	642
116	684
116	901
117	333
118	200
118	203
118	649
118	777
119	155
119	156
119	164
119	383
119	389
119	502
119	576
119	582
119	627
119	659
119	855
119	870
119	914
120	155
120	164
120	215
120	282
120	319
120	408
120	554
120	626
120	705
120	847
121	272
121	273
121	305
121	482
121	543
121	555
121	746
121	790
121	905
121	913
122	248
122	282
122	399
122	498
122	507
122	566
122	626
122	637
122	640
122	666
122	705
122	709
122	728
122	770
122	788
122	816
122	924
123	380
123	467
123	527
123	622
123	701
123	769
123	928
123	963
124	156
124	174
124	316
124	375
124	388
124	473
124	609
124	692
124	699
124	867
124	888
124	990
125	137
125	208
125	228
125	486
125	498
125	502
125	560
125	695
125	930
126	133
126	161
126	356
126	502
126	554
126	582
126	623
126	625
126	868
126	924
127	177
127	179
127	192
127	426
127	542
127	668
127	760
127	780
127	816
128	258
128	305
128	385
128	419
128	455
128	473
128	504
128	534
128	685
128	738
128	742
128	955
128	971
129	416
129	421
129	876
130	386
131	163
131	254
131	287
131	319
131	334
131	337
131	348
131	388
131	605
131	612
131	923
132	342
132	360
132	954
133	214
133	356
133	363
133	526
133	592
133	731
133	840
133	882
134	487
135	431
135	564
135	698
135	745
135	771
135	920
135	942
136	232
136	272
136	294
136	369
136	383
136	436
136	522
136	734
136	951
137	162
137	191
137	234
137	437
137	582
138	921
138	969
139	451
139	538
140	261
140	439
140	444
140	455
140	457
140	474
140	803
140	829
140	839
140	905
140	928
140	945
140	987
141	156
141	205
141	250
141	272
141	308
141	326
141	482
141	497
141	685
141	795
141	867
141	913
142	307
142	372
142	444
142	889
142	943
143	165
143	221
143	258
143	344
143	348
143	551
143	718
143	943
144	147
144	165
144	192
144	258
144	270
144	300
144	308
144	343
144	746
144	902
144	970
146	217
146	387
146	400
146	458
146	480
146	608
146	613
146	713
146	728
146	780
146	985
146	990
147	447
147	780
147	802
147	937
148	229
148	398
148	472
148	475
149	269
149	333
149	338
149	444
149	667
149	701
149	863
149	871
149	950
149	978
150	159
150	167
150	254
150	264
150	291
150	318
150	383
150	506
150	534
150	570
150	615
150	744
150	772
150	794
150	824
150	843
150	846
150	882
150	945
150	976
151	199
151	304
151	383
151	463
151	537
151	616
151	678
151	715
151	993
152	366
152	390
152	657
152	697
153	418
153	482
153	612
153	642
153	674
154	212
154	439
154	541
154	703
154	737
154	857
154	865
154	886
154	968
155	162
155	163
155	215
155	254
155	497
155	690
155	782
155	852
155	919
155	923
155	977
156	211
156	250
156	290
156	334
156	426
156	447
156	578
156	582
156	615
156	792
156	870
156	913
156	921
156	955
156	966
157	165
157	216
157	284
157	344
157	378
157	412
157	624
157	718
157	916
158	223
158	276
158	288
158	516
158	665
158	830
158	887
158	935
158	942
158	962
159	177
159	246
159	316
159	335
159	554
159	582
159	628
159	633
159	788
159	861
159	928
160	663
161	175
161	261
161	385
161	527
161	623
161	634
161	676
161	686
161	882
161	962
162	268
162	315
162	435
162	560
162	637
162	640
162	966
163	260
163	429
163	544
163	566
163	627
163	633
163	681
163	746
163	763
164	379
164	554
164	622
164	848
164	888
165	221
165	321
165	367
165	418
165	511
165	519
165	527
165	539
165	567
165	619
165	971
166	305
166	385
166	467
166	506
166	543
166	552
166	621
166	663
166	751
166	792
166	928
166	943
167	199
167	222
167	232
167	292
167	510
167	678
167	777
167	790
167	860
167	882
167	904
167	914
168	179
168	187
168	308
168	322
168	402
168	422
168	720
168	767
168	867
170	198
170	214
170	220
170	316
170	379
170	683
170	731
170	933
170	990
171	505
171	952
172	185
172	186
172	273
172	276
172	289
172	857
172	942
173	187
173	284
173	324
173	488
173	532
173	634
173	684
174	346
174	386
174	496
174	511
174	561
174	751
174	897
174	902
174	913
174	918
175	276
175	293
175	318
175	491
175	516
175	605
175	948
175	993
176	184
176	237
176	277
176	444
176	519
176	528
176	751
176	811
176	817
176	853
176	987
177	306
177	376
177	382
177	395
177	640
177	690
177	705
177	908
179	243
179	282
179	420
179	483
179	527
179	549
179	626
179	668
179	728
179	760
179	767
179	780
179	990
180	476
180	885
180	954
181	232
181	389
181	405
181	477
181	497
181	620
181	703
181	710
181	763
181	789
181	794
181	827
181	839
182	384
183	261
183	272
183	388
183	419
183	436
183	457
183	474
183	537
183	633
183	667
183	703
183	794
183	795
183	846
183	859
183	946
183	951
184	205
184	305
184	308
184	312
184	367
184	429
184	444
184	671
184	767
184	794
184	803
184	832
184	867
184	994
184	995
185	190
185	276
185	433
185	446
185	599
185	747
185	761
185	850
185	942
185	944
186	276
186	390
186	494
186	969
187	300
187	303
187	322
187	473
187	477
187	579
187	635
187	651
187	769
188	336
188	550
188	926
188	965
189	422
189	551
189	869
189	884
190	794
190	814
190	931
191	215
191	308
191	437
191	467
191	566
191	594
191	625
191	659
191	820
191	893
192	269
192	375
192	387
192	422
192	454
192	551
192	572
192	612
192	668
192	746
192	826
192	884
192	906
192	956
193	286
193	378
193	448
193	490
193	552
193	590
193	600
193	621
193	625
193	748
193	832
193	892
194	339
194	457
194	574
194	794
194	811
194	897
194	950
195	384
195	494
196	266
196	653
196	735
196	762
196	807
196	921
197	202
197	211
197	285
197	301
197	463
197	516
197	697
197	781
197	904
197	921
197	993
197	998
198	215
198	248
198	264
198	466
198	471
198	483
198	554
198	576
198	659
198	738
198	877
198	893
198	916
198	924
198	990
199	222
199	223
199	286
199	345
199	369
199	389
199	436
199	442
199	453
199	474
199	506
199	510
199	537
199	556
199	655
199	701
199	777
199	813
199	831
199	859
199	941
200	819
200	885
201	262
201	276
201	332
201	427
201	513
201	993
202	241
202	287
202	305
202	375
202	377
202	391
202	394
202	460
202	537
202	582
202	583
202	585
202	733
202	831
202	841
202	860
202	918
202	945
202	946
202	967
202	975
203	281
204	868
204	949
205	335
205	367
205	375
205	412
205	529
205	549
205	667
206	373
206	465
206	592
206	740
206	807
207	294
207	462
207	486
207	612
207	632
207	807
208	222
208	292
208	443
208	452
208	577
208	677
208	694
208	698
208	808
208	907
208	998
209	423
209	927
210	635
210	775
211	221
211	258
211	271
211	430
211	572
211	622
211	634
211	767
211	932
211	951
211	971
212	242
212	391
212	499
212	657
212	661
212	734
212	859
212	874
212	936
212	968
212	976
213	278
213	334
213	440
213	625
213	627
213	633
213	637
213	654
213	692
213	738
213	788
214	341
214	384
214	498
214	639
214	640
214	740
215	498
215	559
215	636
215	721
215	816
215	908
215	958
215	990
216	324
216	329
216	378
216	473
216	477
217	480
217	728
217	799
218	289
218	304
218	313
218	325
218	366
218	509
218	643
218	808
218	887
218	969
219	426
219	675
219	713
219	847
220	243
220	399
220	441
220	877
221	324
221	343
221	351
221	401
221	619
221	817
221	974
222	239
222	460
222	463
222	497
222	555
222	559
222	582
222	623
222	628
222	632
222	695
222	697
222	732
222	795
222	861
222	864
222	932
222	962
222	993
223	301
223	440
223	462
223	475
223	495
223	566
223	605
223	894
223	964
224	596
224	669
225	268
225	294
225	308
225	316
225	418
225	628
225	637
225	738
225	829
225	966
226	309
226	354
227	387
227	937
228	236
228	452
228	520
228	555
228	695
228	894
228	927
228	942
229	336
229	398
229	450
229	641
229	839
229	844
230	374
230	439
230	495
230	522
230	950
230	971
231	372
231	534
231	624
231	661
231	682
231	829
231	831
231	846
231	929
231	945
231	981
232	239
232	253
232	261
232	290
232	497
232	583
232	601
232	647
232	672
232	699
232	804
232	810
232	824
232	827
232	950
232	968
233	847
234	294
234	513
234	848
235	249
235	596
236	319
236	367
236	482
236	511
236	529
236	549
236	572
236	720
237	271
237	276
237	300
237	402
237	455
237	543
237	590
237	853
237	896
237	918
237	994
239	301
239	427
239	479
239	534
239	582
239	589
239	666
239	804
239	864
240	248
240	357
240	373
240	544
240	580
240	675
240	774
240	868
240	933
241	308
241	388
241	442
241	678
241	707
241	830
241	836
242	291
242	328
242	475
242	520
242	547
242	645
242	665
242	789
242	935
242	966
243	687
243	728
243	820
244	371
244	400
244	532
244	770
244	793
244	956
246	278
246	285
246	373
246	382
246	435
246	479
246	576
246	652
246	683
246	811
246	848
246	933
246	958
246	987
247	724
248	251
248	357
248	483
248	554
248	687
249	392
250	254
250	285
250	287
250	291
250	334
250	350
250	355
250	394
250	397
250	496
250	566
250	578
250	603
250	648
250	681
250	826
250	884
251	330
251	868
251	949
252	703
252	846
252	886
252	900
253	438
253	448
253	457
253	459
253	518
253	570
253	742
253	839
253	911
253	929
253	950
254	260
254	287
254	322
254	578
254	603
254	686
254	860
254	940
254	960
255	660
255	808
256	317
256	347
257	315
257	443
257	592
257	636
258	261
258	346
258	405
258	422
258	473
258	638
258	718
258	833
258	913
258	932
258	941
259	535
260	261
260	287
260	388
260	399
260	448
260	607
260	615
260	625
260	637
260	683
260	789
260	831
260	932
261	305
261	308
261	332
261	463
261	474
261	479
261	550
261	637
261	717
261	790
261	827
261	855
261	882
262	320
262	365
262	605
262	607
262	669
262	894
263	317
263	431
263	520
263	648
263	689
263	743
263	807
264	304
264	460
264	466
264	479
264	632
264	666
264	694
264	705
264	894
264	907
265	314
265	810
266	301
266	675
266	731
266	848
266	998
267	365
267	719
267	944
268	466
268	526
268	559
268	566
268	676
268	683
268	721
268	870
269	539
269	593
269	792
269	971
270	343
270	539
270	663
270	769
270	780
270	956
271	277
271	286
271	429
271	619
271	751
271	812
271	869
271	906
271	939
271	941
272	277
272	337
272	388
272	397
272	515
272	543
272	667
272	742
272	758
272	795
272	803
272	918
273	419
273	430
273	438
273	448
273	511
273	525
273	606
273	655
273	667
273	732
273	750
273	843
273	911
273	942
273	946
274	851
275	443
275	653
275	669
275	880
276	288
276	296
276	366
276	837
276	936
277	345
277	375
277	388
277	496
277	519
277	685
277	746
277	750
277	772
277	804
277	836
277	872
277	918
277	971
278	285
278	376
278	479
278	623
278	632
278	679
278	690
278	738
278	758
278	784
278	870
278	923
279	492
280	448
280	492
280	552
280	631
280	638
280	642
280	820
280	833
281	310
281	470
281	811
282	816
283	339
283	342
283	404
283	506
283	525
283	541
283	589
283	661
283	741
283	772
283	831
283	832
283	905
284	329
284	539
284	638
284	663
284	667
284	925
285	316
285	555
285	592
285	628
285	745
285	907
286	383
286	523
286	534
286	604
286	650
286	666
287	337
287	369
287	397
287	586
287	613
287	630
287	776
287	812
287	923
287	958
288	296
288	325
288	548
288	558
288	577
288	936
289	560
289	664
290	305
290	354
290	424
290	703
290	732
290	772
290	789
290	832
290	941
290	971
291	307
291	308
291	377
291	473
291	474
291	510
291	518
291	527
291	576
291	615
291	676
291	699
291	728
291	759
291	776
291	792
291	795
291	861
291	955
291	962
292	463
292	507
292	509
292	686
292	703
292	893
292	935
292	948
293	339
293	475
293	489
293	806
293	903
293	962
294	318
294	500
294	513
294	643
294	670
294	921
294	969
295	419
295	482
295	506
295	510
295	518
295	604
295	965
295	983
295	987
296	318
296	377
296	605
296	676
296	894
296	998
297	413
297	492
297	797
297	860
297	974
297	995
298	519
298	570
298	600
298	627
298	746
298	987
300	355
300	504
300	594
300	608
300	609
300	685
300	767
300	769
300	779
300	859
300	913
300	956
301	357
301	475
301	478
301	520
301	560
301	632
301	669
301	753
301	924
303	726
303	793
303	970
304	475
304	513
304	639
304	717
304	732
304	763
304	843
304	882
305	398
305	518
305	682
305	703
305	746
305	750
305	812
305	827
305	945
305	965
306	317
306	337
306	350
306	465
306	507
306	576
306	816
306	975
307	308
307	475
308	376
308	454
308	467
308	622
308	692
308	804
308	813
308	888
308	932
308	951
309	310
309	584
309	610
309	752
309	839
309	986
310	512
310	866
310	918
311	542
311	565
312	348
312	358
312	467
312	537
312	637
312	671
312	687
312	848
312	872
312	893
312	997
313	581
313	639
313	747
314	354
314	992
315	317
315	361
315	818
315	848
315	914
316	407
316	418
316	474
316	620
316	625
316	627
316	715
316	767
316	971
316	997
317	437
317	486
317	520
317	527
317	695
317	735
317	768
317	870
317	989
318	460
318	491
318	547
318	548
318	632
318	666
318	950
318	962
319	511
319	634
319	699
319	906
319	932
319	940
319	960
319	971
320	366
320	475
320	489
320	666
320	759
320	811
320	860
320	865
320	874
320	944
320	945
321	354
321	372
321	383
321	767
321	804
321	831
321	928
321	971
322	377
322	544
322	622
322	626
322	692
322	733
322	777
322	884
322	960
323	531
323	635
323	825
323	833
323	910
323	996
324	371
324	792
324	815
325	328
325	384
325	427
325	745
325	873
325	887
325	899
325	942
326	334
326	358
326	367
326	422
326	467
326	566
326	567
326	579
326	858
326	861
326	912
327	339
327	730
327	962
328	520
328	547
328	695
328	784
328	955
329	490
329	821
330	443
330	580
330	868
330	958
331	406
331	933
332	336
332	495
332	522
332	547
332	616
332	630
332	707
332	744
332	843
332	921
332	922
332	948
332	965
332	967
333	662
334	347
334	394
334	401
334	566
334	586
334	683
334	893
334	914
334	924
335	350
335	399
335	659
335	779
335	872
335	908
335	997
336	374
336	691
336	737
336	741
337	348
337	371
337	405
337	407
337	586
337	624
337	912
337	940
338	402
338	512
338	591
338	863
338	891
338	892
338	896
339	345
339	403
339	424
339	442
339	737
339	742
339	806
339	922
340	417
340	499
340	810
340	836
340	844
340	866
341	637
341	860
342	862
342	947
343	488
343	590
343	638
343	651
343	769
343	896
344	459
344	492
345	413
345	457
345	496
345	500
345	527
345	610
345	650
345	688
345	718
345	911
345	968
346	386
346	407
346	501
346	645
346	798
346	940
347	356
347	391
347	446
347	513
347	854
347	948
347	961
347	962
347	990
348	387
348	422
348	552
348	567
348	600
348	634
349	383
349	817
349	829
349	865
349	964
349	976
349	981
349	987
350	478
350	507
350	547
350	633
350	671
350	782
350	870
350	960
351	466
351	590
352	393
352	523
352	530
352	591
352	701
352	978
352	986
353	417
353	606
353	730
353	778
353	854
354	424
354	733
354	839
355	367
355	394
355	405
355	467
355	530
355	567
355	650
355	754
355	870
355	884
355	940
355	971
356	592
356	637
356	675
356	740
356	828
357	373
357	483
357	625
357	675
357	705
357	729
357	788
357	816
358	369
358	372
358	377
358	388
358	405
358	474
358	506
358	534
358	570
358	585
358	615
358	788
358	804
358	900
358	946
358	951
358	995
359	798
359	910
360	472
360	522
360	606
360	661
361	363
361	463
361	560
361	665
361	669
361	670
361	710
361	773
361	843
361	864
361	935
363	762
363	774
363	784
364	783
365	814
365	819
365	942
365	998
366	446
366	665
366	808
366	887
367	382
367	549
367	551
367	578
367	681
367	795
367	897
368	844
369	372
369	383
369	403
369	592
369	601
369	650
369	657
369	703
369	707
369	734
369	827
369	846
369	965
370	455
371	401
371	551
371	572
371	578
371	603
371	798
372	402
372	405
372	454
372	504
372	672
372	746
372	846
372	869
372	928
372	971
373	653
373	682
373	723
373	740
373	753
373	767
373	861
373	899
373	924
373	990
374	468
374	475
374	499
374	525
374	682
374	691
374	981
375	388
375	454
375	497
375	511
375	530
375	620
375	637
375	794
375	860
375	951
375	995
376	418
376	498
376	544
376	608
376	687
376	723
376	728
376	782
376	912
376	923
376	990
377	436
377	438
377	474
377	623
377	707
377	788
377	790
377	918
377	948
377	967
378	414
378	490
378	561
378	727
378	772
379	626
379	636
379	690
379	816
379	820
379	872
379	953
380	444
380	517
380	552
380	561
380	978
381	489
381	954
382	441
382	576
382	586
382	626
382	640
382	758
382	912
382	914
382	990
383	436
383	491
383	585
383	592
383	604
383	759
383	789
383	882
383	965
384	880
384	898
384	969
385	397
385	438
385	477
385	570
385	594
385	667
385	699
385	767
385	769
385	792
385	896
385	939
386	428
386	658
386	853
387	420
387	648
387	705
387	720
387	726
387	780
387	858
387	872
388	397
388	405
388	453
388	474
388	482
388	490
388	511
388	539
388	551
388	652
388	671
388	685
388	703
388	721
388	777
388	790
388	812
388	859
388	867
388	897
388	946
388	998
389	426
389	466
389	527
389	559
389	604
389	620
389	632
389	671
389	686
389	827
389	859
389	955
389	962
389	967
389	997
390	431
390	494
390	715
390	773
390	942
391	430
391	483
391	605
391	630
391	647
391	686
391	859
391	882
391	930
392	563
393	436
393	655
393	772
393	794
393	829
393	832
394	429
394	458
394	763
394	951
396	580
397	403
397	454
397	510
397	552
397	570
397	633
397	692
397	728
397	941
397	997
398	476
398	571
398	810
399	507
399	793
399	877
400	532
400	668
400	684
400	760
400	953
401	532
401	545
401	754
402	518
402	634
402	655
402	667
402	672
402	685
402	733
403	438
403	453
403	483
403	495
403	511
403	530
403	548
403	570
403	582
403	624
403	650
403	777
403	789
403	824
403	859
403	911
403	951
404	641
404	730
404	857
404	948
405	439
405	448
405	473
405	552
405	587
405	604
405	699
405	763
405	777
405	824
405	869
405	900
406	538
406	800
407	458
407	467
407	473
407	529
407	578
407	613
407	939
407	981
410	879
411	512
412	501
412	572
412	590
412	672
412	833
412	938
412	943
412	956
413	496
413	512
413	519
413	733
413	742
413	750
413	803
413	928
413	994
413	997
414	952
414	992
415	891
417	701
418	532
418	566
418	667
418	679
418	690
418	776
418	816
418	858
418	884
418	912
418	924
418	960
419	457
419	473
419	474
419	477
419	511
419	672
419	692
419	794
419	813
419	824
419	896
419	941
420	603
420	779
420	782
420	828
420	855
420	938
421	814
421	850
422	511
422	568
422	754
422	793
423	575
423	598
424	518
424	741
424	742
424	889
424	939
426	463
426	523
426	556
426	559
426	570
426	612
426	627
426	628
426	659
426	678
426	690
426	734
426	922
426	948
426	955
426	960
427	491
427	502
427	516
427	678
427	735
427	907
427	927
427	930
428	492
428	631
429	504
429	619
429	624
429	718
429	750
429	763
429	804
429	827
429	932
430	537
430	612
430	703
430	789
430	820
430	831
430	942
430	955
430	967
430	995
431	475
431	695
432	472
432	476
432	691
433	509
433	664
433	696
435	463
435	465
435	478
435	526
435	628
435	659
435	699
435	997
436	475
436	583
436	650
436	715
436	744
436	790
436	846
436	869
436	929
436	941
436	946
437	478
437	526
437	562
437	569
437	628
437	683
437	958
438	448
438	523
438	559
438	681
438	788
438	900
438	929
438	951
438	960
438	995
438	997
439	857
439	865
439	976
440	452
440	509
440	550
440	644
440	759
440	830
440	920
440	930
440	958
441	483
441	726
441	888
442	457
442	534
442	794
442	950
442	981
443	452
444	515
444	552
444	750
444	889
444	951
445	814
445	936
446	669
446	710
446	857
446	942
447	507
448	543
448	750
448	763
448	789
448	812
448	943
448	978
448	994
449	660
450	649
450	827
451	807
452	516
452	560
452	677
452	864
453	474
453	477
453	547
453	555
453	624
453	686
453	699
453	738
453	762
453	767
453	777
453	855
453	946
453	974
453	993
454	529
454	551
454	552
454	567
454	594
454	622
454	812
454	932
455	515
455	587
455	610
455	968
456	595
456	663
456	974
457	506
457	624
457	667
457	672
457	741
457	790
457	832
457	861
457	900
458	539
458	938
458	953
459	474
459	534
459	549
459	634
459	672
459	733
459	971
460	479
460	495
460	555
460	615
460	666
460	710
460	715
460	759
460	831
460	859
460	882
461	590
461	821
462	599
462	677
462	739
462	942
463	478
463	676
463	861
463	924
464	829
465	507
465	674
465	709
465	875
465	884
465	975
466	582
466	628
466	723
466	893
466	912
466	955
467	551
467	572
467	573
467	841
467	863
467	889
467	932
467	940
468	778
468	801
469	708
469	980
469	982
470	737
470	781
470	810
470	903
470	905
471	588
471	705
471	753
473	477
473	497
473	516
473	597
473	634
473	640
473	685
473	746
473	763
473	913
473	946
474	510
474	519
474	534
474	685
474	687
474	746
474	797
474	826
474	900
474	971
474	974
475	548
475	676
475	789
475	843
475	922
475	930
475	935
475	936
475	941
476	749
476	801
476	903
477	621
477	667
477	751
477	763
477	896
477	897
477	906
478	498
478	537
478	679
479	623
479	645
479	648
479	676
479	836
479	904
480	642
482	497
482	541
482	624
482	685
482	721
482	812
482	824
482	826
482	827
482	900
482	951
483	542
483	554
483	633
483	683
483	687
483	705
483	818
483	852
483	884
483	916
483	940
483	958
483	960
486	628
487	538
488	572
488	595
488	602
488	651
488	658
488	684
488	726
488	943
489	719
489	748
489	865
489	878
490	658
490	853
490	950
491	513
491	719
491	878
491	936
492	504
492	602
493	599
493	653
493	676
493	694
493	702
493	729
493	745
493	784
494	564
495	502
495	548
495	657
495	665
495	691
495	707
495	772
495	792
495	843
495	964
496	522
496	549
496	701
496	767
496	794
496	804
496	892
496	923
496	928
496	939
496	951
497	537
497	555
497	585
497	681
497	788
497	813
497	930
498	847
499	682
499	741
500	518
500	521
500	556
500	589
500	789
501	505
502	605
502	648
502	650
502	686
502	721
502	731
502	870
503	552
503	663
503	797
504	515
504	561
504	600
504	906
504	968
506	518
506	522
506	548
506	604
506	647
506	648
506	686
506	734
506	742
506	790
506	794
506	832
506	843
506	865
506	929
506	941
506	951
506	962
507	652
507	668
507	728
507	760
507	893
507	907
507	908
508	879
509	744
509	876
510	571
510	592
510	650
510	692
510	699
510	846
510	945
510	967
510	995
511	515
511	551
511	590
511	602
511	609
511	634
511	902
511	971
512	750
513	644
513	808
513	830
513	894
514	532
515	534
515	539
515	604
515	685
515	746
515	750
515	833
515	928
515	938
515	939
515	971
516	537
516	554
516	605
516	632
516	665
516	697
516	788
516	855
517	846
517	992
518	601
518	732
518	742
518	772
518	918
518	968
519	650
519	752
519	795
519	869
519	892
520	547
520	553
520	588
520	882
521	525
521	644
521	879
522	556
522	606
522	617
522	661
522	772
522	781
523	633
523	699
523	759
523	861
523	955
523	995
525	650
525	673
525	692
525	715
525	734
525	772
526	555
526	582
526	592
526	599
526	639
526	694
526	721
526	729
526	861
526	882
526	920
526	966
527	637
527	648
527	728
527	820
527	966
527	997
528	552
528	572
528	600
528	795
528	889
528	928
529	573
529	776
529	820
529	913
529	997
530	619
530	780
530	798
530	869
531	797
532	794
532	917
532	937
534	585
534	622
534	695
534	732
534	759
534	820
534	843
534	945
534	950
534	965
536	909
537	671
537	843
537	884
537	941
537	960
537	995
539	549
539	613
539	619
539	799
539	812
540	584
540	811
540	889
541	589
541	737
541	772
542	636
542	675
542	709
542	828
542	937
543	593
543	667
543	733
543	804
543	869
543	978
544	728
545	551
545	776
545	902
545	971
546	878
547	717
547	894
547	922
547	946
548	605
548	678
548	710
548	962
549	551
549	576
549	586
549	651
549	940
549	970
550	655
550	682
550	736
550	741
550	857
550	929
551	626
551	780
551	938
552	609
552	763
552	853
552	906
552	940
553	564
553	880
553	942
554	582
554	620
554	623
554	636
554	681
554	683
554	687
554	703
554	893
554	924
554	975
555	623
555	624
555	652
555	661
555	666
555	698
555	874
556	732
556	734
556	789
556	794
556	806
556	869
556	903
556	929
556	968
557	611
557	849
558	559
558	734
558	886
558	976
559	623
559	671
559	676
559	750
559	813
559	859
559	861
560	623
560	935
561	752
564	669
564	721
564	761
566	625
566	637
566	728
566	792
566	816
566	908
566	970
567	684
567	815
567	943
567	956
568	578
568	603
568	912
568	937
568	960
568	990
569	653
569	659
569	675
570	590
570	831
570	886
570	914
570	951
570	995
571	836
571	885
571	905
572	613
572	622
572	754
572	776
572	858
572	914
572	956
572	967
573	578
573	608
573	609
573	780
573	793
573	913
573	960
573	970
574	664
574	857
576	625
576	678
576	901
576	902
576	908
576	967
577	808
577	850
578	612
578	855
578	957
579	651
579	970
580	765
580	977
581	837
582	627
582	671
582	692
582	717
582	721
582	743
582	788
582	855
582	904
583	655
583	889
584	688
584	832
584	853
584	954
585	624
585	634
585	692
585	820
585	827
585	882
585	893
586	603
586	912
586	971
587	600
588	702
588	818
588	840
589	601
589	691
589	903
590	591
590	638
591	685
591	811
591	886
591	892
592	666
592	807
592	933
592	935
592	974
593	635
594	692
594	703
594	726
594	733
594	792
594	867
594	896
594	897
594	940
595	940
599	654
599	729
599	989
600	763
600	831
601	606
601	811
601	829
601	865
601	903
601	947
601	948
602	685
602	718
603	627
603	792
603	828
603	901
604	804
605	811
605	843
605	914
605	995
606	730
606	829
607	687
607	908
607	997
608	659
608	783
608	914
609	634
609	668
609	792
609	860
609	867
609	971
610	621
610	655
610	746
612	681
612	806
613	720
613	751
613	896
613	917
614	982
615	647
615	671
615	697
615	831
616	730
616	922
617	864
617	936
617	969
619	833
619	971
620	758
620	790
620	827
620	846
620	914
620	948
621	763
621	889
621	974
622	667
622	672
622	728
622	776
622	829
622	867
622	902
622	913
623	678
623	686
623	692
623	721
623	777
623	795
623	805
623	870
623	882
624	650
624	792
624	859
624	861
624	900
625	636
625	652
625	831
625	841
625	860
625	864
625	888
625	907
625	916
625	924
625	958
625	966
626	960
627	690
627	870
627	995
628	645
628	694
628	738
628	767
628	870
628	993
628	997
629	664
629	696
629	814
629	837
629	854
629	876
630	715
630	759
630	830
630	846
630	874
630	911
630	950
630	954
630	964
631	716
632	639
632	644
632	762
632	864
632	904
633	676
633	690
633	758
633	762
633	788
633	975
634	655
634	685
634	687
634	710
634	833
634	928
634	932
634	939
634	941
634	951
634	997
636	755
636	820
636	847
636	923
636	975
637	738
637	843
637	870
637	882
637	966
637	990
638	668
638	797
638	892
638	957
639	678
639	717
639	759
639	864
639	870
639	894
639	924
640	683
641	649
642	726
642	793
642	802
642	970
643	747
644	948
645	762
645	794
645	864
645	914
645	930
645	966
647	654
647	703
647	790
647	805
647	843
647	929
647	965
647	981
647	995
648	759
648	760
648	900
648	904
650	655
650	661
650	673
650	703
650	790
650	869
651	822
652	924
652	990
653	735
653	870
654	669
654	695
654	703
654	710
654	728
654	807
654	924
655	733
657	707
657	715
657	732
657	759
657	791
657	805
658	667
658	825
658	963
659	683
659	888
659	919
660	706
660	854
661	682
661	790
661	945
662	891
663	821
664	739
664	759
664	962
664	983
665	676
665	687
665	861
665	899
666	734
666	820
666	855
666	864
666	899
667	685
667	746
667	777
667	824
667	869
667	878
667	900
667	981
668	713
668	799
668	841
668	872
668	967
668	991
669	735
669	743
669	868
670	710
670	734
671	692
671	698
671	776
671	813
671	826
671	924
672	746
672	812
672	972
673	682
673	865
673	905
674	841
674	901
675	683
675	840
675	852
676	692
676	697
676	710
676	738
676	795
677	694
677	698
677	907
678	777
678	846
679	864
679	907
679	930
679	942
680	863
680	866
681	826
682	730
682	839
682	905
682	918
682	974
683	816
683	868
683	924
684	798
684	952
684	957
685	763
685	812
685	955
686	699
686	707
686	715
686	795
686	870
686	900
686	914
686	924
686	993
687	877
687	888
687	990
688	809
690	868
690	975
690	989
691	950
692	699
692	720
692	777
692	884
692	940
693	996
694	784
694	864
694	904
694	975
695	698
695	735
695	807
695	864
695	880
695	899
695	936
696	936
697	698
697	721
697	734
697	846
697	855
697	859
697	882
697	930
697	935
697	966
697	993
698	898
698	920
699	812
699	831
699	904
699	962
699	981
700	847
701	853
701	946
702	847
703	794
703	803
703	824
703	911
703	945
703	965
703	995
705	782
705	991
707	715
707	726
707	936
707	964
708	957
709	717
709	724
709	841
709	907
710	843
710	887
710	905
710	907
710	993
712	761
712	766
712	930
713	991
714	959
714	973
715	777
715	843
715	846
715	861
715	905
715	941
716	797
716	996
717	941
718	733
718	763
718	813
718	943
718	963
718	990
719	736
719	814
719	936
720	956
721	855
721	962
721	971
722	752
722	836
722	866
722	978
723	729
723	731
723	738
723	745
724	851
726	779
726	782
726	938
726	991
727	974
728	858
728	985
730	857
731	753
732	746
732	750
732	772
732	788
732	827
732	843
732	860
732	941
732	946
732	950
733	750
733	763
733	790
733	803
733	900
733	918
734	806
734	905
734	935
734	945
736	748
736	860
736	887
738	860
738	964
739	814
739	854
739	856
741	810
741	812
741	855
741	903
741	905
742	746
742	805
742	813
742	911
743	771
743	873
744	855
744	950
745	753
745	930
745	998
746	789
746	790
746	794
746	804
746	889
746	994
748	866
748	879
748	983
749	978
750	752
751	863
751	974
752	904
752	978
752	996
753	893
754	767
754	822
754	970
755	877
756	793
758	788
758	813
758	860
758	872
758	955
758	967
759	830
759	861
759	948
760	820
762	864
762	882
762	921
762	998
763	831
763	833
763	900
763	917
763	963
763	968
766	837
767	790
767	813
767	846
767	932
767	939
769	815
769	833
770	792
770	991
771	786
771	927
772	869
772	945
772	981
773	830
775	891
775	972
776	896
776	897
776	913
776	938
777	794
777	830
777	859
777	900
777	911
777	946
777	964
778	781
778	856
778	857
778	862
779	917
779	937
779	991
780	923
781	954
781	981
781	986
782	872
782	884
783	875
783	999
784	998
786	880
788	855
788	860
788	967
789	811
789	817
789	940
790	892
790	918
790	929
790	950
791	808
791	984
792	813
792	841
792	867
792	916
792	928
793	799
793	802
794	812
794	897
794	932
795	804
795	882
795	971
795	995
796	808
798	943
798	963
801	856
801	885
801	947
801	961
803	827
803	911
803	950
803	951
803	987
804	836
804	913
805	865
805	873
805	968
806	829
806	962
807	818
809	829
809	844
809	866
809	909
810	842
811	832
811	905
811	918
812	827
812	829
812	833
812	878
812	894
812	906
813	884
813	939
813	941
813	955
813	967
815	913
817	906
817	928
818	899
820	859
820	923
821	982
822	901
822	917
822	953
826	869
826	914
826	932
827	831
827	922
827	950
827	986
827	995
828	940
829	918
829	962
830	948
830	998
831	860
831	870
831	946
831	951
831	955
832	857
832	941
832	987
836	878
837	931
838	944
839	869
839	992
840	919
843	930
843	955
844	909
846	965
846	967
846	997
847	908
848	864
848	868
850	944
853	863
853	974
854	944
855	860
856	862
857	879
858	912
858	916
858	938
859	950
861	882
861	997
862	947
864	997
865	886
866	986
867	938
867	997
869	994
870	966
870	998
871	891
872	908
873	942
873	969
874	929
874	965
875	901
876	880
876	915
878	900
880	927
882	995
884	956
885	961
886	905
886	981
887	944
889	994
891	978
892	901
897	932
897	971
898	927
899	920
899	933
899	998
900	951
901	925
901	957
902	971
903	966
903	993
904	930
905	929
906	994
908	960
908	990
911	950
911	965
912	932
912	956
914	967
914	997
917	988
918	948
922	945
924	967
927	930
928	987
929	968
929	981
930	948
930	993
935	964
935	998
938	953
939	974
942	962
942	969
943	963
946	967
946	981
948	964
948	965
950	955
952	980
953	957
964	993
965	993
966	975
970	974
980	982
985	991
991	999
