0	445
0	558
0	624
0	688
1	153
1	468
1	882
1	955
2	375
2	849
3	111
3	187
3	431
3	499
3	643
3	666
3	719
3	778
3	811
3	826
3	864
3	936
4	81
4	457
4	479
4	513
4	611
4	696
4	748
4	755
4	801
5	38
5	108
5	331
5	378
5	527
5	554
6	37
6	53
6	61
6	86
6	105
6	169
6	261
6	340
6	404
6	610
6	826
7	8
7	88
7	135
7	144
7	202
7	249
7	275
7	418
7	432
7	548
7	630
7	763
7	929
7	941
8	114
8	221
8	252
8	322
8	381
8	426
8	443
8	529
8	613
8	634
8	772
8	839
8	882
8	953
9	18
9	22
9	44
9	165
9	183
9	238
9	278
9	400
9	540
9	581
9	831
9	839
9	892
9	954
10	24
10	84
10	174
10	184
10	195
10	203
10	252
10	275
10	293
10	470
10	551
10	622
10	931
10	998
11	78
11	93
11	461
11	675
11	684
11	708
11	894
11	913
12	68
12	194
12	202
12	258
12	277
12	341
12	441
12	462
12	492
12	603
12	804
12	862
12	924
12	954
13	171
13	361
13	706
14	116
14	175
14	492
14	538
14	608
14	873
14	882
14	928
14	966
14	994
15	179
16	49
16	223
16	240
16	433
16	787
16	791
17	42
17	77
17	179
17	241
17	303
17	342
17	518
17	566
17	578
17	807
17	906
18	69
18	222
18	307
18	387
18	506
18	532
18	534
18	591
18	692
18	731
18	743
19	77
19	119
19	490
19	562
19	608
19	755
19	865
19	873
20	144
20	189
21	50
21	76
21	105
21	261
21	301
21	304
21	487
21	554
21	623
21	673
21	802
21	858
22	77
22	117
22	124
22	238
22	270
22	277
22	321
22	514
22	589
22	732
22	756
22	955
23	769
24	70
24	216
24	252
24	263
24	321
24	630
24	634
24	658
24	694
24	732
24	734
24	979
25	71
25	265
25	808
26	114
26	123
26	142
26	151
26	178
26	195
26	263
26	273
26	465
26	515
26	521
26	533
26	760
26	960
27	68
27	90
27	202
27	360
27	441
27	510
27	569
27	644
27	699
27	711
27	723
27	896
27	972
28	216
28	239
28	701
28	901
29	93
29	196
29	224
29	264
29	315
29	362
29	367
29	399
29	537
29	648
29	700
29	752
29	840
29	846
29	913
29	922
29	932
30	620
30	635
30	782
31	54
31	65
31	143
31	490
31	518
31	655
31	720
31	799
31	961
32	229
32	323
32	333
32	383
32	536
32	611
32	714
32	812
32	987
33	48
33	77
33	159
33	230
33	373
33	460
33	546
33	557
33	587
33	618
33	664
33	702
33	720
33	746
33	754
33	848
33	954
33	978
34	42
34	282
34	665
34	676
35	245
35	370
35	507
35	654
36	76
36	192
36	309
36	335
36	645
36	689
36	746
36	827
36	907
36	964
36	994
37	139
37	169
37	253
37	306
37	850
37	874
37	959
38	141
38	325
38	453
38	796
38	847
39	260
39	271
39	333
39	372
39	373
39	411
39	413
39	456
39	538
39	659
39	661
39	714
39	745
39	838
40	84
40	366
40	599
41	247
41	373
41	472
41	490
41	509
41	518
41	558
41	631
41	702
41	725
41	864
42	58
42	274
42	276
42	355
42	532
42	550
42	748
42	904
43	84
43	115
43	182
43	280
44	151
44	159
44	171
44	243
44	250
44	268
44	270
44	302
44	417
44	507
44	558
44	573
44	630
44	752
44	827
44	882
44	947
45	226
45	245
45	477
45	563
45	924
45	942
46	207
46	360
46	361
46	388
46	654
46	759
47	605
48	53
48	183
48	230
48	271
48	296
48	335
48	499
48	689
48	702
48	738
48	762
48	976
49	109
49	488
49	582
49	663
49	712
49	769
49	775
49	792
49	918
50	98
50	304
50	347
50	673
50	921
51	94
51	283
51	324
51	464
51	538
51	591
51	604
51	707
51	720
51	846
51	862
51	873
51	898
51	905
51	986
52	280
52	408
53	164
53	341
53	460
54	271
54	319
54	373
54	546
54	608
54	631
54	664
54	733
54	838
54	860
54	945
55	89
55	196
55	283
55	355
55	485
55	555
55	583
55	699
55	913
56	369
57	72
57	85
57	90
57	278
57	300
57	455
57	473
57	716
57	920
57	939
57	988
58	248
58	342
58	560
58	757
59	75
59	423
59	692
59	917
59	923
60	77
60	193
60	205
60	232
60	308
60	558
60	571
60	606
60	842
60	848
60	944
60	984
61	139
61	168
61	281
61	704
61	718
61	826
61	864
61	889
61	959
62	118
62	234
62	263
62	418
62	440
62	449
62	482
62	551
62	593
62	721
62	734
62	962
63	95
63	324
63	462
63	490
63	536
63	741
64	235
64	276
64	335
64	391
64	410
64	411
64	452
64	714
64	733
64	741
64	866
64	906
64	945
65	138
65	380
65	383
65	531
65	557
65	749
65	865
66	85
66	706
67	79
67	270
67	346
67	439
67	485
67	520
67	582
67	585
67	700
67	823
68	111
68	211
68	219
68	230
68	278
68	319
68	371
68	383
68	536
68	572
68	600
68	614
68	642
68	719
68	845
68	857
68	981
69	129
69	218
69	256
69	274
69	380
69	435
69	485
69	680
69	722
70	104
70	144
70	157
70	221
70	299
70	464
70	497
70	556
70	590
70	856
71	78
71	265
71	356
71	483
71	521
71	679
71	859
71	979
72	296
72	339
72	430
72	523
72	526
72	545
72	833
72	990
73	304
73	414
73	460
73	603
73	623
73	673
73	814
75	101
75	453
75	653
75	940
76	192
76	237
76	245
76	664
76	718
77	81
77	138
77	373
77	455
77	464
77	508
77	559
77	560
77	568
77	606
77	733
77	752
77	831
77	965
77	973
77	982
78	114
78	211
78	216
78	336
78	529
78	596
78	649
78	683
78	698
78	805
79	84
79	418
79	448
79	540
79	556
79	613
79	666
79	979
80	90
80	111
80	312
80	514
80	709
80	793
81	173
81	198
81	242
81	308
81	342
81	345
81	409
81	419
81	435
81	439
81	489
81	518
81	693
81	898
81	910
81	916
81	951
81	966
82	261
82	715
82	802
82	814
82	830
82	964
83	95
83	288
83	498
83	615
83	766
83	776
83	806
83	852
84	135
84	313
84	463
84	507
84	548
84	721
85	187
86	208
86	310
86	507
86	643
87	623
88	114
88	345
88	417
88	475
88	881
88	929
89	99
89	328
89	350
89	458
89	636
89	659
89	740
89	916
89	963
90	114
90	202
90	278
90	296
90	477
90	535
90	729
91	246
91	427
92	93
92	387
92	632
92	684
92	757
92	963
93	148
93	165
93	178
93	352
93	358
93	362
93	506
93	515
93	652
93	757
93	808
93	922
94	371
94	457
94	464
94	629
94	648
94	683
94	712
94	820
94	822
94	843
94	914
94	922
94	963
95	128
95	651
95	776
95	806
96	375
96	454
96	460
96	798
97	418
97	446
97	483
97	521
97	618
97	760
97	833
97	901
97	948
98	105
98	139
98	164
98	373
98	431
98	487
98	762
98	995
99	256
99	328
99	343
99	346
99	436
99	532
99	663
99	703
100	646
101	251
101	560
101	609
101	640
101	735
101	767
101	784
101	894
102	107
102	144
102	254
102	265
102	497
102	601
102	652
102	893
102	941
103	329
103	337
103	486
104	117
104	135
104	159
104	417
104	418
104	448
104	463
104	482
104	533
104	584
104	590
104	931
105	119
105	167
105	187
105	371
105	373
105	570
105	673
105	804
105	860
105	996
106	133
106	199
106	235
106	274
106	401
106	479
106	564
106	625
106	663
106	712
106	820
106	973
107	233
107	254
107	418
107	502
107	529
107	569
107	601
107	666
107	768
107	789
107	882
107	998
108	130
108	201
108	331
108	629
109	132
109	149
109	481
109	512
109	530
109	818
110	138
110	143
110	271
110	378
110	655
110	729
110	748
110	816
110	890
110	919
110	946
110	987
111	202
111	238
111	302
111	571
111	587
111	718
111	785
111	793
111	862
112	798
113	129
113	374
113	481
113	571
113	586
113	740
113	757
113	808
113	878
114	144
114	195
114	502
114	658
114	734
114	772
114	805
114	856
114	962
115	216
115	420
115	599
115	669
116	200
116	271
116	308
116	383
116	459
116	462
116	492
116	568
116	586
116	697
116	749
116	862
117	165
117	200
117	257
117	277
117	416
117	429
117	497
117	553
117	556
117	679
117	702
117	786
117	846
118	120
118	123
118	151
118	155
118	440
118	470
118	556
118	569
118	618
118	721
118	761
118	882
119	194
119	259
119	333
119	614
119	895
120	124
120	159
120	173
120	252
120	560
120	586
120	606
120	723
120	739
120	751
120	794
120	831
120	944
120	953
120	984
121	251
121	309
121	368
121	423
121	452
121	453
121	668
121	692
122	271
122	472
122	482
122	499
122	719
122	754
122	837
122	864
123	142
123	292
123	478
123	516
123	657
123	734
123	854
124	138
124	153
124	227
124	229
124	334
124	476
124	630
124	697
124	734
124	738
124	785
124	797
124	816
124	884
124	896
124	935
124	939
125	144
125	151
125	227
125	252
125	361
125	581
125	606
125	725
125	734
125	756
125	805
125	869
125	948
125	954
126	158
126	270
126	355
126	378
126	456
126	584
126	651
126	689
126	874
126	919
127	207
127	288
127	470
127	768
127	854
127	936
127	948
128	850
128	969
129	145
129	184
129	224
129	267
129	346
129	352
129	467
129	596
129	690
129	823
129	836
129	935
130	445
130	527
130	624
130	628
130	737
130	782
130	851
131	158
131	268
131	292
131	310
131	312
131	376
131	441
131	497
131	501
131	514
131	517
131	601
131	723
132	561
132	779
133	178
133	184
133	267
133	325
133	380
133	387
133	419
133	506
133	566
133	699
133	748
133	757
134	605
134	671
134	717
134	767
134	792
134	963
135	155
135	221
135	293
135	418
135	590
135	711
135	998
136	216
136	299
136	313
136	467
136	491
136	497
136	504
136	644
136	666
136	694
136	740
136	836
136	872
137	485
137	777
137	876
138	219
138	229
138	323
138	324
138	385
138	568
138	572
138	647
138	664
138	682
138	745
138	855
138	949
138	951
139	357
139	892
139	985
140	523
140	695
140	825
141	283
141	307
141	350
141	387
141	479
141	484
141	549
141	751
142	234
142	366
142	432
142	448
142	687
142	948
143	168
143	229
143	271
143	308
143	392
143	443
143	499
143	552
143	631
143	659
143	758
143	842
143	864
143	886
143	944
143	966
144	448
144	449
144	478
144	529
144	543
144	618
144	650
144	666
144	761
144	900
145	181
145	530
145	539
145	577
145	619
145	687
145	979
146	746
146	826
146	926
147	235
147	422
147	469
147	693
147	812
147	890
148	176
148	311
148	330
148	386
148	481
149	390
149	424
149	426
149	461
149	520
149	577
149	586
149	629
149	683
149	941
151	174
151	381
151	515
151	539
151	601
151	701
151	760
151	880
152	204
152	847
153	187
153	339
153	361
153	505
153	548
154	223
154	224
154	244
154	311
154	395
154	678
154	685
154	712
154	777
154	953
154	975
155	418
155	448
155	533
155	553
155	586
155	721
155	852
155	883
156	274
156	367
156	476
156	585
156	649
156	775
156	823
156	893
156	898
157	475
157	590
157	998
158	231
158	281
158	321
158	456
158	523
158	563
158	587
158	645
158	719
158	889
158	899
158	907
158	928
158	969
159	194
159	205
159	315
159	355
159	416
159	436
159	497
159	499
159	505
159	558
159	576
159	603
159	641
159	785
159	786
159	833
159	896
159	944
159	951
161	320
162	607
162	781
163	236
164	253
164	431
164	591
164	610
164	897
164	943
165	267
165	319
165	336
165	390
165	515
165	553
165	671
165	842
165	894
165	932
165	941
165	953
166	271
166	384
166	495
166	527
166	565
166	821
166	904
167	286
167	591
167	655
167	855
167	873
167	949
167	994
168	334
168	341
168	729
168	889
168	908
168	926
169	576
169	814
169	899
171	182
171	216
171	266
171	275
171	295
171	339
171	463
171	465
171	543
171	813
171	922
172	192
172	300
172	588
172	704
172	729
172	826
172	844
173	241
173	256
173	355
173	387
173	401
173	422
173	534
173	632
173	657
173	720
173	843
173	987
174	293
174	313
174	418
174	502
174	593
174	772
174	979
175	200
175	201
175	355
175	452
175	538
175	540
175	682
175	707
175	794
175	797
175	799
175	906
175	919
176	311
176	483
176	678
176	975
177	318
177	779
178	190
178	233
178	254
178	267
178	346
178	426
178	582
178	652
178	658
178	699
178	813
178	842
178	900
179	248
179	283
179	286
179	508
179	537
179	544
179	616
179	904
179	910
179	940
180	366
181	265
181	352
181	481
181	619
181	662
181	777
181	779
181	901
182	288
182	361
182	370
182	669
182	709
182	772
182	867
182	972
183	216
183	489
183	555
183	571
183	591
183	820
183	829
183	936
184	257
184	267
184	513
184	581
184	586
184	617
184	629
184	652
184	672
184	698
184	734
184	740
184	753
184	820
184	840
184	905
184	986
185	197
186	190
186	264
186	330
186	467
186	672
186	674
186	696
186	785
186	820
186	984
187	482
187	505
187	510
187	709
187	884
187	938
188	212
188	291
188	311
188	401
188	433
188	451
188	579
188	598
188	685
188	747
189	760
189	971
190	193
190	232
190	254
190	257
190	390
190	418
190	426
190	461
190	508
190	521
190	553
190	617
190	666
190	732
190	734
190	797
191	876
191	970
192	321
192	389
192	462
192	703
192	788
192	889
192	939
193	232
193	336
193	467
193	520
193	532
193	617
193	681
193	721
193	840
193	898
193	953
193	955
194	234
194	272
194	278
194	499
194	508
194	515
194	576
194	587
194	643
194	689
194	703
194	709
194	720
194	786
194	793
194	845
194	895
195	263
195	362
195	501
195	502
195	590
195	599
195	687
196	213
196	315
196	346
196	390
196	395
196	541
196	566
196	585
196	617
196	650
196	670
196	683
196	736
196	843
197	991
198	222
198	274
198	308
198	323
198	342
198	458
198	531
198	608
198	659
198	663
198	722
198	801
198	842
198	898
198	940
198	951
199	223
199	542
199	579
199	877
199	992
200	315
200	342
200	447
200	485
200	511
200	529
200	543
200	571
200	748
200	749
200	906
200	922
201	303
201	325
201	620
201	722
201	733
201	741
201	755
201	801
201	810
201	910
201	966
202	268
202	293
202	689
202	702
202	766
202	776
202	819
202	954
203	233
203	275
203	440
203	507
203	627
203	630
203	686
203	761
203	822
203	852
205	358
205	429
205	444
205	455
205	471
205	617
205	666
205	707
205	725
205	728
205	755
205	756
205	819
206	971
207	252
207	306
207	432
207	533
207	815
207	852
208	237
208	250
208	268
208	296
208	424
208	429
208	441
208	788
208	793
208	819
208	831
208	833
208	896
208	931
208	936
208	954
209	401
209	676
210	439
210	464
210	466
210	549
210	583
210	632
210	733
210	807
210	812
210	910
210	934
211	302
211	346
211	444
211	485
211	606
211	753
211	809
211	822
211	905
212	218
212	582
212	923
212	963
213	294
213	350
213	408
213	659
213	937
215	231
215	300
215	302
215	310
215	430
215	439
215	592
215	869
215	947
215	969
216	227
216	232
216	292
216	501
216	556
216	618
216	626
216	732
216	973
217	273
217	352
217	381
217	396
217	622
217	723
218	264
218	329
218	458
218	506
218	670
218	690
219	229
219	335
219	342
219	382
219	436
219	471
219	558
219	559
219	728
219	951
219	961
220	308
220	400
220	405
220	617
220	659
220	754
220	820
220	829
220	984
221	232
221	238
221	258
221	266
221	302
221	310
221	376
221	471
221	477
221	643
221	689
221	723
221	972
222	343
222	401
222	405
222	406
222	411
222	458
222	464
222	484
222	524
222	550
222	583
222	609
222	617
222	696
222	796
223	348
223	458
223	675
223	685
223	717
224	244
224	310
224	457
224	485
224	532
224	582
224	601
224	652
224	823
226	278
226	592
226	899
227	245
227	277
227	299
227	499
227	548
227	569
227	647
227	709
227	738
227	756
227	827
227	884
227	929
228	451
228	479
228	605
228	696
229	314
229	315
229	439
229	489
229	509
229	537
229	552
229	557
229	560
229	571
229	582
229	822
229	839
229	862
229	886
229	951
230	345
230	560
230	660
230	839
230	981
231	563
231	576
231	615
231	703
231	969
232	238
232	360
232	476
232	489
232	556
232	564
232	813
232	837
232	884
232	929
232	992
233	358
233	448
233	450
233	504
233	541
233	543
233	553
233	576
233	634
233	739
233	976
233	987
234	268
234	273
234	275
234	374
234	418
234	420
234	510
234	533
234	694
234	813
234	872
235	247
235	368
235	469
235	731
235	824
235	927
237	300
237	306
237	376
237	501
237	608
237	786
237	981
238	250
238	376
238	441
238	505
238	507
238	576
238	584
238	606
238	766
238	883
238	899
238	929
239	971
240	351
240	571
241	248
241	412
241	439
241	771
241	780
241	887
242	256
242	262
242	412
242	452
242	484
242	513
242	542
242	743
242	758
242	767
242	816
243	334
243	498
243	589
243	711
243	776
243	850
243	865
243	869
243	928
243	969
244	427
244	530
244	597
244	674
244	795
244	877
246	403
246	427
246	434
246	700
246	805
246	818
247	319
247	450
247	466
247	485
247	596
247	597
247	619
247	663
247	691
247	755
247	843
247	853
248	452
248	453
248	549
248	582
248	595
248	717
249	299
249	374
249	471
249	501
249	548
249	618
249	697
249	732
249	929
250	278
250	429
250	470
250	477
250	510
250	517
250	644
250	766
250	772
250	813
250	883
250	924
250	936
250	972
251	774
252	299
252	502
252	581
252	658
252	666
252	725
252	815
252	882
252	913
252	941
252	955
252	998
253	269
253	341
253	357
253	487
253	656
253	838
253	864
253	895
254	292
254	362
254	461
254	501
254	539
254	601
254	658
254	721
254	777
254	842
254	922
254	955
255	527
255	952
256	260
256	283
256	387
256	419
256	471
256	515
256	632
256	693
256	698
256	717
256	842
256	843
256	906
257	270
257	277
257	441
257	450
257	545
257	568
257	634
257	643
257	666
257	738
257	739
257	786
257	822
257	842
257	884
257	967
258	296
258	436
258	627
258	643
258	729
258	788
258	947
258	953
259	319
259	342
259	378
259	456
259	558
259	559
259	614
259	623
259	631
259	758
259	766
259	838
259	858
260	469
260	560
260	770
260	873
260	890
261	316
261	354
261	389
262	282
262	314
262	423
262	453
262	582
262	639
262	671
262	688
262	957
263	280
263	502
263	540
263	573
263	618
263	658
263	803
263	831
263	854
264	294
264	457
264	484
264	511
264	878
265	379
265	451
265	478
265	483
265	818
266	360
266	440
266	441
266	473
266	644
266	766
266	817
266	867
266	882
267	351
267	352
267	356
267	502
267	529
267	540
267	652
267	684
267	901
267	913
267	948
268	298
268	306
268	376
268	381
268	424
268	441
268	477
268	644
268	711
268	759
268	907
268	931
269	354
269	383
269	389
269	603
269	749
269	981
269	997
270	288
270	416
270	450
270	507
270	517
270	523
270	592
270	643
270	723
270	969
270	976
271	286
271	324
271	333
271	383
271	754
271	866
272	354
272	557
272	572
272	580
272	597
272	804
272	830
272	857
272	865
272	995
273	293
273	446
273	497
273	593
273	883
274	395
274	397
274	435
274	458
274	566
274	636
274	902
275	418
275	420
275	502
275	533
275	760
275	929
275	941
276	635
276	733
276	780
277	299
277	341
277	353
277	394
277	555
277	564
277	581
277	754
277	981
278	477
278	569
278	633
278	651
278	709
278	834
278	969
280	590
280	701
280	760
280	971
281	487
281	603
282	484
282	485
282	775
283	368
283	387
283	409
283	422
283	690
283	743
283	744
283	747
283	748
283	751
283	825
283	906
285	675
285	712
285	877
285	909
286	407
286	410
286	495
286	661
286	945
287	888
288	634
288	776
288	833
288	920
288	929
288	936
288	938
289	496
289	943
290	866
291	676
291	774
292	417
292	429
292	443
292	510
292	515
292	522
292	548
292	694
292	750
292	785
292	786
292	793
292	794
292	884
293	430
293	497
293	701
293	716
294	311
294	332
294	434
294	451
294	512
294	678
294	740
295	296
295	470
295	514
295	569
295	955
295	972
296	300
296	422
296	430
296	507
296	517
296	709
296	723
296	819
296	928
297	329
297	479
297	542
297	946
298	385
298	456
298	487
298	600
298	703
298	845
298	864
298	867
298	890
298	978
299	563
299	581
299	591
299	613
299	630
299	684
299	694
299	725
299	732
299	756
299	794
299	929
300	416
300	510
300	621
300	645
300	719
300	723
300	730
300	793
300	794
300	848
300	976
301	384
301	771
301	997
302	373
302	429
302	463
302	584
302	723
302	827
302	864
303	308
303	422
303	442
303	495
303	718
303	902
304	623
304	826
306	310
306	334
306	404
306	471
306	576
306	615
306	729
306	819
306	834
306	848
306	982
307	308
307	328
307	343
307	412
307	489
307	495
307	538
307	542
307	544
307	847
308	309
308	314
308	324
308	342
308	382
308	406
308	407
308	413
308	422
308	534
308	604
308	608
308	632
308	647
308	733
308	738
308	857
309	674
309	853
310	651
310	749
310	793
310	892
310	899
310	939
310	959
310	969
311	481
311	556
311	585
311	690
311	777
311	913
311	975
312	321
312	507
312	545
312	584
312	713
313	450
313	501
313	504
313	515
313	658
313	721
313	761
313	842
313	846
313	941
313	962
313	979
314	335
314	342
314	476
314	534
314	597
314	604
314	671
314	720
314	809
314	839
314	953
314	986
315	400
315	511
315	512
315	520
315	597
315	700
315	739
315	740
315	824
316	623
316	943
316	949
316	951
317	339
317	440
317	465
317	621
317	768
317	883
317	895
317	969
318	779
319	324
319	325
319	537
319	560
319	655
319	816
319	951
320	635
320	927
321	353
321	360
321	476
321	499
321	515
321	732
321	794
321	878
321	896
321	986
322	638
323	439
323	479
323	609
323	731
323	904
323	946
323	949
324	372
324	456
324	490
324	612
324	703
324	981
324	994
325	452
325	534
325	616
325	758
325	940
325	944
328	395
328	636
328	648
328	665
328	675
328	691
328	693
328	898
328	913
328	916
328	986
329	423
329	542
330	352
330	367
330	712
330	747
330	777
330	795
330	975
330	984
331	495
332	403
333	354
333	411
333	531
333	733
333	914
333	994
334	404
334	563
334	621
334	651
334	719
334	889
334	939
334	947
335	523
335	552
335	568
335	591
335	608
335	629
335	720
336	403
336	504
336	571
336	597
336	783
336	829
336	893
337	423
339	440
339	465
339	470
339	475
339	569
339	702
339	867
339	869
339	882
339	883
339	931
340	908
341	378
341	459
341	487
341	612
341	749
341	897
341	978
342	355
342	395
342	444
342	464
342	513
342	522
342	552
342	629
342	663
342	674
342	680
342	739
342	893
342	910
342	951
342	987
343	401
343	550
343	625
343	674
343	780
343	816
345	572
345	627
345	634
345	661
345	700
345	754
345	807
345	855
345	890
346	520
346	532
346	555
346	566
346	586
346	699
346	700
347	715
347	943
348	598
348	774
349	619
349	970
349	991
350	395
350	439
350	532
350	534
350	555
350	634
350	675
350	679
350	736
350	898
351	426
352	662
352	694
352	772
352	878
352	913
353	417
353	501
353	581
353	604
353	721
353	740
353	756
353	793
353	866
353	924
353	947
353	953
353	967
354	373
354	492
354	608
354	656
354	741
355	629
355	743
355	846
355	902
355	951
356	374
356	447
356	683
356	698
356	740
356	913
358	540
358	541
358	634
358	650
358	694
358	786
359	607
360	491
360	702
360	813
361	424
361	470
361	482
361	500
361	516
361	517
362	457
362	511
362	683
362	818
364	628
366	432
366	448
366	590
366	669
366	800
366	861
367	408
367	532
367	650
367	712
367	808
367	979
368	423
368	605
368	914
368	918
370	587
370	592
370	990
371	384
371	389
371	391
371	647
371	714
371	857
371	860
371	873
371	890
372	439
372	531
372	552
372	647
372	660
372	691
372	751
372	762
372	857
373	472
373	487
373	603
373	845
373	964
373	976
374	515
374	529
374	597
374	613
374	632
374	652
374	761
374	823
374	836
374	913
374	941
376	388
376	424
376	440
376	463
376	569
376	713
376	884
376	939
377	415
377	713
377	999
378	399
378	422
378	436
378	536
378	537
378	591
378	645
378	703
378	889
380	400
380	420
380	458
380	511
380	582
380	597
380	663
380	750
380	780
380	824
380	923
381	449
381	622
381	768
381	790
381	861
381	885
381	903
382	480
383	391
383	399
383	411
383	568
383	600
383	641
383	647
383	655
383	660
383	756
383	843
383	890
383	961
383	982
384	490
384	574
384	656
384	858
384	949
385	558
385	603
385	664
385	703
385	754
385	788
385	862
385	982
386	649
387	582
387	659
387	674
387	712
387	780
388	463
388	517
388	545
388	599
388	725
388	759
388	833
388	869
388	870
389	492
389	531
389	536
389	554
389	611
389	863
389	994
389	997
390	419
390	564
390	566
390	581
390	633
390	684
390	699
390	893
390	929
390	955
390	965
391	405
391	490
391	572
391	703
391	741
391	745
392	557
394	504
394	571
394	617
394	725
394	738
394	813
394	893
394	973
394	992
395	504
395	532
395	582
395	913
396	420
396	881
397	736
398	431
398	492
398	664
398	702
398	886
398	933
399	453
399	490
399	583
399	597
399	748
399	801
399	839
399	843
399	906
399	924
399	964
400	439
400	443
400	458
400	464
400	520
400	532
400	597
400	659
400	720
400	736
400	739
400	743
400	745
400	755
400	944
401	435
401	636
401	655
401	663
401	668
401	690
401	693
401	696
401	722
401	743
401	755
401	780
401	917
402	486
402	582
402	755
402	904
402	911
402	923
403	481
403	678
403	685
403	950
404	535
404	545
404	562
404	615
404	811
404	850
404	899
404	928
404	947
405	442
405	531
405	544
405	582
405	648
405	693
405	796
405	839
405	853
405	862
405	866
405	916
405	940
406	442
406	452
406	513
406	549
406	639
406	918
407	410
407	411
407	413
407	469
407	611
407	661
407	728
407	731
407	743
407	745
407	838
407	873
407	945
407	949
407	961
408	625
408	747
408	787
408	808
409	412
409	453
409	675
409	690
409	717
409	743
410	422
410	435
410	531
410	557
410	741
410	758
410	949
411	536
411	537
411	583
411	611
411	661
411	714
411	810
411	816
411	832
411	914
411	951
412	479
413	518
413	536
413	647
413	714
413	821
413	866
415	475
415	667
415	765
415	856
415	998
416	581
416	589
416	643
416	766
416	833
416	852
416	933
417	470
417	508
417	725
418	420
418	553
418	573
419	458
419	485
419	541
419	839
419	941
419	957
420	482
420	593
420	813
420	869
420	962
421	769
422	444
422	749
422	753
422	796
423	616
423	639
423	735
424	430
424	473
424	734
424	739
424	833
424	938
425	911
426	483
426	593
426	687
426	744
426	815
426	836
426	955
427	481
427	787
427	808
427	975
429	462
429	473
429	491
429	507
429	508
429	510
429	569
429	622
429	643
429	761
429	772
429	794
429	833
429	936
430	482
430	505
430	621
430	713
430	718
430	730
431	456
431	472
431	477
431	627
431	642
431	719
431	811
431	889
431	895
431	899
432	553
432	590
432	701
432	854
432	912
432	998
433	909
434	787
434	795
435	479
435	524
435	755
435	780
435	916
435	992
436	462
436	591
436	655
436	697
436	718
438	588
439	531
439	572
439	691
439	722
439	751
439	809
439	914
439	955
440	482
440	548
441	510
441	569
441	658
441	702
441	723
441	756
441	852
441	883
441	954
441	967
441	976
442	452
442	469
442	572
442	578
442	616
442	680
442	809
442	858
442	910
442	986
443	489
443	586
443	661
443	666
443	752
443	829
443	932
443	989
444	461
444	463
444	555
444	686
444	739
444	770
444	788
444	822
444	914
444	944
444	951
445	628
445	663
445	782
446	540
446	569
446	687
446	760
446	818
446	888
446	901
446	948
447	511
447	740
447	984
448	529
448	658
448	694
448	721
448	815
448	872
449	512
449	556
449	599
449	681
449	752
449	852
450	515
450	581
450	660
450	679
450	682
450	689
450	707
450	739
450	750
450	822
450	894
450	965
452	731
452	887
452	927
453	692
453	737
453	748
453	767
453	927
454	612
454	727
455	471
455	508
455	568
455	571
455	738
455	869
455	954
456	645
456	681
456	762
456	801
456	889
457	529
457	537
457	963
458	583
458	586
458	625
458	877
458	898
458	946
458	992
459	588
459	603
459	682
459	865
459	874
460	600
460	860
460	897
461	497
461	630
461	699
461	738
461	761
461	882
461	883
462	537
462	604
462	608
462	631
462	681
462	689
462	862
463	473
463	505
463	615
463	654
463	730
463	734
463	968
464	582
464	611
464	629
464	657
464	679
464	807
464	829
464	843
464	961
465	602
466	495
466	572
466	585
466	670
466	691
466	748
466	846
467	529
467	672
467	984
469	550
469	580
469	639
469	648
469	989
470	473
470	569
470	867
471	552
471	558
471	608
471	641
471	683
471	691
471	766
471	820
471	961
471	982
471	989
472	496
472	681
472	895
472	897
472	964
473	482
473	516
473	528
473	533
473	723
473	831
474	897
476	555
476	564
476	753
476	842
476	894
477	548
477	709
477	766
477	793
477	936
477	947
477	969
478	508
478	882
478	896
479	636
479	665
479	712
480	527
480	980
481	539
481	757
481	818
481	916
482	811
482	861
483	650
483	684
483	760
483	761
483	800
483	836
484	583
484	735
484	904
485	670
485	750
485	963
486	625
486	784
487	497
487	554
487	562
487	600
487	892
487	895
487	994
489	555
489	681
489	720
489	725
489	822
489	843
489	904
489	919
489	969
490	554
490	741
490	770
490	981
490	982
490	994
491	504
491	507
491	523
491	545
492	524
492	660
492	838
492	858
492	978
494	710
494	847
495	629
495	873
495	921
495	949
497	499
497	515
497	555
497	609
497	686
497	707
497	867
497	924
497	953
498	990
499	552
499	569
499	576
499	599
499	664
499	848
499	972
500	800
501	627
501	657
501	694
501	786
501	938
502	630
502	815
502	854
502	906
502	941
502	948
503	783
504	553
504	618
504	641
504	650
504	679
504	686
504	698
504	827
504	833
504	842
504	953
504	955
505	528
505	571
505	723
505	972
506	529
506	649
506	659
506	672
506	712
506	859
506	913
506	916
507	531
507	584
507	643
507	756
507	766
507	786
507	797
507	864
507	896
507	936
507	967
508	543
508	560
508	591
508	750
508	829
508	884
509	548
509	557
509	574
509	606
509	660
509	661
509	754
509	786
509	811
509	848
509	892
509	895
509	947
509	978
510	548
510	573
510	766
510	896
510	905
510	938
511	652
511	670
511	842
511	922
511	963
511	973
512	672
512	684
513	583
513	616
513	717
514	581
514	618
514	716
514	833
515	543
515	617
515	658
515	707
515	734
515	756
515	761
515	809
515	929
516	654
516	701
516	730
516	867
517	711
517	766
517	793
517	976
518	702
518	753
518	754
518	799
518	945
518	986
519	705
520	564
520	586
520	617
520	633
520	657
520	679
520	700
520	992
521	601
521	900
521	960
522	534
522	571
522	580
522	617
522	657
522	721
522	736
522	797
522	829
522	919
522	951
522	965
522	973
522	986
522	989
523	761
523	778
523	788
523	864
523	899
523	936
524	583
524	636
524	639
524	674
524	758
524	801
524	853
524	923
524	989
526	713
528	621
528	972
529	597
529	650
529	678
529	740
529	761
529	878
530	818
531	630
531	647
531	855
531	858
531	862
531	914
531	951
531	989
532	597
532	679
532	717
532	725
532	780
532	898
532	963
532	973
532	992
533	626
533	658
533	734
533	896
533	929
533	931
534	568
534	591
534	647
534	661
534	733
534	807
534	816
534	820
534	910
534	946
535	968
535	969
536	537
536	623
536	647
536	771
536	796
536	858
536	873
536	981
537	538
537	682
537	757
537	796
537	801
537	855
537	886
537	951
537	965
538	568
538	572
538	591
538	608
538	632
538	663
538	680
538	744
538	750
538	961
538	989
539	753
539	979
540	541
540	555
540	699
540	732
541	601
541	633
541	648
541	650
541	657
541	707
541	744
541	843
541	878
542	696
542	918
543	643
543	698
543	725
543	756
543	953
544	665
544	680
544	735
544	743
544	940
545	546
545	573
545	617
545	766
545	954
546	600
546	606
546	642
546	645
546	660
546	664
546	766
546	860
546	864
546	945
546	981
547	551
547	662
547	912
548	569
548	643
548	698
548	829
548	968
549	550
549	640
549	735
549	796
550	625
550	639
550	693
550	775
550	916
550	963
551	662
551	760
551	948
552	697
552	961
552	965
553	569
553	719
553	736
553	803
553	840
553	872
553	893
553	894
554	680
555	617
555	707
555	720
555	738
555	989
556	581
556	687
556	721
556	761
557	608
557	614
557	631
557	661
557	801
557	838
557	845
557	907
557	945
557	966
557	982
557	987
558	645
558	651
558	721
558	772
558	965
558	987
559	572
559	591
559	729
559	858
559	863
559	951
559	981
559	996
560	616
560	665
560	668
560	670
560	930
562	642
562	718
562	745
562	776
562	798
562	857
562	899
563	615
563	627
563	766
563	802
563	844
563	933
564	657
564	753
564	859
564	955
564	989
566	652
566	657
566	658
566	676
566	683
566	757
566	846
566	893
566	922
568	572
568	580
568	691
568	720
568	745
568	906
568	919
569	644
569	723
569	827
569	889
569	896
569	938
570	673
571	679
571	698
571	732
571	748
571	759
571	964
571	967
572	631
572	682
572	921
573	626
573	935
574	812
575	637
576	697
576	766
576	788
576	793
576	886
576	944
577	596
577	818
579	598
579	696
579	792
580	737
581	596
581	617
581	630
581	738
581	752
581	872
582	676
583	616
583	647
583	717
583	743
583	748
583	816
583	914
583	940
584	723
584	734
584	831
584	928
584	954
585	659
585	679
585	732
585	738
585	740
585	772
585	820
585	884
585	893
586	732
586	750
586	842
586	905
586	973
587	627
587	738
587	825
587	862
587	907
588	610
588	645
588	826
588	837
588	897
589	608
589	612
589	641
589	739
589	822
589	827
590	662
590	669
590	768
590	869
591	608
591	612
591	718
591	720
591	804
591	939
591	973
591	997
592	615
592	723
592	776
592	844
592	983
593	760
593	768
593	861
593	880
596	935
597	659
597	694
597	736
597	740
597	840
598	775
599	644
599	765
599	856
599	867
599	977
600	719
601	698
601	840
601	935
602	711
602	730
603	673
603	728
603	832
603	860
603	874
604	660
604	722
604	738
604	749
604	753
604	829
604	839
604	843
604	846
604	919
604	965
604	987
605	625
605	652
605	792
606	614
606	686
606	689
606	827
606	860
606	987
607	798
607	849
608	612
608	614
608	647
608	707
608	832
608	865
608	946
608	951
608	961
609	668
610	746
610	860
610	874
610	921
610	995
610	996
611	632
611	647
612	754
612	816
612	981
613	652
613	823
614	631
614	921
614	989
615	718
615	786
616	694
616	751
616	758
616	807
616	838
616	946
617	686
617	691
617	694
617	718
617	739
617	752
617	797
617	829
617	840
617	884
617	986
618	626
618	815
618	941
619	913
620	714
620	810
620	910
621	711
621	831
621	928
621	936
621	965
621	988
622	856
622	867
622	941
623	863
624	851
624	925
625	670
625	712
625	736
625	787
626	687
626	772
626	803
626	882
627	643
627	709
627	718
627	729
627	956
627	966
627	967
629	632
629	739
629	757
629	820
629	842
629	932
629	987
629	989
630	728
630	744
630	833
630	846
630	872
630	884
630	929
631	677
631	964
631	996
632	647
632	655
632	680
632	755
632	801
633	666
633	756
633	836
633	842
633	869
633	955
633	986
634	697
634	725
634	750
634	797
634	944
634	965
635	918
636	668
636	714
636	733
636	748
637	724
637	826
639	692
639	710
639	761
639	918
640	774
641	642
641	716
641	728
641	833
641	862
641	944
642	689
642	718
642	739
642	945
643	805
643	819
643	823
643	848
644	709
644	833
644	880
644	883
644	936
645	819
645	838
645	892
646	837
646	907
646	908
646	985
647	720
647	858
647	961
648	652
648	820
649	747
650	652
650	842
650	878
650	880
650	913
650	935
651	729
651	793
651	826
651	834
651	895
651	938
652	672
652	693
652	840
652	992
653	692
654	759
654	776
655	720
655	728
655	749
655	807
655	843
655	944
655	989
656	770
656	857
656	981
656	997
657	681
657	757
657	898
657	922
657	989
658	683
658	694
658	721
658	760
659	681
659	694
659	840
659	951
659	989
659	992
660	728
660	753
660	755
660	785
660	966
660	987
661	703
661	758
661	865
661	873
662	868
662	941
663	797
663	807
663	886
663	902
663	947
663	963
663	987
664	689
664	761
664	862
664	939
664	976
665	775
666	694
666	924
666	973
668	696
668	918
668	958
669	760
669	861
670	809
670	979
670	992
671	743
671	840
671	846
671	905
671	982
672	846
672	900
672	955
673	704
673	728
673	897
674	676
674	736
674	753
674	780
676	690
676	853
677	832
677	863
677	873
677	981
677	996
677	997
679	686
679	694
679	700
679	739
679	744
679	745
679	753
679	932
679	953
680	809
680	927
681	694
681	707
681	919
681	946
681	987
682	887
682	916
683	717
683	820
683	840
683	882
683	955
683	992
684	808
685	808
686	694
686	801
686	806
686	809
686	886
686	939
686	961
686	986
686	989
687	777
687	836
688	692
688	773
688	851
688	890
689	697
689	702
689	756
689	825
689	895
689	906
689	961
689	964
689	965
690	748
690	787
690	792
690	911
690	940
691	725
691	733
691	829
691	893
693	914
693	940
694	699
694	725
694	752
694	761
694	905
694	953
696	824
697	750
697	752
697	884
697	924
697	987
698	732
698	805
698	929
699	721
699	761
699	787
699	878
699	922
699	932
700	840
701	805
701	941
702	729
702	746
702	750
702	797
702	831
702	889
702	924
702	994
703	966
703	969
704	966
704	978
704	995
706	817
707	739
707	750
707	752
707	753
707	770
707	786
707	822
707	932
709	711
709	730
709	896
709	907
709	936
710	958
711	766
711	852
712	824
712	871
712	877
714	787
714	887
714	890
714	986
715	814
716	759
716	768
716	789
716	803
717	780
718	863
718	865
718	982
719	786
720	728
720	973
720	995
721	732
721	739
721	878
721	882
721	893
721	901
722	725
722	905
722	919
722	951
723	734
723	848
723	896
724	995
725	797
725	822
725	987
727	814
727	982
728	940
728	941
728	966
729	837
729	848
729	895
730	920
731	796
731	807
731	918
732	739
732	752
732	756
732	953
733	741
733	745
733	905
733	914
734	756
734	793
734	794
734	854
736	792
736	822
736	906
738	750
738	896
739	794
739	843
739	846
739	919
739	940
740	787
740	916
741	749
741	832
742	765
743	751
743	839
743	905
744	846
744	955
746	811
746	862
746	864
746	907
747	871
748	992
749	799
749	857
749	921
749	982
750	839
750	987
751	904
751	927
751	987
752	805
752	829
752	848
752	872
752	900
752	919
753	884
753	987
754	862
754	966
754	994
755	780
755	809
755	902
756	772
756	955
757	872
758	851
758	864
758	923
758	949
759	869
760	960
761	919
761	929
761	986
763	790
763	852
763	867
765	768
766	819
766	831
766	938
766	954
767	905
767	934
768	813
768	828
769	792
770	855
770	866
770	887
770	897
770	930
771	858
772	793
772	973
773	917
775	787
775	792
775	992
776	783
776	850
776	988
777	808
777	935
778	899
778	947
780	898
782	851
783	833
783	920
783	988
783	999
785	848
785	884
785	892
785	920
785	939
786	939
787	808
787	963
788	811
788	995
791	927
792	877
792	916
793	831
793	864
793	899
793	976
794	924
796	816
797	951
797	955
798	849
798	980
799	838
799	863
799	895
799	981
801	809
801	862
803	861
803	867
803	998
804	826
804	862
805	823
805	878
805	979
807	949
809	816
809	865
809	914
809	932
809	946
809	961
810	887
810	927
811	826
811	899
811	939
812	927
813	901
814	860
815	817
815	880
815	955
816	842
816	914
817	834
817	870
818	957
819	828
819	882
819	944
819	967
820	853
820	916
820	954
820	992
822	862
822	890
822	914
822	919
822	929
824	916
824	992
825	837
825	850
825	860
825	864
825	933
825	985
825	995
826	837
826	864
827	884
827	936
827	962
829	843
829	866
829	872
829	893
829	932
829	987
830	860
830	862
830	921
831	848
831	936
832	858
832	863
832	866
832	910
832	945
832	987
833	883
834	907
837	874
837	895
837	985
838	845
838	987
839	857
839	886
839	919
839	973
841	879
842	941
842	963
843	951
843	965
844	926
845	848
845	863
846	987
847	930
848	860
848	896
850	874
850	908
850	926
850	933
851	958
852	869
852	894
852	948
853	916
854	861
854	901
854	931
855	887
855	914
856	962
857	858
857	887
857	914
857	982
858	994
860	921
860	945
860	995
860	996
861	867
861	912
861	941
861	948
862	976
863	945
863	947
865	964
865	981
866	873
866	914
867	869
867	962
868	888
870	885
871	963
872	929
872	972
874	907
877	923
879	942
880	960
882	954
883	954
884	907
884	924
886	949
886	976
887	932
888	971
888	998
889	895
890	949
890	994
891	916
891	934
891	958
892	924
892	964
893	932
896	931
896	944
896	967
898	904
898	916
898	973
899	929
900	979
901	960
902	905
902	916
904	957
905	965
906	987
907	964
913	963
913	975
913	979
914	916
914	945
915	946
916	963
917	958
918	927
918	934
918	989
919	932
919	982
921	964
921	982
921	996
922	967
923	934
925	974
927	940
928	933
928	969
929	939
933	947
933	983
935	979
936	972
936	976
938	941
945	966
947	954
951	987
954	969
956	993
964	995
973	987
986	987
