0	95
0	123
0	204
0	347
0	473
0	535
0	753
0	913
1	30
1	150
1	177
1	292
1	430
1	439
1	612
1	616
1	802
1	817
1	826
1	830
1	831
1	972
2	17
2	44
2	166
2	201
2	229
2	309
2	319
2	329
2	398
2	415
2	525
2	592
2	602
2	616
2	713
2	959
3	42
4	55
4	173
4	198
4	322
4	370
4	413
4	444
4	460
4	487
4	585
4	604
4	764
4	831
4	882
4	966
5	450
5	510
5	523
5	774
6	224
7	62
7	115
7	314
7	429
7	442
7	472
7	490
7	510
7	511
7	596
7	844
7	925
7	929
7	966
7	988
8	123
8	221
8	412
8	470
8	565
8	618
8	700
8	736
8	952
10	63
10	75
10	134
10	195
10	206
10	378
10	757
10	780
10	793
10	933
10	973
11	315
11	340
11	385
11	390
11	408
11	575
11	599
12	49
12	99
12	272
12	273
12	336
12	428
12	434
12	557
12	582
12	671
12	688
12	712
12	794
12	894
12	923
12	927
13	27
13	63
13	195
13	207
13	230
13	296
13	380
13	399
13	466
13	580
13	584
13	633
13	699
13	709
13	833
13	842
13	908
13	961
15	254
15	415
15	424
15	581
15	745
15	864
15	965
16	31
16	87
16	101
16	150
16	236
16	282
16	299
16	481
16	542
16	560
16	571
16	596
16	629
16	640
16	700
16	726
16	916
16	980
16	994
16	996
17	137
17	172
17	218
17	254
17	398
17	415
17	424
17	433
17	497
17	695
17	747
17	793
17	857
17	861
17	995
18	106
18	111
18	248
18	540
18	546
18	593
18	634
18	690
18	740
18	770
18	775
18	854
18	901
18	911
19	139
19	157
19	191
19	243
19	663
19	833
19	873
19	885
19	967
20	44
20	201
20	216
20	254
20	291
20	416
20	525
20	575
20	695
20	714
20	934
20	939
20	973
21	150
21	184
21	323
21	330
21	359
21	388
21	461
21	506
21	555
21	618
21	890
22	92
22	524
22	905
23	147
23	201
23	261
23	303
23	350
23	477
23	493
23	510
23	622
23	640
23	846
23	902
23	907
23	954
23	957
23	995
24	111
24	248
24	271
24	279
24	425
24	428
24	439
24	612
24	634
24	666
24	701
24	808
25	33
25	102
25	160
25	236
25	255
25	323
25	412
25	682
25	843
25	856
26	193
26	383
26	537
26	629
26	657
26	908
26	971
27	86
27	164
27	179
27	431
27	658
27	688
27	930
28	98
28	154
28	162
28	200
28	605
28	842
28	903
28	942
28	949
29	92
29	167
29	178
29	524
29	632
29	838
29	847
29	966
30	47
30	499
30	539
30	687
30	727
31	94
31	130
31	163
31	349
31	434
31	489
31	667
31	671
31	757
32	142
32	202
32	230
32	320
32	518
32	552
32	698
33	189
33	255
33	438
33	448
33	506
33	847
34	183
34	402
34	776
34	780
34	836
34	974
35	53
35	58
35	305
35	356
35	518
35	567
36	119
36	179
36	425
36	456
36	536
36	600
36	799
36	987
37	127
37	234
37	313
37	348
37	381
37	395
37	494
37	649
37	744
37	758
37	892
38	61
38	119
38	164
38	215
38	258
38	392
38	462
38	467
38	501
38	624
38	628
38	832
38	915
38	919
39	97
39	374
39	506
39	519
39	560
39	615
39	686
39	716
39	725
39	809
39	817
39	890
39	922
40	52
40	176
40	212
40	252
40	314
40	432
40	556
40	771
40	823
40	988
41	57
41	111
41	182
41	302
41	448
41	471
41	880
41	904
43	62
43	145
43	197
43	240
43	303
43	335
43	341
43	361
43	450
43	454
43	577
43	636
43	647
43	684
43	778
43	954
43	966
44	69
44	161
44	166
44	211
44	220
44	415
44	649
44	664
44	722
44	758
44	785
44	860
44	957
45	114
45	563
46	136
46	165
46	216
46	229
46	324
46	325
46	332
46	453
46	532
46	605
46	642
46	681
46	778
46	784
46	884
46	896
46	948
46	951
47	82
47	102
47	211
47	288
47	293
47	333
47	347
47	410
47	457
47	530
47	539
47	692
47	733
47	772
47	843
47	865
47	980
48	149
48	186
48	192
48	364
48	398
48	429
48	435
48	592
48	598
48	677
48	886
48	919
49	146
49	167
49	180
49	299
49	362
49	384
49	492
49	543
49	582
49	648
49	760
49	815
49	880
49	904
49	987
50	177
50	311
50	457
50	479
50	563
50	611
50	829
50	962
50	991
51	53
51	265
51	340
51	395
51	411
51	480
51	702
51	766
51	893
52	237
52	496
52	771
52	957
53	60
53	119
53	206
53	396
53	567
53	624
53	790
54	265
54	357
54	526
54	773
54	869
54	878
55	146
55	198
55	550
55	675
55	718
55	720
55	875
55	902
56	91
56	94
56	101
56	104
56	118
56	142
56	279
56	306
56	382
56	540
56	589
56	594
56	607
56	701
56	851
56	854
56	933
57	148
57	210
57	239
57	448
57	471
57	527
57	706
57	725
57	776
57	825
57	920
58	424
58	518
58	552
58	655
58	751
58	759
58	790
58	820
58	833
58	955
59	613
60	105
60	119
60	219
60	567
60	751
60	788
61	63
61	621
61	678
61	714
61	832
61	961
61	986
61	998
62	201
62	308
62	329
62	347
62	350
62	406
62	468
62	472
62	480
62	492
62	511
62	636
62	692
62	708
62	830
62	910
62	950
62	965
62	972
62	973
63	119
63	134
63	335
63	353
63	399
63	418
63	574
63	607
63	724
63	964
64	167
64	307
64	412
64	457
64	558
64	582
64	611
64	637
64	728
64	981
64	992
65	491
65	962
66	107
66	184
66	461
66	470
66	555
66	728
66	825
67	83
67	112
67	239
67	273
67	382
67	470
67	921
67	989
68	96
68	126
68	143
68	161
68	162
68	277
68	329
68	366
68	415
68	505
68	540
68	585
68	586
68	593
68	616
68	649
68	665
68	677
68	713
68	794
68	802
68	848
68	892
68	959
69	162
69	340
69	405
69	424
69	435
69	490
69	526
69	569
69	642
69	646
70	104
70	110
70	239
70	388
70	701
70	707
70	901
70	970
71	99
71	161
71	208
71	354
71	359
71	409
71	411
71	423
71	434
71	466
71	508
71	589
71	738
71	783
71	830
71	896
71	920
71	925
71	931
72	212
73	185
73	329
73	347
73	433
73	488
73	666
73	678
73	875
73	963
74	88
74	307
74	542
75	235
75	294
75	397
75	409
75	579
75	594
75	619
75	621
75	748
75	894
75	932
75	986
76	544
76	984
77	484
77	647
78	879
79	97
79	148
79	168
79	345
79	382
79	489
79	502
79	582
79	629
79	674
79	701
79	894
79	916
80	282
80	362
80	364
80	448
80	527
80	676
80	741
80	851
80	858
80	905
81	509
81	591
81	800
82	117
82	204
82	256
82	342
82	457
82	570
82	849
83	96
83	111
83	152
83	221
83	270
83	513
83	590
83	632
83	659
83	667
83	971
83	989
84	195
84	287
84	346
84	497
84	534
84	629
84	756
84	828
85	256
85	325
85	341
85	444
85	499
85	597
85	684
85	727
85	761
86	148
86	272
86	335
86	343
86	384
86	402
86	586
86	693
86	712
86	859
86	922
87	102
87	115
87	127
87	286
87	295
87	404
87	413
87	436
87	442
87	492
87	530
87	604
87	645
87	653
87	761
88	95
88	279
88	382
88	461
88	500
88	502
88	527
88	701
88	716
88	728
88	817
89	234
89	235
89	364
89	366
89	633
89	637
89	677
89	691
89	740
89	773
89	798
89	861
89	867
89	939
89	973
89	979
90	120
90	149
90	150
90	185
90	207
90	360
90	384
90	502
90	559
90	637
90	757
90	867
90	987
90	993
90	996
91	118
91	222
91	310
91	522
91	542
91	588
91	712
91	804
92	95
92	231
92	267
92	288
92	292
92	413
92	492
92	673
92	686
93	155
93	234
93	265
93	314
93	395
93	785
93	848
93	951
94	115
94	192
94	203
94	277
94	354
94	411
94	462
94	467
94	487
94	507
94	515
94	557
94	588
94	610
94	630
94	705
94	743
94	770
94	791
94	834
94	901
94	928
94	956
94	993
95	146
95	279
95	362
95	481
95	492
95	516
95	611
95	726
95	809
95	991
95	995
96	206
96	437
96	482
96	574
96	619
96	886
96	977
97	115
97	252
97	266
97	434
97	463
97	489
97	595
97	690
97	770
97	838
97	894
97	981
98	368
98	389
98	766
99	118
99	121
99	123
99	143
99	152
99	170
99	193
99	321
99	360
99	423
99	513
99	546
99	582
99	588
99	606
99	667
99	674
99	696
99	770
99	851
99	894
100	174
100	237
100	365
100	496
100	554
101	163
101	182
101	233
101	304
101	391
101	897
101	916
101	968
102	130
102	167
102	292
102	295
102	361
102	413
102	530
102	621
102	629
102	734
102	806
102	893
102	938
102	996
103	574
103	832
103	862
103	870
104	107
104	221
104	372
104	434
104	463
104	629
104	634
104	729
104	775
104	906
104	930
104	944
104	994
105	155
105	223
105	300
105	390
105	578
105	638
105	665
105	697
105	828
106	186
106	253
106	343
106	362
106	893
106	946
107	221
107	239
107	402
107	513
107	546
107	558
107	595
107	606
107	658
107	701
107	780
107	854
107	867
107	930
108	138
108	172
108	441
108	508
108	510
108	654
108	661
108	910
108	931
108	988
109	376
110	208
110	255
110	330
110	374
110	412
110	500
110	685
110	922
111	123
111	168
111	171
111	345
111	500
111	558
111	612
111	754
111	847
111	854
111	951
111	994
112	391
112	483
112	590
112	650
112	927
112	971
112	974
113	209
114	256
114	330
114	563
115	118
115	120
115	121
115	135
115	259
115	299
115	490
115	511
115	549
115	627
115	666
115	817
115	918
116	231
116	487
116	602
116	622
116	845
116	954
116	982
117	373
117	597
117	634
117	772
117	843
117	975
118	120
118	185
118	231
118	273
118	382
118	498
118	502
118	540
118	543
118	559
118	593
118	804
118	850
118	911
119	356
119	529
119	568
119	934
120	208
120	215
120	227
120	540
120	693
120	746
120	850
120	918
121	230
121	292
121	354
121	357
121	432
121	434
121	459
121	549
121	637
121	648
121	770
121	894
121	959
122	149
122	165
122	227
122	265
122	277
122	284
122	300
122	319
122	354
122	377
122	522
122	545
122	556
122	605
122	633
122	665
122	678
122	770
122	773
122	783
122	784
122	831
122	842
122	931
122	945
123	130
123	170
123	466
123	558
123	994
124	260
124	511
124	533
124	589
124	605
124	633
124	642
124	665
124	713
124	831
124	884
125	166
125	394
126	206
126	215
126	223
126	230
126	235
126	318
126	343
126	378
126	386
126	501
126	505
126	646
126	658
126	704
126	779
126	799
126	828
126	875
126	915
126	919
126	955
126	977
127	190
127	295
127	718
127	823
127	910
127	929
128	420
128	723
130	148
130	250
130	323
130	370
130	481
130	542
130	890
132	326
132	587
132	868
133	197
133	252
133	663
133	839
133	969
134	230
134	305
134	378
134	548
134	699
134	712
134	805
134	815
134	832
135	180
135	286
135	447
135	481
135	532
135	673
135	685
135	711
135	802
135	809
135	865
135	893
135	981
136	201
136	260
136	267
136	462
136	526
136	561
136	768
136	773
136	839
136	850
136	869
137	229
137	235
137	389
137	390
137	416
137	467
137	575
137	928
137	965
137	998
138	146
138	161
138	209
138	252
138	258
138	314
138	547
138	627
138	661
138	662
138	702
138	946
138	966
139	174
139	393
139	812
139	864
139	903
140	635
141	482
141	497
141	782
142	277
142	354
142	377
142	409
142	429
142	517
142	558
142	640
142	648
142	867
142	919
142	932
142	980
143	155
143	158
143	166
143	329
143	389
143	526
143	592
143	646
143	688
143	794
144	297
144	952
145	176
145	192
145	211
145	417
145	468
145	692
145	752
145	806
145	823
145	945
145	953
146	171
146	230
146	293
146	303
146	314
146	318
146	361
146	450
146	508
146	549
146	637
146	640
146	784
146	798
146	869
146	896
146	966
146	973
147	622
147	643
147	898
148	182
148	221
148	239
148	250
148	270
148	449
148	461
148	728
148	958
148	963
149	206
149	241
149	339
149	354
149	418
149	486
149	559
149	575
149	619
149	791
149	919
150	159
150	271
150	273
150	299
150	323
150	360
150	488
150	612
150	648
150	890
150	981
151	554
151	752
152	219
152	233
152	366
152	384
152	517
152	658
152	721
152	723
152	760
152	921
154	531
154	663
154	800
154	889
155	223
155	229
155	244
155	305
155	378
155	390
155	507
155	522
155	562
155	621
155	665
155	714
155	928
155	959
156	274
156	328
156	396
156	456
156	476
156	603
156	900
157	243
157	405
157	956
158	300
158	328
158	583
158	592
158	598
158	638
158	646
158	781
158	831
158	832
159	178
159	224
159	485
159	527
159	553
159	637
159	856
160	542
160	555
160	859
161	203
161	309
161	359
161	525
161	738
161	911
161	918
161	931
161	935
162	381
162	494
162	757
162	812
162	861
162	883
162	998
163	292
163	430
163	477
163	480
163	511
163	528
163	536
163	540
163	588
163	596
163	612
163	640
163	757
163	839
164	228
164	235
164	378
164	418
164	437
164	805
165	277
165	308
165	318
165	354
165	377
165	436
165	522
165	525
165	630
165	633
165	743
165	768
165	831
165	865
165	950
166	244
166	318
166	462
166	534
166	593
166	689
166	853
166	928
167	302
167	307
167	485
167	716
167	725
168	180
168	208
168	265
168	292
168	382
168	488
168	527
168	582
168	674
168	681
168	690
168	692
168	734
168	875
169	174
169	601
169	669
169	714
170	194
170	290
170	307
170	404
170	448
170	682
170	856
170	917
170	968
170	971
171	210
171	213
171	317
171	439
171	559
171	571
171	604
171	690
171	725
171	734
171	838
171	859
171	987
172	209
172	211
172	237
172	276
172	610
173	190
173	198
173	268
173	406
173	477
173	516
173	530
173	564
173	586
173	640
173	954
174	766
174	891
175	686
175	755
175	950
176	209
176	212
176	278
176	303
176	363
176	395
176	432
176	550
176	592
176	636
176	732
176	777
176	839
176	896
176	946
176	972
177	311
177	326
177	553
177	570
177	620
177	627
177	641
177	700
177	754
177	845
178	488
178	516
178	524
178	535
178	685
178	847
179	195
179	306
179	485
179	515
179	536
179	699
179	805
179	914
180	185
180	382
180	383
180	425
180	502
180	543
180	620
180	770
180	783
180	961
180	987
182	273
182	282
182	310
182	517
182	560
182	776
182	901
183	402
183	434
183	498
183	676
183	721
183	776
183	921
183	961
183	980
183	989
184	345
184	380
184	559
184	590
184	600
184	707
184	728
184	825
184	905
185	207
185	318
185	349
185	372
185	429
185	540
185	571
185	648
185	666
185	690
185	738
185	935
185	940
185	980
185	986
186	203
186	208
186	259
186	294
186	296
186	306
186	377
186	415
186	490
186	559
186	589
186	596
186	740
186	757
186	769
186	904
186	959
186	979
188	519
188	685
188	746
188	917
189	255
189	266
189	330
190	341
190	390
190	395
190	472
190	512
190	526
190	642
190	647
190	649
190	705
190	777
190	928
191	257
191	424
191	936
191	960
192	244
192	300
192	329
192	335
192	415
192	508
192	511
192	579
192	592
192	616
192	743
192	842
192	848
192	865
192	892
192	972
192	978
193	251
193	776
195	230
195	364
195	377
195	867
195	894
195	906
195	908
195	933
195	944
195	961
196	846
196	898
197	496
197	684
197	823
197	956
198	242
198	256
198	314
198	451
198	473
198	510
198	761
198	826
199	572
199	823
200	243
200	262
200	415
200	465
200	601
200	642
200	747
200	899
200	903
201	220
201	265
201	319
201	581
201	585
201	605
201	778
202	614
202	921
203	218
203	229
203	284
203	362
203	377
203	569
203	579
203	616
203	633
203	681
203	740
203	769
203	940
203	945
203	956
204	293
204	373
204	564
204	719
204	829
206	383
206	490
206	548
206	621
206	724
206	794
206	828
206	911
206	915
207	321
207	434
207	508
207	557
207	591
207	595
207	696
207	699
207	756
207	808
208	227
208	472
208	489
208	528
208	540
208	548
208	637
208	678
208	725
208	784
208	839
208	935
208	973
208	987
209	309
209	314
209	350
209	432
209	451
209	477
209	718
209	837
209	966
210	250
210	310
210	370
210	448
210	725
210	754
210	920
211	735
211	752
211	787
211	855
211	884
212	341
212	635
212	642
212	988
213	299
213	527
213	540
213	725
213	817
213	968
214	266
214	272
214	707
214	741
214	840
214	882
215	934
216	229
216	277
216	395
216	422
216	494
216	512
216	569
216	630
216	695
216	713
216	812
216	887
216	956
217	324
217	342
217	430
217	564
218	229
218	364
218	411
218	425
218	640
218	705
218	768
218	799
218	939
218	940
218	951
219	254
219	274
219	364
219	378
219	467
219	509
219	575
219	730
220	366
220	504
220	636
220	675
220	884
220	887
220	925
221	232
221	388
221	632
221	633
221	851
221	971
221	989
222	349
222	416
222	426
222	466
222	528
222	557
222	566
222	594
222	606
222	632
222	674
222	688
222	760
222	770
222	791
222	911
222	961
223	229
223	258
223	437
223	603
223	638
223	832
224	302
224	473
224	519
225	355
226	391
226	584
226	667
226	827
226	964
227	335
227	406
227	435
227	474
227	508
227	537
227	549
227	596
227	616
227	681
227	691
227	738
227	768
227	838
227	839
227	848
227	850
227	875
227	932
227	939
227	943
227	946
228	364
228	378
228	600
228	625
228	696
228	709
228	741
228	799
228	832
228	861
229	538
229	548
229	549
229	592
229	695
229	923
230	247
230	299
230	349
230	377
230	498
230	630
230	690
230	775
230	858
230	886
230	935
230	951
231	293
231	412
231	430
231	538
231	558
231	572
231	637
231	681
231	902
232	239
232	435
232	693
232	906
232	921
232	963
233	383
233	434
233	466
233	561
233	571
233	584
233	600
233	648
233	666
233	712
233	838
233	914
233	927
233	930
234	308
234	545
234	681
235	258
235	435
235	770
235	805
235	900
235	955
235	990
236	255
236	271
236	488
236	535
236	734
236	746
236	753
237	504
237	572
237	652
237	774
237	830
238	358
239	694
239	707
240	763
240	991
241	284
241	382
241	406
241	486
241	522
241	526
241	575
241	621
241	675
241	722
241	959
241	979
242	432
242	662
242	896
243	257
243	441
243	531
243	601
243	663
243	732
243	871
243	885
244	249
244	339
244	476
244	486
244	568
244	697
244	788
244	811
245	379
245	877
246	264
247	359
247	381
247	417
247	508
247	512
247	530
247	532
247	537
247	678
247	689
247	713
247	743
247	831
247	875
247	925
247	948
248	310
248	439
248	588
248	707
248	741
248	880
248	890
248	920
248	958
249	603
250	330
250	461
250	571
250	700
250	716
250	792
250	968
251	632
251	667
251	694
251	930
252	348
252	381
252	453
252	547
252	572
252	702
252	774
253	266
253	330
253	706
253	716
253	952
253	978
254	339
254	346
254	467
254	568
254	791
255	334
255	500
255	535
255	733
255	764
255	792
255	852
256	261
256	457
256	492
256	530
257	531
257	758
257	885
258	380
258	518
258	607
258	691
258	705
258	781
258	919
258	960
259	292
259	303
259	308
259	312
259	341
259	361
259	429
259	451
259	480
259	539
259	604
259	605
259	636
259	753
259	918
259	933
259	950
259	988
260	293
260	331
260	359
260	361
260	442
260	549
260	596
260	637
260	831
260	839
260	894
260	925
260	950
261	570
261	767
262	300
262	332
262	390
262	422
262	610
262	649
262	744
262	781
262	899
263	269
263	270
263	402
263	546
263	584
263	659
263	699
263	780
263	927
263	989
264	269
264	659
265	314
265	453
265	477
265	940
266	520
266	565
266	693
266	706
266	716
266	897
267	314
267	417
267	432
267	460
267	492
267	553
267	651
267	763
267	784
267	890
268	324
268	341
268	430
268	460
268	484
268	585
268	622
268	715
268	727
268	854
268	913
268	954
268	969
269	406
269	667
270	282
270	402
270	559
271	404
271	917
272	307
272	343
272	388
272	391
272	449
272	461
272	470
272	514
272	542
272	618
272	634
272	651
272	690
272	693
272	804
272	958
272	981
273	362
273	555
273	565
273	700
273	859
273	867
273	970
274	378
274	397
275	874
277	306
277	318
277	319
277	398
277	435
277	436
277	718
277	925
277	940
277	948
278	572
279	549
279	558
279	582
279	662
279	666
279	700
279	701
279	753
279	854
279	963
280	312
280	325
280	410
280	460
280	473
280	553
280	602
280	641
280	642
280	685
280	761
280	802
282	429
282	565
282	700
282	971
282	978
283	351
283	846
283	985
284	354
284	538
284	740
284	768
284	848
284	893
284	894
284	911
284	959
285	308
285	487
285	564
285	573
285	591
285	651
285	830
285	896
286	879
287	364
287	474
287	505
287	598
287	613
287	621
287	655
287	811
288	342
288	373
288	389
288	430
288	451
288	473
288	487
288	492
288	564
288	641
288	686
288	806
288	902
289	322
289	361
289	363
289	516
289	702
289	718
289	837
289	966
289	991
290	330
290	560
290	731
290	764
290	882
290	968
290	994
291	356
291	396
291	437
291	655
291	870
291	915
292	312
292	362
292	370
292	461
292	539
292	543
292	627
292	673
292	693
292	734
292	886
292	902
293	450
293	591
293	726
293	769
293	778
293	946
293	966
294	360
294	466
294	584
294	627
294	629
294	630
294	671
294	681
294	894
294	901
294	933
294	961
295	309
295	357
295	430
295	432
295	493
295	557
295	585
295	586
295	591
295	691
295	743
295	972
296	306
296	456
296	537
296	625
296	794
296	799
299	384
299	449
299	513
299	524
299	648
299	673
299	854
300	433
300	451
300	526
300	665
300	677
300	681
300	754
300	785
300	865
300	946
301	312
301	496
301	577
301	766
302	438
302	448
302	725
302	843
302	880
303	308
303	325
303	361
303	413
303	524
303	526
303	564
303	772
303	830
303	911
303	928
303	929
304	449
304	736
304	890
304	952
305	328
305	418
305	456
305	505
305	562
305	695
305	765
305	811
305	873
306	329
306	354
306	357
306	384
306	409
306	434
306	435
306	478
306	543
306	621
306	671
306	690
306	923
306	930
306	951
306	979
307	330
307	334
307	448
307	461
307	488
307	682
307	755
307	764
307	817
307	852
307	880
308	585
308	586
308	647
308	777
308	839
308	869
308	943
308	946
308	972
308	988
308	995
309	312
309	361
309	453
309	493
309	508
309	573
309	591
309	651
309	692
309	777
309	878
309	896
309	943
309	950
310	571
310	904
310	905
310	941
311	326
311	379
311	401
311	491
311	571
311	687
311	806
311	852
311	913
312	331
312	361
312	413
312	532
312	586
312	718
312	777
312	925
312	966
313	366
313	424
313	649
313	661
313	675
313	677
313	743
313	747
313	752
313	758
313	857
313	860
314	406
314	510
314	585
314	662
314	692
314	734
314	957
314	966
315	415
315	507
315	575
315	689
315	713
315	722
315	828
315	892
316	397
316	592
316	672
317	367
317	401
317	843
317	922
317	992
318	331
318	335
318	366
318	423
318	429
318	508
318	532
318	538
318	596
318	630
318	738
318	743
318	757
318	781
318	896
318	911
318	945
318	948
318	951
318	979
319	451
319	522
319	589
319	616
319	630
319	638
319	664
319	671
319	681
319	691
319	708
319	785
319	842
319	911
320	403
320	518
320	552
320	759
320	833
320	955
321	557
321	667
321	700
321	741
321	986
322	324
322	684
322	763
322	898
322	907
322	947
323	386
323	488
323	492
323	733
323	746
323	809
323	847
323	882
323	890
323	905
323	961
324	432
324	826
324	902
325	487
325	499
325	564
325	717
325	991
326	373
326	475
326	845
327	765
327	874
328	329
328	397
328	416
328	427
328	435
328	467
328	476
328	986
329	349
329	532
329	556
329	616
329	642
329	695
329	773
329	785
329	860
329	873
329	932
329	973
330	374
330	472
330	488
330	500
330	542
330	570
330	685
330	693
330	701
330	905
331	496
331	526
331	537
331	589
331	591
331	778
331	972
331	979
332	610
332	800
333	363
333	763
334	404
334	438
334	716
334	882
335	349
335	423
335	424
335	433
335	459
335	511
335	561
335	620
335	743
335	773
335	851
336	345
336	461
336	498
336	555
336	760
336	776
337	424
339	415
339	416
339	617
339	742
339	748
339	828
339	861
339	873
340	389
340	405
340	533
340	800
340	860
340	883
340	889
340	928
341	350
341	361
341	417
341	477
341	550
341	715
341	826
341	884
341	929
342	597
342	733
342	866
343	362
343	409
343	434
343	558
343	559
343	632
343	690
343	708
343	754
343	804
343	901
343	906
343	911
343	968
343	996
344	520
345	463
345	492
345	527
345	538
345	741
345	775
345	927
346	405
346	456
346	507
346	518
346	578
346	613
347	360
347	434
347	560
347	585
347	604
347	620
347	671
347	734
347	745
347	753
347	890
347	906
347	916
347	935
347	948
348	508
348	713
348	844
348	957
349	360
349	364
349	384
349	429
349	436
349	465
349	490
349	630
349	842
349	973
349	979
350	523
350	605
350	636
350	702
350	726
350	837
351	643
353	403
353	474
353	505
353	638
353	674
353	799
353	833
353	862
353	930
353	977
354	411
354	429
354	489
354	545
354	633
354	681
354	773
354	882
354	911
354	925
355	452
355	656
355	669
355	883
356	396
356	709
356	765
357	493
357	622
357	640
357	726
357	734
357	931
357	945
357	957
357	988
358	564
358	849
359	425
359	480
359	508
359	538
359	671
359	740
359	768
359	785
359	931
359	966
360	377
360	425
360	537
360	543
360	557
360	640
360	648
360	705
360	708
360	773
360	906
360	961
361	411
361	417
361	516
361	585
361	692
361	717
361	718
361	778
361	839
362	382
362	602
362	671
362	904
362	916
362	987
363	553
363	572
363	767
363	868
364	378
364	380
364	434
364	619
364	621
364	658
364	691
364	730
364	785
364	861
364	906
364	961
365	823
365	855
365	881
366	423
366	424
366	451
366	591
366	675
366	743
366	769
366	894
366	923
366	938
366	945
367	475
367	587
367	684
367	685
367	715
367	720
367	947
368	393
368	494
368	496
368	889
368	899
368	956
370	492
370	904
371	374
371	379
371	829
372	378
372	490
372	748
372	963
372	971
373	682
373	686
374	519
374	764
377	404
377	434
377	466
377	467
377	557
377	579
377	673
377	708
377	757
377	785
377	935
377	940
377	971
377	982
378	387
378	418
378	522
378	593
378	779
378	912
378	915
378	933
380	382
380	476
380	546
380	629
380	657
380	815
380	886
380	914
381	424
381	494
381	526
381	605
381	610
381	678
381	777
381	783
382	412
382	483
382	582
382	674
382	688
382	886
382	904
382	980
382	987
383	386
383	426
383	632
383	658
383	824
383	838
383	944
383	986
383	990
384	429
384	443
384	532
384	625
384	629
384	630
384	674
384	678
384	894
384	986
385	435
385	518
385	803
386	409
386	431
386	463
386	546
386	584
386	594
386	607
386	657
386	666
386	730
386	748
386	894
386	897
386	906
386	933
386	963
387	429
387	756
387	870
388	404
388	439
388	527
388	565
388	588
388	618
388	693
388	712
388	952
388	958
389	646
389	892
389	934
390	427
390	453
390	465
390	497
390	607
390	617
390	638
390	677
390	705
390	860
390	923
390	932
390	934
391	595
391	634
391	780
391	927
392	566
392	709
392	751
392	810
393	484
393	547
393	732
393	795
393	875
395	547
395	735
395	769
395	781
395	844
395	953
396	737
396	759
396	803
396	818
397	603
397	790
397	818
398	451
398	636
398	642
398	705
398	724
398	781
398	911
398	979
399	418
399	518
399	521
399	579
399	657
399	658
399	756
399	805
399	933
401	430
401	455
401	479
401	491
401	753
401	814
402	420
402	483
402	517
402	990
403	782
403	870
404	439
404	618
404	634
404	918
404	920
405	672
405	675
405	900
405	998
406	411
406	480
406	616
406	637
406	681
406	688
406	713
406	718
406	783
406	904
406	940
406	948
409	594
409	625
409	648
409	944
410	527
410	564
411	422
411	443
411	459
411	466
411	484
411	532
411	537
411	571
411	629
411	783
411	848
411	950
412	442
412	560
412	585
412	611
412	673
412	958
413	444
413	540
413	718
413	754
413	773
413	982
414	542
414	565
414	693
415	748
415	775
415	884
415	886
415	932
415	959
416	467
416	476
416	598
416	658
416	714
416	730
416	781
416	828
416	861
416	959
416	998
417	530
417	591
417	620
417	684
417	783
417	865
417	943
418	574
418	584
418	609
418	621
418	638
418	765
418	915
420	513
420	515
420	667
421	825
422	465
422	510
422	664
422	689
422	892
422	956
423	435
423	436
423	538
423	604
423	653
423	713
423	738
423	740
423	769
423	783
423	865
423	911
423	948
423	982
424	664
424	695
424	735
424	892
424	959
425	632
425	688
425	780
425	858
425	990
426	579
426	748
426	779
426	933
426	963
426	990
427	476
427	486
427	956
428	502
428	545
428	549
428	602
428	708
428	746
428	851
428	940
428	996
429	443
429	466
429	480
429	525
429	528
429	589
429	612
429	637
429	674
429	678
429	696
429	705
429	713
429	770
429	773
429	894
429	918
429	987
430	480
430	715
430	865
430	907
430	935
430	992
431	478
431	536
431	574
431	609
431	674
431	699
431	723
431	780
431	799
432	460
432	468
432	516
432	572
432	577
432	684
432	830
433	526
433	569
433	610
433	616
433	691
433	744
433	747
433	987
434	478
434	583
434	666
434	678
434	854
434	857
434	916
435	638
435	695
435	740
435	828
435	911
435	973
435	993
435	997
436	459
436	485
436	540
436	605
436	681
436	691
436	773
436	867
436	911
436	945
437	474
437	476
437	497
437	568
437	596
437	730
438	461
438	604
438	612
438	731
438	754
438	792
438	877
439	527
439	618
439	716
439	728
439	822
439	851
439	916
440	541
440	717
441	480
441	647
441	823
441	855
441	950
442	488
442	553
442	573
442	611
442	734
442	839
442	845
442	904
442	906
442	948
442	975
443	522
443	537
443	543
443	658
443	674
443	675
443	688
443	773
443	775
443	808
443	867
443	971
444	479
444	907
445	807
446	624
446	751
447	530
447	602
447	604
447	645
447	802
447	865
448	693
448	840
449	707
449	822
450	522
450	523
450	577
450	777
450	798
450	957
451	493
451	525
451	573
451	586
451	633
451	769
451	773
451	777
451	783
451	842
451	878
451	925
452	949
453	496
453	526
453	642
453	661
453	684
453	718
453	740
453	929
454	572
455	662
455	845
455	946
456	607
456	624
456	724
456	951
457	491
457	563
457	686
457	845
457	962
459	537
459	545
459	640
459	691
459	708
459	726
459	794
459	796
459	867
459	925
459	945
459	953
459	990
460	477
460	550
460	586
460	653
460	720
460	806
460	954
461	500
461	527
461	535
461	582
461	716
461	901
461	988
462	648
462	705
462	773
462	973
462	979
463	595
463	618
463	657
463	712
463	729
463	901
463	904
464	840
465	477
465	509
465	512
465	699
465	747
465	811
465	853
465	875
465	892
465	911
465	951
465	973
466	490
466	579
466	688
466	699
466	757
466	935
467	568
467	575
467	599
467	617
467	655
467	724
467	800
467	824
467	870
467	986
470	495
471	560
471	901
471	902
472	477
472	573
472	826
473	922
474	534
474	562
474	607
474	621
474	638
474	818
474	857
474	932
474	977
474	998
475	564
475	641
475	755
475	819
475	954
476	803
476	834
477	479
477	586
477	806
477	826
477	878
477	946
477	982
478	486
478	517
478	548
478	584
478	619
478	673
478	676
478	696
478	724
478	791
478	897
479	866
480	532
480	609
480	681
480	711
480	844
480	878
480	988
481	487
481	502
481	535
481	549
481	585
481	716
481	746
481	817
481	850
481	980
482	580
482	623
483	521
483	595
483	676
483	775
483	930
484	868
484	979
485	492
485	542
485	760
485	865
485	880
485	958
485	980
486	497
486	525
486	598
486	599
486	861
486	891
486	912
486	993
487	950
487	982
487	992
488	492
488	502
488	611
488	693
488	699
488	731
488	847
488	999
489	536
489	559
489	714
489	733
489	894
489	916
490	492
490	532
490	587
490	616
490	625
490	688
490	691
490	848
490	940
490	979
491	764
492	530
492	549
492	586
492	620
492	685
492	686
492	726
492	809
492	817
492	913
493	662
493	677
493	702
493	826
493	871
493	875
493	951
493	953
493	957
493	966
494	578
494	926
495	676
495	694
496	732
496	871
497	646
497	691
497	796
497	900
497	955
498	565
498	657
498	741
498	836
498	927
498	930
499	586
499	727
499	907
499	992
500	802
500	817
500	856
501	515
501	517
501	580
501	657
501	788
502	530
502	553
502	838
502	875
502	918
504	787
504	861
504	881
504	910
505	522
505	593
505	598
505	688
505	740
505	794
505	834
505	990
506	764
506	850
507	568
507	574
507	648
507	747
507	916
507	919
508	769
508	931
508	945
508	982
509	646
509	714
509	803
510	577
510	663
510	702
510	795
510	869
510	884
510	943
510	966
510	972
511	757
511	842
511	850
511	858
511	878
511	940
511	945
511	973
512	774
512	995
513	546
513	753
513	927
513	930
514	519
514	560
514	686
514	719
514	755
515	580
515	696
516	553
516	573
516	604
516	806
516	902
516	925
516	947
517	521
517	628
517	914
517	990
518	768
518	900
518	932
519	535
519	829
520	560
521	676
521	723
521	736
521	776
521	906
522	537
522	538
522	592
522	616
522	734
522	794
522	925
522	932
523	572
523	591
523	787
524	673
524	712
524	760
524	773
524	817
524	981
525	538
525	661
525	691
525	708
525	741
525	773
525	783
525	938
525	940
525	998
526	569
526	675
526	738
526	768
526	769
526	774
526	778
526	848
527	542
527	634
527	712
527	731
527	905
527	921
527	968
528	535
528	571
528	740
528	916
528	935
528	940
529	709
529	782
530	802
530	806
530	867
530	982
530	992
531	669
531	887
532	579
532	602
532	633
532	637
532	705
532	743
532	783
532	918
532	925
532	931
533	774
533	910
534	788
534	820
535	682
535	685
535	716
535	922
536	543
536	609
536	699
536	796
536	854
536	886
536	912
536	939
536	944
536	986
537	540
537	620
537	625
537	743
537	768
537	926
537	959
538	557
538	565
538	630
538	718
538	768
538	785
538	794
538	886
538	893
538	938
538	940
538	948
540	589
540	725
540	753
540	815
540	844
540	929
540	987
542	618
542	666
542	701
542	712
542	716
542	809
542	856
542	920
542	968
542	994
543	558
543	559
543	585
543	594
543	648
543	678
543	681
543	906
543	987
543	994
544	803
545	661
545	681
545	743
545	811
545	936
545	945
546	611
546	736
546	859
546	978
547	732
547	887
548	681
548	702
548	738
548	911
548	928
548	940
548	951
548	998
549	612
549	641
549	922
549	943
551	615
552	782
552	786
552	833
553	585
553	869
553	935
553	992
554	703
555	970
556	591
556	695
556	747
556	774
556	884
557	559
557	678
557	912
557	986
558	600
558	712
558	770
558	804
559	584
559	609
559	650
559	775
559	901
559	971
559	978
560	725
560	733
561	579
561	596
561	627
561	691
561	773
561	893
562	624
562	998
563	814
563	843
564	643
564	710
564	806
565	952
566	729
566	741
566	890
566	906
566	933
567	790
568	592
568	730
568	959
569	578
569	581
569	610
569	677
569	713
569	956
570	814
570	843
571	671
572	717
572	871
573	586
573	593
573	641
573	651
573	740
573	982
574	625
574	730
574	832
575	599
575	646
575	689
575	785
575	928
576	626
577	785
577	823
577	929
577	954
577	988
578	794
578	929
578	973
579	714
579	769
579	804
579	919
579	925
579	938
580	628
580	650
580	730
580	751
581	601
581	752
581	841
581	889
582	612
582	673
582	690
582	701
583	672
583	803
583	936
584	600
584	619
584	704
584	725
584	729
584	874
585	586
585	661
585	678
585	726
585	746
585	875
585	946
585	950
586	620
586	690
586	726
586	792
586	806
586	826
586	865
586	946
588	629
588	632
588	701
588	721
588	770
588	851
589	633
589	649
589	671
589	674
589	738
589	760
589	773
589	893
589	935
589	950
590	721
590	815
590	971
590	989
591	610
591	640
591	830
591	948
591	995
592	598
592	649
592	665
592	892
593	735
593	757
593	886
593	916
593	923
593	979
594	630
594	748
594	858
594	990
595	600
595	632
595	676
595	815
596	671
596	678
596	690
596	760
596	768
596	770
596	778
596	783
596	831
596	848
596	867
596	897
596	940
596	972
598	613
598	698
598	900
599	695
599	714
599	747
599	860
600	780
600	897
600	901
600	921
600	933
601	887
602	653
602	726
602	757
602	830
602	844
602	865
602	925
602	987
603	790
604	653
604	769
604	966
605	610
605	642
605	665
605	678
605	713
605	769
605	798
605	893
605	939
605	940
606	650
607	677
607	713
607	765
607	857
607	912
609	638
609	906
609	961
610	638
610	677
610	702
610	744
610	747
610	781
610	811
610	919
610	939
610	945
611	734
611	773
611	817
611	847
611	981
612	754
612	817
612	904
612	918
614	759
614	782
614	810
614	900
615	693
615	716
616	675
616	689
616	911
616	925
616	956
617	722
617	781
618	906
619	697
619	704
619	721
619	906
620	637
620	673
620	700
620	794
620	922
621	724
621	793
621	993
622	654
622	684
622	913
622	954
622	992
623	874
624	824
625	632
625	648
625	696
625	815
625	944
627	637
627	678
627	783
627	817
627	838
627	867
627	904
627	935
627	940
628	670
628	776
629	640
629	688
629	690
629	773
629	791
629	808
630	740
630	757
630	783
630	791
630	865
630	948
630	973
632	851
632	894
632	963
633	677
633	708
633	768
633	915
633	996
634	701
634	728
634	944
635	976
636	661
636	902
636	954
637	651
637	653
637	671
637	708
637	809
637	817
637	839
637	896
637	943
637	948
638	646
638	665
638	697
638	811
638	945
639	941
640	743
640	867
640	886
641	686
641	733
641	753
641	830
641	838
641	913
641	995
642	664
642	771
642	839
642	844
642	865
642	940
642	995
643	868
644	800
645	685
645	727
645	809
645	975
646	714
646	742
646	793
646	811
646	934
646	961
646	998
647	662
647	692
647	713
647	940
647	951
647	957
648	688
648	690
648	740
648	757
648	919
648	930
648	990
649	675
649	691
649	692
650	670
651	772
651	778
651	784
651	831
651	893
651	946
651	950
651	968
651	972
651	981
651	982
651	995
652	677
652	771
652	795
652	953
652	969
653	754
653	972
654	787
654	795
654	855
655	782
657	667
657	805
657	901
658	748
659	670
659	699
659	779
659	908
661	692
662	777
662	844
662	889
662	972
663	841
663	885
664	752
664	853
664	860
664	926
664	934
664	961
665	713
665	781
665	861
666	854
666	858
666	904
666	911
666	990
667	676
667	694
667	721
667	729
667	741
667	780
667	824
667	927
667	989
670	776
671	681
671	688
671	734
671	775
671	886
671	935
671	980
672	742
672	803
672	895
672	934
673	688
673	716
673	791
673	838
673	982
673	996
674	858
674	914
674	938
675	677
675	705
675	778
675	785
675	794
675	951
676	721
676	741
676	964
677	689
678	757
678	963
679	709
679	870
681	743
681	842
681	875
681	931
682	725
682	792
683	891
684	925
684	957
685	734
685	829
686	962
687	863
688	785
688	794
688	911
688	916
688	986
689	777
689	788
689	932
689	953
689	959
690	867
690	904
690	911
690	944
690	986
691	705
691	842
691	910
691	919
691	928
691	938
691	951
691	973
692	718
692	777
692	784
692	945
692	946
692	957
692	972
693	716
693	736
693	978
693	994
695	744
696	815
697	709
697	714
697	951
698	909
699	808
699	993
700	906
700	971
701	968
701	980
702	735
702	839
704	908
705	724
705	783
705	785
705	931
705	995
707	712
707	989
708	711
708	844
708	902
708	943
708	988
709	744
709	833
710	718
710	988
711	726
711	839
711	869
711	878
711	948
711	966
711	987
711	995
712	728
712	731
712	734
712	770
712	808
712	865
712	894
712	906
713	745
713	860
713	911
713	923
714	794
714	861
714	872
715	772
715	946
715	947
716	808
717	954
718	830
720	830
720	845
720	966
721	921
722	747
722	934
723	908
723	964
725	760
725	904
726	787
726	806
726	946
727	898
728	905
728	920
729	756
729	824
729	951
729	990
730	756
730	783
730	805
730	915
730	919
731	762
731	847
731	917
732	787
733	755
734	746
734	806
734	943
734	972
735	747
735	752
735	794
735	871
737	862
737	874
738	757
738	773
738	782
738	911
739	964
740	834
740	845
740	886
740	911
740	935
740	938
741	770
741	927
741	930
741	989
742	956
743	757
743	770
743	973
744	769
744	959
745	747
745	752
745	841
745	883
745	936
745	984
746	755
746	817
746	982
747	784
747	892
747	910
747	911
747	945
747	956
748	930
750	821
750	888
751	793
752	785
753	982
754	943
755	831
755	988
756	832
756	919
756	955
757	867
757	998
758	812
758	823
758	860
758	871
758	889
758	953
759	833
759	955
760	804
760	838
760	916
761	830
761	868
761	946
764	856
765	870
766	848
768	867
768	933
768	935
768	938
768	951
768	995
769	884
769	931
769	953
770	775
770	808
770	963
770	986
773	802
773	839
773	842
773	943
774	875
774	884
775	838
775	893
775	930
775	940
775	948
775	970
775	996
776	888
776	930
777	830
777	925
778	884
778	910
778	950
779	805
779	824
779	906
779	944
780	851
780	894
780	930
781	932
781	939
782	997
783	848
783	911
783	939
783	944
783	995
784	925
784	929
785	867
785	875
785	998
788	790
788	807
788	974
791	867
791	919
792	880
792	962
793	832
793	886
793	939
793	973
793	998
794	896
794	938
794	951
794	973
794	993
796	799
796	834
796	862
796	993
798	842
798	844
798	943
798	948
799	810
799	833
800	853
800	864
800	887
802	817
802	893
802	943
804	838
804	867
804	994
805	810
806	992
808	838
808	854
808	865
808	886
809	931
809	996
811	838
811	900
811	915
811	977
812	903
812	926
812	953
812	965
815	858
815	894
817	850
823	969
824	933
826	951
826	988
827	974
828	860
828	993
829	962
831	878
831	946
832	912
833	915
836	908
836	944
837	855
838	867
838	894
838	920
838	938
838	951
839	954
839	995
841	903
842	848
844	878
844	992
845	890
845	954
845	976
846	947
847	904
847	918
847	941
848	959
850	865
850	869
850	918
850	996
851	858
851	897
853	915
853	936
854	978
855	868
855	884
856	880
856	882
857	951
858	923
858	943
858	963
858	971
859	914
859	958
860	932
861	993
862	874
864	960
865	950
867	893
867	943
868	985
869	899
871	883
871	982
874	974
875	943
875	945
875	948
875	979
875	988
876	963
878	896
880	882
883	945
884	956
884	988
886	919
886	951
887	892
887	899
890	943
891	899
892	939
894	933
896	986
897	901
899	926
901	923
902	966
902	982
904	980
906	914
906	970
906	980
906	982
907	991
908	921
908	990
910	948
911	913
911	938
911	945
912	915
912	977
912	993
914	933
915	993
916	930
916	933
916	935
916	986
918	950
920	994
923	977
923	979
924	991
925	990
926	956
927	930
927	971
927	990
928	932
928	938
928	945
929	969
931	948
932	979
935	938
938	973
938	979
938	986
938	998
940	945
940	951
944	961
946	950
948	988
951	977
954	966
955	977
959	973
963	989
966	988
966	995
968	978
970	971
971	980
972	982
973	993
