0	73
1	561
1	742
2	56
2	68
2	175
2	291
2	360
2	494
2	582
2	603
2	604
2	637
3	70
3	98
3	132
3	460
3	617
3	620
3	673
3	679
3	682
3	693
3	712
3	811
3	818
3	842
3	869
3	912
3	955
4	375
4	597
4	680
4	758
5	25
5	125
5	166
5	177
5	186
5	221
5	224
5	249
5	261
5	327
5	435
5	512
5	626
5	652
5	654
5	700
5	701
5	723
5	782
5	836
5	883
5	970
5	973
6	47
6	455
6	757
6	788
7	32
7	95
7	120
7	142
7	196
7	208
7	295
7	336
7	342
7	426
7	489
7	513
7	549
7	600
7	605
7	689
7	748
7	795
7	929
7	975
8	95
8	226
8	364
8	514
8	726
8	868
8	967
8	969
9	120
9	235
9	362
9	623
9	906
11	69
11	226
11	282
11	383
11	412
11	415
11	425
11	437
11	510
11	724
11	823
12	48
12	183
12	351
12	403
12	441
12	501
12	516
12	578
12	639
12	682
12	731
12	820
12	969
12	978
13	27
13	77
13	80
13	146
13	225
13	383
13	441
13	503
13	568
13	779
13	798
13	927
14	360
14	399
14	414
14	527
14	679
14	984
15	24
15	82
15	134
15	239
15	264
15	278
15	285
15	319
15	320
15	340
15	516
15	622
15	720
15	746
15	779
15	834
15	979
16	573
16	877
17	80
17	230
17	281
17	412
17	662
17	691
17	760
17	899
17	985
18	437
18	458
18	493
18	994
19	26
19	105
19	146
19	172
19	369
19	508
19	570
19	646
19	650
19	666
19	849
20	25
20	30
20	81
20	336
20	344
20	378
20	621
20	635
20	832
20	837
20	881
20	914
20	926
20	929
20	990
20	998
21	120
21	125
21	187
21	189
21	248
21	273
21	352
21	366
21	443
21	525
21	553
21	581
21	753
21	795
21	950
22	140
22	283
22	381
22	497
22	525
22	553
22	565
22	616
22	663
22	669
22	791
22	957
23	27
23	79
23	231
23	282
23	303
23	350
23	412
23	425
23	529
23	544
23	691
23	731
23	846
23	905
24	75
24	645
24	670
24	702
24	944
25	30
25	132
25	214
25	228
25	426
25	526
25	572
25	626
25	635
25	642
25	689
25	719
25	752
25	857
25	885
25	989
25	990
26	40
26	55
26	172
26	230
26	281
26	441
26	503
26	508
26	567
26	640
26	653
26	776
26	830
26	838
26	861
26	899
26	900
26	917
27	149
27	383
27	504
27	691
27	698
27	718
27	758
27	860
28	240
28	608
28	648
28	707
28	769
28	870
28	912
29	357
29	565
29	574
29	619
30	38
30	70
30	163
30	239
30	248
30	270
30	336
30	431
30	471
30	472
30	520
30	679
30	810
30	869
30	880
30	903
30	904
30	957
30	965
30	989
31	157
31	172
31	217
31	238
31	474
31	490
31	578
32	37
32	45
32	243
32	309
32	475
32	687
32	692
32	803
32	874
32	973
33	240
33	280
33	376
33	657
33	799
33	815
33	957
34	116
34	287
34	325
34	369
34	446
34	517
34	724
34	798
35	919
36	78
36	98
36	132
36	198
36	222
36	436
36	448
36	489
36	545
36	672
36	712
36	714
36	733
36	791
36	881
36	963
36	991
37	147
37	186
37	201
37	243
37	261
37	349
37	360
37	396
37	404
37	429
37	515
37	534
37	549
37	652
37	656
37	661
37	699
37	810
37	907
37	955
37	971
37	998
38	70
38	243
38	277
38	313
38	352
38	564
38	611
38	657
38	684
38	689
38	803
38	827
38	866
38	895
38	909
38	914
38	929
38	958
38	959
39	99
39	107
39	119
39	200
39	328
39	340
39	401
39	452
39	586
39	622
39	659
39	704
39	718
39	739
39	776
39	778
39	779
39	802
39	845
39	956
40	205
40	293
40	561
40	735
41	87
41	106
41	182
41	186
41	385
41	429
41	448
41	569
41	642
41	786
42	223
42	444
42	477
43	51
43	158
43	264
43	430
43	500
43	518
43	586
43	963
44	64
44	85
44	88
44	204
44	231
44	263
44	264
44	302
44	319
44	347
44	471
44	586
44	598
44	734
44	759
44	915
45	81
45	133
45	187
45	298
45	354
45	378
45	413
45	416
45	621
45	678
45	947
45	952
45	987
45	996
46	136
46	257
46	263
46	401
46	409
46	412
46	434
46	630
46	643
46	675
46	704
46	778
46	797
46	848
46	934
47	94
47	498
48	225
48	231
48	266
48	281
48	353
48	434
48	565
48	820
48	823
48	854
48	860
48	868
48	899
48	965
49	53
49	204
49	284
49	328
49	374
49	403
49	447
49	500
49	531
49	538
49	705
49	725
49	778
49	863
49	899
49	936
49	955
49	977
49	994
49	995
50	87
50	136
50	140
50	197
50	264
50	483
50	617
50	656
50	713
50	733
50	796
50	869
50	899
50	912
51	158
51	253
51	374
51	392
51	436
51	511
51	530
51	628
51	729
51	762
51	776
51	811
51	869
51	908
51	941
51	955
51	988
52	119
52	145
52	213
52	291
52	395
52	408
52	444
52	538
52	598
52	616
52	629
52	673
52	791
52	811
52	854
52	869
52	909
52	938
52	957
52	977
53	140
53	157
53	186
53	281
53	340
53	345
53	660
53	755
53	936
53	977
54	57
54	143
54	306
54	338
54	348
54	741
54	812
54	862
55	113
55	304
55	536
55	622
55	662
55	784
55	798
55	974
56	124
56	300
56	983
57	157
57	474
57	536
57	578
58	762
59	144
59	145
59	163
59	212
59	253
59	267
59	385
59	435
59	447
59	448
59	483
59	629
59	682
59	734
59	759
60	496
60	637
60	809
60	889
60	924
60	981
61	394
61	402
61	551
61	805
61	951
62	113
62	293
62	451
62	728
62	751
62	773
62	835
62	985
63	175
63	317
64	88
64	102
64	182
64	212
64	243
64	274
64	430
64	586
64	620
64	796
64	816
64	903
64	938
65	122
65	227
65	238
65	305
65	326
65	442
65	751
65	985
67	106
67	224
67	388
67	461
67	604
67	733
67	911
67	957
68	166
68	296
68	707
68	983
69	269
69	287
69	295
69	364
69	435
69	493
69	506
69	564
69	585
69	676
70	119
70	186
70	191
70	248
70	520
70	535
70	550
70	565
70	664
70	700
70	719
71	265
72	294
72	328
72	632
72	974
74	306
75	134
75	143
75	151
75	203
75	620
75	866
75	944
76	128
76	240
76	255
76	374
76	421
76	617
76	643
76	679
76	810
76	942
76	991
77	99
77	217
77	236
77	258
77	264
77	281
77	304
77	328
77	424
77	511
77	554
77	616
77	653
77	705
77	725
77	759
77	781
77	972
78	106
78	166
78	202
78	239
78	341
78	388
78	431
78	510
78	635
78	638
78	746
78	844
78	903
78	932
78	938
78	949
79	86
79	200
79	225
79	357
79	398
79	412
79	434
79	446
79	504
79	607
79	800
79	860
80	97
80	225
80	282
80	351
80	570
80	595
80	659
80	691
80	709
80	718
80	834
80	899
80	906
80	967
81	210
81	221
81	260
81	299
81	313
81	323
81	352
81	366
81	371
81	373
81	416
81	432
81	471
81	547
81	553
81	687
81	689
81	788
81	952
81	970
81	989
82	130
82	177
82	209
82	255
82	481
82	554
82	705
82	729
82	932
82	936
83	157
83	283
83	308
83	417
83	434
83	435
83	436
83	442
83	459
83	481
83	567
83	570
83	639
83	779
83	794
83	845
83	890
83	899
83	910
83	972
84	108
84	156
84	163
84	185
84	248
84	385
84	396
84	528
84	540
84	550
84	656
84	694
84	703
84	795
84	801
84	868
84	871
84	955
85	98
85	119
85	121
85	195
85	278
85	286
85	290
85	395
85	447
85	562
85	580
85	725
85	734
85	836
86	121
86	176
86	263
86	304
86	358
86	391
86	568
86	580
86	591
86	644
86	703
86	731
86	739
86	768
86	780
86	830
86	856
86	863
86	876
86	910
86	959
87	119
87	176
87	277
87	283
87	355
87	374
87	386
87	410
87	421
87	635
87	727
88	236
88	291
88	299
88	346
88	370
88	502
88	555
88	601
88	811
88	907
88	938
88	949
89	98
89	432
89	496
89	572
89	664
89	755
89	782
89	811
89	883
89	913
90	539
91	551
91	621
91	677
91	681
91	857
92	405
93	234
93	400
93	528
93	605
93	623
93	633
93	676
94	438
94	649
94	677
94	976
95	187
95	298
95	349
95	353
95	446
95	458
95	513
95	540
95	548
95	692
95	695
95	726
95	795
95	797
95	817
95	848
95	868
95	874
95	879
95	955
96	444
96	761
96	819
96	902
97	121
97	284
97	481
97	567
97	781
97	846
97	876
98	229
98	253
98	373
98	404
98	416
98	473
98	485
98	521
98	525
98	617
98	639
98	673
98	869
98	945
99	136
99	268
99	353
99	411
99	424
99	447
99	544
99	578
99	653
99	778
99	784
99	820
99	850
100	125
100	222
100	252
100	342
100	576
100	821
100	857
100	990
101	862
102	136
102	286
102	302
102	366
102	388
102	584
102	657
102	684
102	688
102	904
102	908
102	977
102	982
103	107
103	122
103	130
103	204
103	406
103	435
103	440
103	660
103	709
103	713
103	779
103	802
103	828
104	896
105	154
105	640
105	855
105	891
106	274
106	299
106	365
106	370
106	473
106	483
106	530
106	568
106	586
106	682
106	687
106	753
106	810
106	945
106	995
107	281
107	284
107	625
107	838
107	856
108	145
108	231
108	258
108	284
108	364
108	370
108	434
108	843
108	965
109	162
109	764
109	986
110	369
110	409
110	905
112	359
113	188
113	305
113	310
113	359
113	451
113	665
114	231
114	304
114	425
114	435
114	704
114	713
114	778
114	779
114	886
114	900
114	965
115	341
115	467
115	486
115	893
116	325
116	358
116	400
116	411
116	436
116	446
116	468
116	492
116	598
116	659
116	731
116	802
116	846
116	886
116	906
117	171
117	225
117	234
117	347
117	383
117	389
117	428
117	430
117	969
117	979
118	223
118	688
119	302
119	322
119	385
119	544
119	639
119	734
119	829
119	904
119	961
120	126
120	133
120	189
120	353
120	396
120	431
120	466
120	546
120	636
120	678
120	687
120	689
120	868
120	895
120	952
121	278
121	290
121	358
121	364
121	401
121	411
121	442
121	523
121	568
121	580
121	703
121	727
121	830
121	834
121	848
121	915
121	953
121	960
122	395
122	424
122	450
122	716
122	735
122	802
122	894
123	686
124	365
124	944
125	131
125	221
125	416
125	427
125	453
125	473
125	496
125	565
125	600
125	689
125	810
125	866
125	963
125	973
126	185
126	202
126	211
126	248
126	263
126	302
126	322
126	349
126	491
126	545
126	656
126	687
126	753
126	881
126	907
126	943
126	998
127	210
127	240
127	603
127	786
127	892
128	182
128	266
128	345
128	355
128	447
128	572
128	638
128	831
128	842
129	139
129	155
129	220
129	334
129	389
129	595
130	203
130	285
130	286
130	368
130	507
130	554
130	768
130	863
130	936
130	988
131	132
131	316
131	336
131	352
131	475
131	512
131	513
131	569
131	733
131	821
131	938
131	959
131	971
132	214
132	253
132	471
132	472
132	475
132	512
132	555
132	570
132	577
132	590
132	591
132	636
132	663
132	672
132	695
132	712
132	866
132	874
132	923
132	959
133	156
133	185
133	194
133	247
133	308
133	349
133	350
133	385
133	431
133	544
133	550
133	610
133	621
133	695
133	797
133	926
134	727
134	741
134	894
134	956
135	249
135	316
135	327
135	438
135	496
135	533
135	582
135	642
135	669
135	693
135	765
135	885
135	924
136	198
136	264
136	340
136	491
136	511
136	553
136	568
136	614
136	734
136	868
136	904
137	443
137	489
137	535
137	594
137	730
138	479
138	543
139	318
139	623
139	839
140	198
140	283
140	345
140	349
140	386
140	616
140	719
140	782
140	842
140	869
140	943
141	179
142	228
142	252
142	291
142	307
142	610
142	634
142	887
142	996
143	311
143	706
143	862
144	165
144	189
144	228
144	251
144	313
144	354
144	426
144	463
144	467
144	468
144	482
144	661
144	677
144	775
144	935
145	191
145	198
145	204
145	213
145	340
145	520
145	616
145	845
145	869
145	999
146	172
146	235
146	303
146	358
146	393
146	481
146	659
146	691
146	830
146	899
147	239
147	366
147	413
147	436
147	458
147	514
147	526
147	661
147	881
147	938
148	250
148	762
148	862
148	936
149	405
149	440
149	567
149	606
149	651
149	658
149	771
149	820
149	921
149	999
150	372
150	658
150	716
150	729
150	736
151	311
151	490
151	571
151	779
151	867
151	936
151	940
151	941
152	167
152	177
152	200
152	337
152	349
152	391
152	410
152	411
152	413
152	504
152	663
152	830
152	955
152	979
153	210
153	245
153	249
153	457
153	530
153	533
153	549
153	821
153	832
154	269
154	665
154	760
155	358
155	464
155	529
155	611
155	779
155	780
155	849
155	931
156	187
156	190
156	288
156	417
156	514
156	528
156	663
156	687
156	817
156	903
157	172
157	203
157	205
157	322
157	459
157	562
157	580
157	673
157	695
157	829
157	836
157	848
157	874
158	161
158	177
158	203
158	266
158	315
158	374
158	598
158	628
158	688
158	727
158	909
158	979
159	220
160	206
160	260
160	463
160	525
160	599
160	624
160	677
160	993
161	209
161	306
161	311
161	454
161	487
161	505
161	670
161	802
162	188
162	921
163	202
163	327
163	353
163	416
163	431
163	529
163	689
163	748
163	797
163	923
163	958
164	372
165	215
165	228
165	288
165	362
165	661
165	797
165	803
165	895
165	935
165	952
166	245
166	266
166	323
166	360
166	365
166	370
166	386
166	588
166	643
166	790
166	799
166	806
166	883
166	904
166	907
166	908
166	984
167	190
167	198
167	257
167	287
167	308
167	491
167	504
167	514
167	569
167	580
167	629
167	704
167	844
167	890
167	911
167	965
167	991
168	209
168	236
168	338
168	436
168	702
168	862
168	918
169	754
170	171
170	378
170	415
170	557
170	676
170	800
170	879
170	897
171	183
171	216
171	320
171	437
171	595
171	738
172	230
172	406
172	445
172	452
172	508
172	625
172	718
172	743
172	830
172	956
174	235
174	362
174	570
174	744
175	465
175	787
175	912
176	177
176	195
176	272
176	298
176	340
176	358
176	393
176	441
176	598
176	691
176	725
176	791
176	794
176	845
176	854
176	863
177	182
177	185
177	203
177	213
177	229
177	274
177	286
177	319
177	368
177	500
177	507
177	512
177	759
177	768
177	802
177	949
178	347
178	396
178	619
178	795
178	797
178	843
178	874
178	880
178	895
179	260
179	277
179	371
179	443
179	551
179	596
179	649
179	935
179	951
179	970
180	188
180	369
180	503
180	517
180	659
180	715
180	743
180	798
180	886
180	899
182	186
182	197
182	285
182	286
182	411
182	554
182	614
182	637
182	645
182	703
182	755
182	806
183	200
183	272
183	389
183	401
183	410
183	424
183	619
183	650
183	656
183	797
183	840
183	894
183	953
183	958
184	556
184	891
184	905
185	235
185	290
185	470
185	530
185	565
185	588
185	605
185	633
185	656
185	795
185	803
185	842
185	871
185	923
185	950
185	979
186	274
186	283
186	345
186	370
186	432
186	485
186	511
186	520
186	669
186	672
186	752
186	791
186	831
186	991
186	995
187	215
187	234
187	307
187	318
187	512
187	513
187	553
187	577
187	599
187	627
187	678
187	696
187	703
187	723
187	887
187	987
188	230
188	383
188	570
188	618
188	653
188	820
188	860
189	206
189	228
189	256
189	273
189	309
189	347
189	373
189	396
189	545
189	661
189	832
189	929
189	964
189	989
190	251
190	322
190	515
190	591
190	661
190	692
190	710
190	789
190	844
190	887
190	895
190	920
190	950
191	197
191	283
191	314
191	336
191	340
191	344
191	569
191	581
191	657
191	731
191	810
191	842
191	909
191	913
192	560
192	712
192	815
192	922
192	993
193	219
193	667
193	686
193	735
194	591
194	596
194	694
194	788
195	198
195	283
195	391
195	434
195	538
195	568
195	713
195	739
195	778
195	798
195	806
195	860
195	894
195	999
196	344
196	352
196	404
196	472
196	513
196	572
196	627
196	695
196	848
196	857
196	904
196	923
197	283
197	569
197	657
197	699
198	239
198	253
198	344
198	394
198	483
198	492
198	501
198	553
198	554
198	568
198	601
198	613
198	629
198	679
198	791
198	848
198	854
198	909
198	949
199	228
199	671
199	694
199	744
199	893
200	239
200	257
200	337
200	412
200	421
200	501
200	568
200	601
200	630
200	660
200	803
200	823
200	890
201	273
201	342
201	347
201	371
201	402
201	428
201	590
201	627
201	852
202	290
202	298
202	322
202	468
202	547
202	627
202	687
202	705
202	959
202	960
203	291
203	554
203	614
203	660
203	727
203	734
203	799
203	878
203	928
204	304
204	410
204	447
204	487
204	531
204	601
204	628
204	703
204	704
204	808
204	884
204	977
205	230
205	258
205	326
205	474
205	490
205	511
205	522
205	739
205	843
206	252
206	416
206	426
206	509
206	534
206	624
206	748
206	775
206	816
206	858
206	866
207	266
207	365
207	374
207	720
208	302
208	373
208	525
208	719
208	816
208	859
208	949
208	995
209	286
209	348
209	450
209	571
209	720
209	762
209	956
210	336
210	413
210	416
210	457
210	526
210	534
210	581
210	600
210	627
210	643
210	690
210	816
210	832
210	858
210	869
210	914
210	945
211	212
211	267
211	430
211	436
211	473
211	572
211	642
211	672
211	699
211	748
211	752
211	791
211	796
211	949
211	998
212	213
212	255
212	266
212	345
212	407
212	413
212	429
212	497
212	582
212	610
212	796
212	799
212	823
212	991
213	255
213	298
213	299
213	337
213	413
213	421
213	569
213	637
213	699
213	762
213	842
213	912
214	222
214	229
214	404
214	509
214	566
214	569
214	733
215	226
215	309
215	313
215	428
215	467
215	550
215	585
215	692
215	726
215	766
215	920
215	952
216	251
216	325
216	393
216	646
216	659
217	607
217	745
217	776
217	861
217	910
217	956
218	243
218	354
219	247
219	478
219	716
219	739
219	743
219	760
219	773
219	779
219	784
219	825
219	835
219	894
220	234
221	295
221	327
221	330
221	344
221	555
221	557
221	590
221	609
221	621
221	652
221	701
221	748
221	832
221	848
221	971
221	991
222	307
222	316
222	509
222	581
222	608
222	626
222	687
222	858
222	929
222	989
224	376
224	404
224	483
224	559
224	669
224	699
224	786
224	981
224	984
224	991
225	234
225	269
225	282
225	325
225	480
225	570
225	615
225	695
225	849
225	974
225	978
226	231
226	234
226	319
226	401
226	468
226	696
226	817
226	829
226	843
226	897
226	914
226	953
227	326
227	445
227	488
227	651
227	735
227	900
228	295
228	356
228	605
228	642
228	934
229	231
229	322
229	373
229	388
229	404
229	432
229	581
229	672
229	712
229	989
229	998
230	435
230	508
230	618
230	653
230	718
230	773
231	303
231	347
231	401
231	529
231	540
231	629
231	734
231	791
231	803
231	960
232	256
232	356
232	455
233	317
234	235
234	282
234	557
234	611
234	650
234	746
234	780
234	958
235	398
235	401
235	412
235	644
235	781
236	257
236	279
236	355
236	381
236	487
236	497
236	507
236	684
236	859
237	247
237	363
237	596
237	605
237	696
237	723
237	789
237	858
237	875
237	968
237	987
238	405
238	441
238	503
238	516
238	625
238	709
238	722
238	760
238	784
238	897
239	243
239	319
239	531
239	616
239	709
239	720
239	795
239	909
239	957
240	603
240	707
240	756
240	892
241	563
241	671
243	342
243	430
243	467
243	555
243	639
243	712
243	843
243	896
243	955
243	958
245	429
245	572
245	702
245	719
245	818
245	924
246	318
246	558
246	968
247	378
247	585
247	633
247	724
248	298
248	352
248	361
248	378
248	431
248	434
248	502
248	555
248	657
248	698
249	534
249	535
249	661
249	693
250	301
250	314
250	382
250	497
250	502
250	562
250	638
250	702
250	708
250	761
250	869
251	457
251	510
251	599
251	649
251	689
251	734
252	753
252	765
252	786
252	802
253	270
253	278
253	316
253	353
253	485
253	520
253	534
253	620
253	688
253	734
253	782
253	823
253	904
253	909
253	950
253	961
254	332
254	612
254	624
254	649
254	681
255	283
255	355
255	385
255	534
255	542
255	588
255	628
255	663
255	673
255	675
255	782
255	796
255	942
255	973
256	309
256	429
256	576
256	624
256	864
257	278
257	395
257	436
257	449
257	501
257	505
257	511
257	580
257	703
257	808
257	834
257	884
257	915
258	279
258	286
258	675
258	684
258	759
258	802
258	823
258	876
260	600
260	677
260	681
260	916
261	295
261	430
261	534
261	549
261	635
261	654
261	669
261	752
261	816
261	821
263	278
263	304
263	328
263	383
263	391
263	703
263	731
263	739
263	778
263	781
263	828
263	876
263	910
263	972
264	759
264	823
264	845
266	399
266	421
266	487
266	527
266	638
266	645
266	889
267	278
267	358
267	393
267	473
267	550
267	682
267	734
267	793
267	866
267	904
267	988
267	998
268	326
268	401
268	554
268	593
268	705
268	779
268	782
268	802
268	977
269	320
269	541
269	732
269	738
269	766
269	843
269	921
269	967
270	308
270	470
270	548
270	797
270	871
271	461
271	494
271	495
271	527
271	582
271	603
271	648
271	673
271	787
271	983
272	391
272	567
272	613
272	622
272	653
272	716
272	739
272	781
273	352
273	371
273	416
273	470
273	489
273	535
273	550
273	575
273	620
273	627
273	642
273	690
273	775
273	916
274	347
274	531
274	533
274	586
274	617
274	669
274	679
274	769
274	815
274	883
274	907
274	909
274	912
274	963
274	983
276	395
276	758
276	992
277	364
277	396
277	475
277	748
277	840
277	848
277	960
278	391
278	434
278	459
278	531
278	553
278	598
278	727
278	731
278	734
278	802
278	979
279	348
279	382
279	444
279	670
279	819
279	902
279	941
279	944
280	429
280	588
280	652
280	707
280	821
281	282
281	445
281	660
281	667
281	698
281	820
281	830
281	835
281	849
282	389
282	503
282	522
282	731
283	381
283	460
283	483
283	526
283	617
283	629
283	782
283	831
283	955
284	304
284	351
284	358
284	393
284	398
284	424
284	459
284	501
284	544
284	731
284	794
284	856
284	894
284	965
285	328
285	368
285	381
285	511
285	601
285	779
285	847
285	863
285	991
286	368
286	462
286	562
286	601
286	684
286	705
286	793
286	863
286	936
286	988
287	350
287	364
287	419
287	523
287	529
287	570
287	585
287	724
287	795
287	803
287	874
287	880
287	887
288	298
288	363
288	426
288	489
288	678
288	726
288	766
290	361
290	382
290	393
290	413
290	471
290	553
290	580
290	663
290	726
290	734
290	836
290	907
290	972
291	370
291	429
291	432
291	521
291	572
291	617
291	628
291	768
291	806
291	913
292	633
292	839
293	561
293	607
293	770
293	828
293	900
294	359
294	372
295	342
295	352
295	354
295	371
295	535
295	627
295	677
295	694
295	723
295	914
295	971
295	996
296	429
296	521
296	524
296	559
296	604
296	708
296	853
297	311
297	408
297	638
297	831
297	940
298	349
298	458
298	538
298	545
298	569
298	642
298	689
298	746
298	753
298	840
298	848
298	868
298	923
298	938
298	962
298	989
299	342
299	368
299	388
299	461
299	549
299	588
299	614
299	733
299	768
299	790
299	806
299	826
299	870
299	892
299	923
299	945
299	983
300	311
300	338
300	444
300	668
300	814
300	878
300	913
301	345
301	614
301	664
301	707
301	787
301	814
301	883
301	942
302	395
302	413
302	462
302	565
302	632
302	762
302	811
302	836
302	907
302	915
303	369
303	383
303	691
303	838
304	319
304	385
304	434
304	452
304	459
304	487
304	622
304	725
304	780
304	834
304	849
304	881
306	444
306	533
306	543
306	571
306	762
306	806
306	878
306	902
307	352
307	371
307	453
307	463
307	681
307	852
307	858
307	964
308	349
308	361
308	412
308	419
308	475
308	505
308	550
308	553
308	596
308	646
308	710
308	724
308	746
308	868
308	879
308	880
308	884
308	895
309	341
309	555
309	577
309	712
309	723
309	738
309	975
310	333
310	665
310	905
311	392
311	444
311	706
311	902
311	940
312	320
312	380
312	506
313	353
313	402
313	577
313	710
313	714
313	775
313	803
313	962
313	964
313	971
314	519
314	608
314	614
314	637
314	707
314	719
314	765
314	782
314	826
314	930
314	947
314	981
315	812
316	342
316	576
316	636
316	690
316	692
316	730
316	858
316	881
316	934
316	962
316	971
317	940
318	330
318	547
318	591
318	694
318	893
319	500
319	531
319	554
319	613
319	739
319	794
319	823
320	383
320	464
320	619
320	817
320	822
321	641
321	668
322	385
322	393
322	620
322	632
322	682
322	695
322	791
322	795
322	907
322	909
322	949
322	957
322	972
323	414
323	549
323	559
323	608
323	616
323	752
323	983
324	615
325	358
325	389
325	529
325	710
325	967
326	536
326	561
326	662
326	743
326	760
326	830
326	876
327	468
327	600
327	621
327	699
327	756
327	832
328	406
328	435
328	474
328	531
328	625
328	755
328	814
328	863
328	999
329	363
329	437
329	467
329	486
329	557
329	612
329	619
329	633
329	696
329	726
329	897
329	920
329	926
330	417
330	636
330	848
331	426
332	498
333	488
333	992
334	369
334	517
336	344
336	466
336	475
336	512
336	513
336	526
336	535
336	669
336	699
336	857
336	866
336	950
336	970
336	971
336	998
337	408
337	447
337	481
337	538
337	571
337	628
337	729
337	828
337	854
337	894
338	668
338	762
338	867
339	671
340	447
340	471
340	483
340	540
340	568
340	588
340	598
340	614
340	695
340	734
340	755
340	854
340	904
340	960
341	347
341	349
341	513
341	540
341	753
341	803
341	874
341	928
341	935
342	344
342	453
342	693
343	888
344	457
344	661
344	689
344	752
344	827
344	866
344	895
344	914
344	923
344	991
345	346
345	355
345	501
345	628
345	719
345	761
345	814
345	913
346	365
346	521
346	526
346	533
346	635
346	638
346	664
346	702
346	733
346	831
347	505
347	548
347	581
347	692
347	803
347	887
347	890
347	938
347	978
348	614
348	670
348	731
348	741
348	745
349	353
349	458
349	695
349	801
349	857
349	884
350	425
350	460
350	470
350	492
350	522
350	528
350	548
350	639
350	723
350	779
350	871
350	953
351	383
351	398
351	567
351	639
351	739
351	773
351	868
351	927
351	965
352	361
352	417
352	426
352	463
352	540
352	547
352	550
352	627
352	635
352	687
352	748
352	775
352	796
353	385
353	425
353	471
353	513
353	514
353	540
353	547
353	557
353	565
353	617
353	690
353	739
353	808
353	817
353	844
353	869
353	874
353	880
353	952
354	789
354	791
354	852
354	922
355	432
355	614
355	675
355	679
355	707
356	681
357	440
357	446
357	680
357	698
357	726
357	771
357	798
357	813
357	972
358	391
358	406
358	411
358	412
358	446
358	480
358	501
358	503
358	580
358	639
358	672
358	781
358	899
358	934
358	965
358	974
360	579
360	637
360	761
360	898
360	903
361	378
361	431
361	468
361	510
361	513
361	585
361	611
361	803
361	817
361	836
361	842
361	871
361	879
361	880
362	363
362	378
362	437
362	532
362	627
362	766
362	962
363	646
363	732
363	994
364	391
364	639
364	704
364	874
364	880
364	960
365	374
365	392
365	429
365	447
365	768
365	941
366	426
366	430
366	512
366	513
366	520
366	568
366	617
366	635
366	682
366	687
366	791
366	952
367	539
367	862
367	941
368	381
368	386
368	494
368	755
368	761
368	842
368	908
368	936
369	425
369	523
369	564
369	595
369	780
369	820
369	921
370	422
370	521
370	526
370	572
370	638
370	648
370	768
370	791
370	859
370	907
370	912
370	971
371	373
371	396
371	566
371	621
371	661
371	864
371	866
371	920
371	929
371	950
371	987
373	404
373	502
373	545
373	588
373	601
373	635
373	636
373	690
373	790
373	816
373	840
373	881
373	973
374	386
374	572
374	601
374	759
374	912
374	941
374	956
375	597
376	604
376	648
376	701
376	816
376	984
377	872
378	491
378	512
378	517
378	523
378	544
378	547
378	565
378	775
378	803
378	858
378	959
379	397
380	541
381	430
381	673
381	684
381	739
381	790
381	957
382	487
382	527
382	542
382	679
382	745
382	782
382	842
383	464
383	503
383	675
383	773
383	846
383	860
383	861
384	532
384	968
385	553
385	689
385	836
385	848
385	881
385	914
385	950
385	958
386	497
386	862
386	908
386	915
386	942
386	984
388	432
388	530
388	533
388	603
388	673
388	708
388	831
388	898
389	405
389	522
389	698
389	780
389	820
389	978
390	641
390	711
391	406
391	432
391	630
391	660
391	724
391	727
391	731
391	739
391	778
391	834
391	835
391	860
391	876
391	985
392	477
392	688
392	706
393	520
393	654
393	731
393	759
393	808
393	836
393	843
393	879
393	938
393	957
394	438
394	512
394	790
394	925
394	951
395	462
395	501
395	565
395	568
395	629
395	645
395	759
395	836
395	912
395	969
395	979
396	493
396	528
396	546
396	555
396	590
396	610
396	746
396	748
397	623
397	968
398	425
398	491
398	492
398	523
398	698
398	906
398	927
399	668
399	707
399	787
400	605
400	868
401	419
401	434
401	632
401	874
401	879
401	957
403	411
403	601
403	675
403	734
403	793
403	928
404	448
404	547
404	569
404	608
404	657
404	701
404	748
404	786
404	790
404	815
404	827
404	831
404	881
404	907
404	990
405	835
405	905
406	441
406	779
406	876
407	460
407	465
407	553
407	620
407	679
407	688
407	755
407	814
407	847
407	883
407	961
408	450
408	878
408	908
408	960
409	433
409	440
409	592
409	666
409	868
410	434
410	491
410	542
410	667
410	755
410	913
410	977
411	578
411	731
411	739
411	779
411	846
411	869
411	932
411	960
411	999
412	425
412	446
412	541
412	622
412	760
412	849
413	547
413	672
413	687
413	700
413	803
413	808
413	832
413	833
413	904
413	971
414	579
415	650
415	927
416	431
416	458
416	485
416	512
416	530
416	614
416	642
416	748
416	753
416	958
416	959
416	960
416	971
416	990
417	471
417	491
417	506
417	512
417	656
417	663
417	712
417	839
417	840
417	848
417	871
417	884
417	892
417	903
417	959
418	692
418	710
419	437
419	506
419	528
419	724
419	784
419	880
419	899
419	974
420	873
420	875
421	432
421	447
421	555
421	755
421	768
421	892
421	913
421	945
421	956
421	991
422	576
422	951
423	444
423	941
424	442
424	449
424	578
424	918
424	977
425	464
425	492
425	493
425	522
425	564
425	704
425	773
425	901
426	746
426	914
426	947
426	971
427	801
428	468
428	548
428	564
428	565
428	581
428	585
428	738
428	843
428	844
428	938
429	457
429	473
429	483
429	527
429	533
429	559
429	657
429	793
429	892
429	911
429	963
430	472
430	494
430	526
430	635
430	639
430	943
430	950
430	961
431	434
431	473
431	547
431	565
431	790
431	797
431	844
431	846
431	887
431	911
432	460
432	525
432	549
432	616
432	617
432	673
432	793
432	842
432	857
432	949
432	990
432	991
432	995
433	480
433	606
433	764
434	630
434	704
434	823
434	860
434	977
435	500
435	538
435	578
435	625
435	645
435	675
435	727
435	856
435	863
436	460
436	616
436	706
436	911
436	984
437	470
437	523
437	577
437	800
438	455
438	636
438	661
438	677
440	640
440	900
440	901
441	503
441	778
442	447
442	474
442	505
442	667
442	675
442	705
442	794
443	453
443	636
443	649
443	681
443	785
443	875
443	996
444	668
444	787
444	898
444	930
445	622
446	504
446	550
446	630
446	781
446	803
446	817
446	830
446	880
446	932
446	938
447	639
447	725
447	741
447	979
448	457
448	533
448	621
448	634
448	682
448	911
448	963
448	995
449	462
449	538
449	647
449	863
450	459
450	462
450	568
450	578
450	598
450	729
450	735
450	802
451	758
451	770
451	917
452	660
452	667
452	734
452	760
452	776
453	566
453	652
453	763
453	807
453	925
454	542
454	562
454	867
454	918
455	476
455	551
455	631
455	925
456	529
456	877
456	901
457	462
457	512
457	712
457	726
457	903
457	923
457	950
457	964
457	973
457	989
458	491
458	506
458	557
458	695
458	734
458	874
458	884
458	908
458	923
458	926
458	960
459	503
459	601
459	628
459	643
459	779
459	823
459	965
460	507
460	520
460	581
460	598
460	614
460	617
460	632
460	682
460	755
460	782
460	894
460	945
460	963
461	521
462	628
462	728
462	741
462	778
463	621
463	730
463	925
464	488
464	506
464	780
464	905
465	542
465	729
465	782
465	831
465	870
465	924
465	984
466	546
466	599
466	692
466	887
466	926
466	950
467	610
467	676
467	723
467	803
467	935
467	962
468	529
468	577
468	884
468	895
468	967
469	480
469	764
470	839
470	895
470	897
470	926
470	952
470	953
471	526
471	534
471	687
471	823
471	836
471	842
471	857
471	914
471	923
471	958
472	512
472	513
472	546
472	553
472	679
472	682
472	712
472	832
472	960
472	971
473	519
473	598
473	796
473	816
473	823
473	859
473	943
474	536
474	561
474	662
474	667
474	727
474	778
474	900
474	910
475	512
475	520
475	553
475	724
475	795
475	895
475	908
475	926
476	482
476	576
476	767
476	925
476	990
481	713
481	725
481	739
481	830
481	861
481	899
482	576
482	626
482	678
482	765
483	491
483	511
483	520
483	616
483	673
483	679
483	707
483	755
483	842
483	854
483	910
484	725
484	802
484	856
484	908
485	512
485	513
485	606
485	621
485	734
485	837
485	869
485	922
485	950
486	627
486	975
487	819
488	508
488	646
488	680
488	715
489	512
489	590
489	610
489	642
489	678
489	817
489	962
489	964
489	973
489	976
490	544
490	607
490	653
490	771
490	825
490	850
491	512
491	540
491	548
491	650
491	663
491	695
491	795
491	842
491	843
491	914
492	503
492	565
492	568
492	595
492	613
492	646
492	659
492	704
492	844
492	965
493	596
493	605
493	837
493	874
493	897
493	953
494	583
494	799
494	818
494	898
496	638
496	699
496	708
496	816
496	911
496	981
496	995
497	586
497	629
497	637
497	638
497	687
497	768
497	790
497	833
497	907
497	913
497	949
497	969
498	599
498	976
499	554
499	720
499	814
499	819
499	902
499	936
500	613
500	632
500	739
500	759
500	779
500	894
500	956
500	985
501	794
501	808
501	823
501	880
501	899
501	953
501	965
502	568
502	569
502	581
502	657
502	719
502	791
502	859
502	926
502	991
502	998
503	540
503	658
503	659
503	776
503	845
503	846
503	849
503	894
503	979
504	633
504	646
504	731
504	846
504	849
504	900
504	927
505	581
505	795
505	796
505	890
505	903
505	915
505	957
505	961
506	724
506	849
506	935
507	538
507	601
507	616
507	628
507	645
507	790
508	618
508	658
508	985
509	534
509	604
509	608
509	616
509	885
509	951
510	676
510	738
510	931
510	987
511	568
511	598
511	722
511	755
511	823
511	863
511	904
511	912
511	915
512	540
512	672
512	687
512	733
512	857
513	550
513	565
513	734
513	843
513	858
513	868
513	871
513	884
513	895
513	960
514	540
514	547
514	570
514	585
514	632
514	633
514	903
514	978
515	565
515	623
515	636
515	689
515	690
515	975
516	718
516	728
516	776
516	900
517	544
517	592
517	644
518	956
519	604
519	637
519	669
519	685
519	799
519	816
519	827
520	620
520	663
520	904
520	911
520	934
520	943
520	972
520	979
520	991
521	790
521	799
521	811
522	564
522	640
522	781
522	860
522	910
522	965
522	974
523	696
524	642
524	885
525	535
525	579
525	685
525	733
525	796
525	818
525	869
525	973
525	998
526	555
526	672
526	693
526	701
526	832
526	914
526	934
526	945
527	562
527	614
527	670
527	745
528	565
528	591
528	695
528	703
528	807
528	868
528	879
528	928
528	973
529	565
529	659
529	871
529	884
529	891
529	906
529	953
530	609
530	791
530	981
531	553
531	828
531	834
531	936
531	977
533	549
533	572
533	582
533	620
533	663
533	707
533	791
533	796
533	799
533	816
533	889
533	945
534	547
534	616
534	657
534	700
534	748
534	866
535	642
535	682
535	765
535	950
536	561
536	908
537	551
537	694
537	723
537	788
537	875
537	920
537	926
538	586
538	741
538	778
538	856
538	988
540	797
540	884
540	972
541	666
541	738
541	906
542	761
542	762
544	580
544	800
544	953
545	555
545	629
545	700
545	714
545	832
545	858
545	935
545	973
545	990
546	678
546	687
546	800
547	635
547	642
547	643
547	689
547	690
547	753
547	808
547	950
547	961
547	973
547	989
548	610
548	699
548	746
548	848
548	903
548	914
548	915
548	971
549	657
549	707
549	755
549	796
549	909
549	923
549	995
550	689
550	887
550	897
551	631
551	767
552	799
553	643
553	748
553	848
553	881
553	890
553	934
554	645
554	729
554	936
555	627
555	821
555	832
555	859
555	880
555	971
555	991
556	822
557	635
557	775
557	789
557	817
557	887
557	950
558	605
558	612
558	948
559	648
559	652
559	769
559	790
559	821
559	947
561	867
562	637
562	957
563	730
564	724
564	732
564	877
565	817
565	831
565	840
565	959
566	594
566	600
566	763
566	922
566	971
567	691
567	771
568	601
568	629
568	777
568	828
568	909
568	910
568	999
569	581
569	628
569	635
569	642
569	796
569	842
569	854
569	859
569	943
569	984
569	991
570	619
570	803
570	880
571	628
571	828
571	936
572	586
572	588
572	687
572	827
574	747
574	764
575	649
576	652
576	837
576	881
577	612
577	732
577	775
577	803
577	916
577	938
577	962
578	667
578	800
578	910
579	983
580	712
580	727
580	825
581	682
581	734
581	793
581	848
581	859
581	950
581	964
582	782
582	898
582	924
582	982
582	983
583	768
584	786
584	818
584	898
584	924
584	983
584	988
585	650
585	766
585	800
585	871
585	928
586	608
586	777
586	782
586	793
586	815
586	831
586	979
588	608
588	664
588	679
588	761
588	806
588	808
588	815
588	831
588	859
590	730
590	775
590	907
591	624
591	723
591	726
591	817
591	899
593	966
594	621
594	714
594	951
594	970
595	615
595	619
595	738
595	780
595	830
596	612
596	788
596	789
596	837
596	962
598	620
598	630
598	988
599	624
599	920
600	652
600	654
600	763
600	765
600	864
600	922
600	929
600	951
601	632
601	734
601	759
601	793
601	863
603	769
603	810
603	826
603	870
603	983
604	708
604	924
605	611
605	726
606	615
607	933
608	818
608	859
608	885
609	983
610	788
610	887
610	920
610	935
611	897
611	987
612	676
612	789
612	975
613	720
613	725
613	850
613	896
613	979
614	638
614	755
614	762
614	793
614	806
614	940
616	639
616	790
616	866
616	869
616	907
616	988
616	991
616	998
617	643
617	673
617	881
617	913
617	936
617	960
617	998
618	691
618	771
618	820
619	704
619	739
619	830
619	906
620	648
620	733
620	791
620	932
621	627
621	672
621	710
621	970
621	973
622	709
622	742
622	784
622	813
622	849
622	886
623	792
624	807
624	858
624	871
624	964
624	976
625	630
625	743
625	900
625	932
626	642
626	654
626	679
626	693
626	809
626	964
627	852
627	914
627	929
627	971
628	645
628	720
628	745
628	869
629	727
629	734
629	829
629	859
629	957
629	960
630	725
630	979
630	999
631	976
632	704
632	836
632	844
632	899
632	928
632	995
633	726
635	690
635	810
635	837
635	844
635	990
636	801
636	866
636	893
636	926
636	987
636	996
637	769
637	826
637	827
637	908
637	912
637	918
638	664
638	673
638	679
638	707
638	793
638	819
638	883
638	949
638	983
639	695
639	848
639	881
639	890
639	903
639	960
639	965
639	977
640	644
640	697
642	690
642	765
642	837
642	950
642	971
642	973
643	673
643	725
643	845
644	676
644	927
645	702
645	881
645	979
646	698
647	847
648	701
648	815
648	818
648	831
648	859
648	869
649	681
649	694
649	788
650	698
650	726
650	820
650	962
651	724
651	742
651	754
651	784
651	861
652	693
652	701
653	716
653	985
654	998
656	690
656	699
656	753
656	923
656	970
657	700
657	796
657	815
657	907
657	911
657	942
657	957
658	900
659	796
659	822
659	849
659	921
659	927
660	729
660	778
660	896
660	956
660	972
661	746
661	748
662	751
662	865
663	961
663	989
664	679
664	815
665	758
666	690
666	798
666	800
666	849
667	878
667	896
668	954
669	673
669	857
669	892
669	904
670	729
670	777
670	829
672	808
672	810
672	816
672	989
673	755
673	796
673	826
673	910
673	911
673	913
675	703
675	709
675	830
675	861
675	896
676	766
676	837
677	922
678	689
678	746
678	775
678	832
678	866
678	884
679	782
679	811
679	869
679	907
679	913
680	900
681	864
682	859
682	904
682	963
682	979
683	685
683	701
684	803
684	808
684	883
685	799
687	689
687	816
687	821
687	856
687	866
687	881
687	911
687	935
687	945
687	991
687	995
687	998
688	863
689	700
689	723
689	748
689	763
689	803
689	959
691	784
691	798
691	830
691	974
692	726
692	766
692	788
692	866
693	701
693	752
693	857
693	881
693	947
694	801
694	807
695	723
695	795
695	868
695	938
696	800
696	801
696	839
699	827
699	881
699	909
699	971
699	998
700	733
700	887
700	907
700	949
700	958
700	988
700	991
701	708
701	809
701	869
702	733
702	755
702	769
702	983
703	705
703	731
703	874
704	802
704	838
704	848
704	860
704	871
704	899
704	953
704	965
704	967
705	778
705	878
705	956
706	862
708	712
708	799
709	716
709	739
709	820
709	972
710	858
710	950
710	958
712	840
712	845
712	874
712	964
712	989
713	722
713	739
713	776
713	828
713	846
713	856
714	807
714	852
715	754
715	758
715	784
715	992
716	760
717	720
717	770
718	742
718	779
718	823
718	860
718	974
719	973
720	936
722	728
722	731
722	781
722	794
722	802
722	896
723	803
723	848
723	916
723	976
724	834
724	845
724	927
725	731
725	829
725	856
725	979
726	733
726	801
726	844
726	848
726	897
727	777
727	847
728	729
728	896
728	906
729	936
730	885
730	935
731	794
731	830
732	766
732	839
733	816
733	971
733	981
733	995
734	818
734	913
734	914
734	949
734	964
736	743
736	751
736	758
736	825
736	933
738	766
738	938
738	972
739	779
739	794
739	802
739	856
739	861
739	921
740	792
741	793
741	847
741	894
742	825
742	835
743	861
743	876
743	896
744	893
744	968
745	777
745	811
746	797
746	848
746	887
746	938
747	841
747	877
748	817
748	926
748	958
748	989
749	968
751	985
752	763
752	832
752	911
752	973
753	797
753	887
753	923
753	950
754	917
755	759
755	811
755	854
755	983
758	974
760	835
760	933
760	985
761	782
761	787
765	904
765	981
766	968
768	777
768	831
769	806
769	815
769	833
770	850
771	849
773	846
775	807
775	815
776	784
777	819
777	908
777	912
778	823
779	791
779	794
779	834
779	932
781	784
781	823
781	832
782	806
782	810
782	812
782	826
782	859
782	881
782	984
784	861
784	977
786	809
786	892
787	815
788	970
788	975
789	987
790	869
790	963
790	984
791	842
791	845
791	854
791	913
791	963
791	977
791	979
791	995
793	810
793	831
793	982
794	829
794	845
795	817
795	871
795	923
795	987
796	827
796	907
796	909
796	945
796	955
796	998
797	860
797	874
797	921
798	820
799	831
799	869
800	841
801	996
802	910
803	874
803	880
803	895
803	969
804	805
806	810
806	826
807	893
807	950
807	996
809	864
809	885
810	842
811	831
811	943
811	984
814	983
815	816
815	945
816	831
816	892
816	998
817	903
817	953
818	944
818	984
819	941
820	886
820	900
820	953
821	833
821	857
821	892
823	829
823	834
823	856
823	899
824	847
825	850
825	985
826	981
826	984
827	887
827	949
827	991
828	845
828	847
828	856
828	894
828	999
829	830
829	965
830	899
831	963
832	911
834	879
835	850
835	980
836	876
836	926
836	953
837	884
837	907
837	962
838	841
838	917
839	897
839	967
840	874
840	903
840	914
840	938
840	949
840	992
841	855
841	967
842	871
842	903
842	907
842	998
843	884
843	938
843	952
843	953
843	955
844	881
844	903
844	914
844	957
845	863
845	878
845	904
845	932
845	988
846	860
846	868
846	899
846	974
847	956
848	926
848	959
849	855
849	891
849	974
852	866
852	920
852	976
853	990
854	881
854	949
856	876
858	929
859	991
860	876
860	899
860	910
860	932
860	999
861	933
863	890
863	915
866	958
868	880
870	892
870	924
871	959
871	961
874	880
874	895
876	886
876	961
876	974
876	988
876	995
877	986
878	902
879	897
879	899
879	967
879	994
880	928
880	972
881	926
881	943
881	973
881	998
883	988
884	906
885	889
886	894
886	959
886	977
887	914
887	923
887	960
888	894
888	939
890	909
890	914
890	934
891	917
892	981
895	971
895	987
897	959
897	969
903	909
903	914
903	934
903	957
903	991
904	913
904	915
904	945
905	980
906	969
907	995
908	944
910	932
910	965
912	956
913	972
914	938
914	996
916	952
916	970
917	980
918	941
918	944
921	974
922	955
923	943
926	970
928	969
934	943
934	972
934	979
935	996
938	952
944	954
945	963
945	989
949	957
950	960
950	989
951	993
953	960
953	987
957	961
957	979
958	990
959	973
959	989
963	982
971	973
973	989
977	979
983	984
989	996
990	993
