0	13
0	19
0	82
0	123
0	132
0	134
0	284
0	331
0	407
0	511
0	518
0	529
0	541
0	579
0	606
0	616
0	626
0	706
0	749
0	758
0	787
0	797
0	874
0	883
0	895
0	933
0	943
0	953
0	988
1	84
1	192
1	249
1	276
1	277
1	435
1	439
1	499
1	518
1	676
1	695
1	753
1	847
2	233
2	540
2	620
2	673
2	677
2	731
2	826
2	997
3	58
3	59
3	412
3	413
3	428
3	455
3	787
3	980
3	999
4	535
5	917
6	258
6	683
6	737
6	774
7	31
7	88
7	182
7	239
7	266
7	308
7	333
7	383
7	615
7	780
7	808
7	838
7	982
8	88
8	111
8	170
8	206
8	294
8	430
8	475
8	592
8	663
8	668
8	681
8	735
8	760
8	828
8	843
8	855
8	924
8	954
8	972
10	347
11	194
11	509
11	829
12	25
12	39
12	40
12	82
12	86
12	87
12	88
12	104
12	240
12	326
12	437
12	450
12	475
12	521
12	589
12	738
12	742
12	924
12	943
12	987
13	49
13	88
13	183
13	322
13	324
13	355
13	501
13	691
13	760
13	765
13	901
13	906
14	396
14	402
14	490
14	496
14	817
14	840
14	851
15	210
15	243
15	255
15	331
15	342
15	349
15	379
15	399
15	414
15	514
15	547
15	603
15	669
15	675
15	759
15	870
15	945
15	979
15	987
16	535
17	32
17	70
17	77
17	171
17	265
17	308
17	311
17	327
17	353
17	354
17	463
17	684
17	717
17	734
17	776
17	836
17	870
17	878
17	955
18	109
18	618
18	736
18	812
19	204
19	223
19	244
19	391
19	413
19	417
19	461
19	642
19	693
19	718
19	753
19	909
19	938
20	299
20	460
20	496
21	85
21	114
21	299
21	394
21	407
21	464
21	496
21	766
21	887
21	928
21	933
21	953
22	182
22	208
22	330
22	427
24	52
24	271
24	277
24	281
24	369
24	524
24	667
24	840
24	886
24	912
25	61
25	71
25	94
25	243
25	254
25	275
25	306
25	365
25	407
25	417
25	439
25	473
25	489
25	589
25	600
25	735
25	806
25	864
26	329
26	447
26	452
26	459
26	486
26	490
26	600
26	660
26	663
26	699
26	726
26	760
26	862
26	865
26	875
26	948
26	981
27	90
27	233
27	292
27	301
27	316
27	347
27	534
27	543
27	560
27	578
27	636
27	834
27	862
27	925
27	963
28	319
29	113
29	132
29	145
29	166
29	278
29	331
29	364
29	369
29	778
29	799
29	957
30	228
30	368
30	375
30	379
30	390
30	507
30	674
30	677
30	684
30	996
31	165
31	191
31	210
31	224
31	490
31	626
31	630
31	790
31	828
31	878
31	891
31	982
32	92
32	136
32	420
32	684
32	718
32	833
32	955
32	993
34	58
34	102
34	303
34	304
34	337
34	340
34	394
34	407
34	464
34	705
34	710
34	764
34	800
35	342
35	426
35	822
35	934
36	221
36	402
36	496
36	602
36	606
36	616
36	647
36	695
36	764
37	58
37	178
37	246
37	306
37	335
37	460
37	596
37	913
38	44
38	222
38	242
38	360
38	607
38	608
38	634
38	793
38	981
39	158
39	221
39	306
39	309
39	314
39	363
39	369
39	384
39	393
39	414
39	416
39	438
39	542
39	561
39	637
39	668
39	676
39	735
39	804
39	815
40	87
40	112
40	240
40	331
40	340
40	402
40	435
40	462
40	536
40	600
40	635
40	637
40	668
40	720
40	735
40	815
40	828
40	860
40	898
40	901
40	931
41	64
41	213
41	337
41	398
41	447
41	454
41	513
41	537
41	558
41	676
41	720
41	753
41	800
41	979
42	76
42	116
42	160
42	245
42	386
42	630
42	790
42	811
42	966
42	982
43	50
43	66
43	132
43	190
43	261
43	269
43	324
43	336
43	351
43	368
43	370
43	425
43	459
43	534
43	624
43	635
43	691
43	726
43	852
45	73
45	302
45	535
45	673
45	784
46	95
46	147
46	182
46	211
46	225
46	273
46	375
46	507
46	615
46	684
46	837
46	903
46	906
47	151
47	204
47	492
47	536
47	767
47	860
47	967
48	274
48	694
48	973
49	148
49	282
49	351
49	421
49	425
49	469
49	575
49	643
49	901
49	963
50	56
50	94
50	160
50	195
50	201
50	223
50	225
50	318
50	334
50	452
50	488
50	639
50	644
50	669
50	726
50	733
50	762
50	790
50	935
50	961
50	986
51	215
51	397
51	685
51	823
52	81
52	84
52	178
52	181
52	241
52	244
52	306
52	407
52	464
52	532
52	564
52	651
52	851
53	90
53	129
53	135
53	997
54	323
54	405
56	104
56	230
56	285
56	294
56	355
56	417
56	450
56	475
56	516
56	572
56	589
56	644
56	699
56	825
56	841
56	882
56	906
56	922
57	84
57	86
57	189
57	309
57	450
57	458
57	498
57	542
57	559
57	569
57	591
57	624
57	626
57	670
57	681
57	734
57	778
57	780
57	830
57	872
57	887
57	898
57	906
57	907
57	966
58	174
58	487
58	523
58	614
59	68
59	117
59	322
59	601
59	663
59	715
59	728
59	898
60	61
60	108
60	130
60	190
60	201
60	285
60	334
60	343
60	370
60	409
60	592
60	624
60	638
60	691
60	699
60	711
60	796
60	804
60	866
60	906
61	86
61	111
61	113
61	114
61	170
61	250
61	271
61	277
61	314
61	331
61	384
61	498
61	552
61	589
61	628
61	637
61	644
61	695
61	753
61	854
61	900
61	911
61	964
63	209
63	926
64	105
64	269
64	291
64	355
64	377
64	409
64	625
64	649
64	720
64	866
64	981
64	986
65	311
65	444
65	463
65	522
65	533
65	630
65	853
65	961
66	133
66	310
66	361
66	479
66	765
66	834
67	247
67	254
67	328
67	533
67	641
67	713
67	899
68	169
68	203
68	322
68	461
68	537
68	553
68	642
68	663
68	747
68	768
68	770
68	798
68	855
68	892
69	570
70	138
70	166
70	266
70	311
70	481
70	508
70	521
70	604
70	646
70	649
70	661
70	675
70	734
70	850
70	896
70	911
70	929
71	111
71	223
71	241
71	303
71	369
71	414
71	445
71	489
71	497
71	619
71	654
71	699
71	719
71	753
71	787
71	919
71	938
71	946
71	958
72	91
72	157
72	182
72	191
72	200
72	259
72	380
72	621
72	674
72	959
73	292
73	321
73	371
73	376
73	408
73	421
73	425
73	512
73	592
73	636
73	731
73	834
73	888
74	350
74	398
74	425
74	647
74	747
74	796
74	807
74	857
74	920
74	945
75	187
75	403
75	493
75	902
76	151
76	630
76	714
76	816
76	922
76	955
77	83
77	195
77	204
77	206
77	266
77	357
77	700
77	906
77	916
78	328
78	734
78	755
78	922
79	124
79	190
79	253
79	322
79	685
79	722
80	272
80	345
80	628
80	732
80	949
81	186
81	226
81	342
81	422
82	88
82	107
82	340
82	384
82	388
82	628
82	637
82	717
82	760
82	780
82	854
82	870
82	872
82	880
82	914
83	210
83	242
83	279
83	489
83	498
83	594
83	669
83	760
83	776
83	836
83	856
83	970
84	111
84	143
84	277
84	395
84	497
84	499
84	758
84	919
85	244
85	342
85	496
85	695
85	840
85	864
85	886
86	132
86	207
86	223
86	309
86	327
86	414
86	541
86	576
86	603
86	610
86	742
87	111
87	181
87	246
87	288
87	314
87	402
87	416
87	490
87	499
87	511
87	545
87	663
87	796
87	864
87	900
87	918
87	931
87	941
87	943
88	114
88	123
88	206
88	207
88	243
88	250
88	391
88	527
88	579
88	583
88	600
88	613
88	720
88	738
88	936
88	979
89	569
89	604
89	625
89	734
89	760
89	844
89	929
90	233
90	430
90	492
90	510
90	572
90	612
90	888
90	969
91	116
91	228
91	285
91	358
91	375
91	390
91	456
91	581
91	714
91	725
91	751
91	752
91	939
91	950
91	974
92	265
92	508
92	565
92	718
92	853
92	869
92	891
92	988
92	993
94	104
94	134
94	331
94	393
94	399
94	411
94	799
94	909
94	958
95	200
95	218
95	222
95	317
95	362
95	408
95	424
95	479
95	583
95	689
95	836
95	964
95	970
96	672
96	856
97	145
97	180
97	251
97	359
97	661
97	766
97	800
97	887
97	975
97	993
98	182
98	212
98	218
98	285
98	353
98	399
98	486
98	507
98	531
98	558
98	624
98	640
98	644
98	646
98	668
98	828
98	854
98	887
98	927
99	168
99	558
99	595
99	711
100	281
100	331
100	389
100	462
100	610
100	769
100	799
100	883
101	402
101	428
101	439
101	464
101	501
101	527
101	584
101	676
101	712
101	941
102	174
102	190
102	221
102	244
102	363
102	407
102	556
102	605
102	679
102	787
102	827
102	928
102	936
103	359
103	380
103	467
103	476
103	522
103	565
103	625
103	646
103	718
103	734
103	833
103	966
104	188
104	189
104	206
104	333
104	516
104	593
104	668
104	669
104	719
104	735
104	741
104	815
104	843
104	854
104	865
104	938
104	945
104	958
104	966
105	323
105	398
105	475
105	587
105	633
105	921
106	215
106	823
107	113
107	134
107	207
107	284
107	309
107	385
107	388
107	398
107	428
107	473
107	474
107	589
107	602
107	668
107	675
107	828
107	844
107	850
107	870
107	919
107	948
107	966
107	976
107	988
108	189
108	224
108	452
108	594
108	624
108	665
108	668
108	677
108	898
108	931
109	178
109	694
110	835
110	858
111	288
111	314
111	351
111	355
111	447
111	529
111	706
111	760
111	775
111	807
112	221
112	334
112	416
112	545
112	661
112	753
112	806
112	821
112	900
112	909
112	936
113	273
113	311
113	365
113	416
113	518
113	552
113	579
113	605
113	637
113	693
113	780
113	827
113	945
114	161
114	181
114	190
114	236
114	285
114	303
114	409
114	414
114	437
114	446
114	475
114	529
114	585
114	600
114	642
114	701
114	804
114	825
114	854
114	876
114	895
114	908
114	931
114	938
114	964
115	607
115	620
115	788
116	182
116	235
116	252
116	284
116	801
116	838
116	878
117	221
117	283
117	407
117	416
117	564
117	631
117	739
118	167
118	250
118	298
118	397
118	457
118	484
118	875
118	884
119	286
119	317
119	358
119	451
119	489
119	542
119	623
119	673
119	707
119	745
119	757
119	834
119	974
120	258
121	418
121	565
121	692
123	188
123	273
123	402
123	407
123	481
123	490
123	517
123	576
123	675
123	690
123	695
123	741
123	758
123	900
123	988
124	796
124	818
124	881
125	157
125	424
127	136
127	305
127	372
127	567
127	962
129	144
129	292
130	409
130	415
130	469
130	510
130	741
130	991
131	262
131	271
131	277
131	661
131	666
131	687
131	713
131	817
131	822
132	391
132	399
132	422
132	462
132	463
132	475
132	542
132	585
132	610
132	628
132	637
132	695
132	715
132	749
132	769
132	820
132	828
132	891
133	156
133	294
133	301
133	351
133	446
133	452
133	627
133	719
133	757
133	835
133	862
133	878
133	907
133	971
134	170
134	192
134	212
134	223
134	314
134	337
134	363
134	365
134	377
134	701
134	735
134	742
134	840
135	267
135	525
135	612
135	731
136	210
136	372
136	842
136	899
137	222
137	347
137	488
137	868
137	925
138	161
138	211
138	235
138	245
138	285
138	286
138	334
138	375
138	452
138	456
138	762
138	775
138	863
138	864
138	868
138	954
138	970
139	163
139	204
139	267
139	282
139	294
139	317
139	370
139	421
139	572
140	268
140	297
140	374
140	508
140	690
140	899
140	970
141	239
141	420
141	482
141	522
141	567
141	718
142	372
142	482
143	158
143	212
143	236
143	402
143	439
143	454
143	468
143	518
143	527
143	596
143	600
143	642
143	711
143	728
143	827
143	843
143	857
143	943
144	177
144	419
144	535
145	251
145	496
145	514
145	556
145	605
145	769
145	870
145	928
145	965
146	171
146	328
146	363
146	505
146	506
146	519
146	690
147	222
147	348
147	378
147	472
147	607
147	672
147	725
147	950
148	217
148	386
148	388
148	489
148	504
148	545
148	639
148	649
148	684
148	780
148	828
148	855
148	869
148	874
148	911
148	950
148	964
149	160
149	308
149	333
149	364
149	384
149	388
149	408
149	486
149	630
149	691
149	714
149	790
149	841
149	855
149	861
149	891
149	896
149	948
149	964
149	970
150	247
150	262
150	506
151	210
151	245
151	357
151	481
151	508
151	639
151	700
151	785
151	935
151	955
152	175
152	222
152	285
152	577
152	635
152	745
153	305
153	401
153	889
155	274
156	161
156	189
156	240
156	284
156	311
156	334
156	437
156	450
156	489
156	589
156	616
156	691
156	701
156	790
156	792
156	915
156	924
156	971
157	222
157	242
157	615
157	629
157	939
157	959
158	186
158	213
158	363
158	438
158	490
158	511
158	518
158	561
158	606
158	625
158	668
158	735
158	798
158	831
158	931
158	953
160	210
160	374
160	452
160	583
160	627
160	677
160	752
160	808
160	830
160	862
161	230
161	368
161	597
161	808
161	828
161	859
161	939
161	971
161	974
162	688
162	691
163	223
163	233
163	245
163	336
163	510
163	540
163	610
163	681
163	765
163	780
163	808
163	835
163	859
163	869
163	943
163	971
163	991
164	214
164	977
165	251
165	359
165	391
165	700
166	391
166	399
166	497
166	523
166	528
166	547
166	605
166	626
166	645
166	647
166	649
166	690
166	758
166	779
166	796
166	870
166	979
167	196
167	227
167	229
167	530
167	563
167	587
167	592
167	662
167	722
167	807
167	823
167	908
167	909
168	209
168	338
168	537
168	890
169	197
169	350
169	483
169	484
169	747
169	770
169	909
170	223
170	270
170	273
170	336
170	416
170	438
170	483
170	631
170	663
170	697
170	701
170	765
170	787
170	800
170	866
170	918
170	936
171	381
171	482
171	594
171	718
171	813
171	914
172	216
172	443
174	264
174	561
174	618
174	666
174	812
174	943
175	267
175	371
175	577
175	707
175	978
176	638
176	747
176	783
176	983
177	339
177	535
178	184
178	244
178	249
178	518
178	606
178	618
178	739
178	934
179	267
179	572
179	612
180	199
180	330
180	630
181	203
181	269
181	355
181	398
181	430
181	451
181	469
181	529
181	562
181	575
181	640
181	652
181	681
181	765
181	796
181	835
181	852
181	887
181	897
182	185
182	239
182	242
182	401
182	733
182	811
183	282
183	329
183	351
183	400
183	425
183	459
183	550
183	572
183	725
183	784
183	834
183	868
184	251
184	473
184	478
184	497
184	645
184	661
184	736
184	759
184	803
184	847
184	948
185	266
185	354
185	549
185	740
186	188
186	221
186	520
186	721
186	773
186	923
186	994
186	995
187	220
187	300
187	416
187	514
187	716
187	829
188	276
188	277
188	363
188	416
188	435
188	497
188	499
188	511
188	690
188	742
189	285
189	324
189	326
189	360
189	375
189	386
189	402
189	542
189	558
189	610
189	628
189	649
189	706
189	712
189	717
189	735
189	828
189	841
189	854
189	918
190	541
190	553
190	591
190	607
190	643
190	657
190	660
190	691
190	711
190	735
190	796
190	924
190	953
191	201
191	210
191	214
191	240
191	245
191	259
191	354
191	362
191	379
191	516
191	740
191	751
191	785
191	841
191	863
191	907
191	954
191	976
192	229
192	248
192	320
192	331
192	369
192	414
192	497
192	517
192	585
192	758
192	803
192	851
192	886
192	912
192	934
194	799
194	831
194	887
194	965
195	198
195	206
195	309
195	367
195	440
195	637
195	669
195	706
195	780
195	815
195	976
196	356
196	601
196	768
196	873
197	325
197	350
197	361
197	517
197	635
197	726
197	873
197	895
198	201
198	218
198	399
198	481
198	521
198	527
198	569
198	623
198	654
198	714
198	729
198	777
198	820
198	922
199	278
199	389
199	418
199	444
199	604
199	661
199	718
199	778
199	840
199	945
199	957
200	222
200	242
200	516
200	689
200	751
200	836
200	860
200	942
201	204
201	235
201	266
201	284
201	374
201	536
201	610
201	626
201	689
201	743
201	796
201	808
201	820
201	862
201	955
201	974
202	205
202	324
202	361
202	657
202	738
202	885
202	984
203	223
203	341
203	377
203	584
203	624
203	663
203	782
203	864
203	892
204	360
204	368
204	408
204	492
204	536
204	559
204	706
204	841
205	310
205	387
205	419
205	494
205	587
205	600
205	701
205	726
206	218
206	230
206	240
206	303
206	334
206	336
206	661
206	758
206	868
206	870
207	342
207	497
207	626
207	669
207	702
207	817
207	820
207	855
207	869
207	870
207	914
207	988
208	360
208	424
208	785
208	903
209	338
209	366
209	617
210	265
210	481
210	489
210	594
210	644
210	649
210	677
210	776
210	836
210	841
210	863
210	960
210	976
211	223
211	410
211	417
211	472
211	612
211	627
211	640
211	793
211	927
212	223
212	281
212	342
212	475
212	513
212	582
212	585
212	844
212	847
212	943
212	979
213	399
213	585
213	606
213	616
213	796
213	874
213	958
213	998
214	305
214	349
214	379
214	504
214	600
214	882
215	356
215	685
216	268
216	383
216	755
216	769
217	410
217	440
217	472
217	581
217	613
217	907
217	978
218	236
218	318
218	399
218	475
218	628
218	668
218	702
218	720
218	733
218	780
218	852
218	876
220	272
220	732
220	824
221	277
221	314
221	395
221	561
221	579
221	582
221	606
221	632
221	653
221	675
221	749
221	778
221	827
221	919
222	230
222	259
222	295
222	317
222	348
222	536
222	648
222	654
222	751
222	757
222	952
222	959
223	414
223	416
223	438
223	450
223	481
223	541
223	542
223	589
223	625
223	628
223	691
223	701
223	720
223	753
223	804
224	451
224	479
224	486
224	512
224	623
224	639
224	788
224	927
225	231
225	240
225	261
225	310
225	353
225	370
225	447
225	575
225	741
225	780
225	862
225	868
225	907
225	909
226	248
226	402
226	426
226	524
226	817
226	940
227	261
227	983
228	317
228	408
228	440
228	615
228	927
228	996
229	303
229	323
229	483
229	631
229	633
229	765
229	796
229	798
229	806
229	865
230	315
230	334
230	489
230	512
230	572
230	583
230	627
230	640
230	750
230	790
230	828
230	838
230	860
231	266
231	275
231	284
231	316
231	340
231	370
231	517
231	642
231	652
231	669
231	681
231	852
231	900
231	906
231	946
232	718
232	838
232	853
232	964
233	515
233	635
233	657
233	707
233	760
233	835
233	969
235	379
235	621
235	630
235	634
235	861
235	867
235	950
235	968
236	309
236	331
236	370
236	398
236	417
236	454
236	486
236	494
236	542
236	558
236	628
236	638
236	652
236	760
236	898
236	901
236	938
237	309
237	443
237	519
237	645
237	696
237	822
237	831
237	851
238	485
238	487
238	587
238	715
239	362
239	381
239	467
239	568
239	718
239	960
240	435
240	437
240	486
240	541
240	652
240	719
240	852
240	870
240	876
240	882
240	911
240	945
240	948
240	988
241	270
241	532
241	653
241	794
242	437
242	512
242	516
242	559
242	572
242	579
242	597
242	627
242	689
242	708
242	752
242	815
242	952
243	246
243	261
243	456
243	458
243	490
243	513
243	576
243	579
243	638
243	679
243	689
243	694
243	743
243	780
243	796
243	854
243	866
243	906
243	909
243	918
243	921
243	928
244	281
244	299
244	312
244	394
244	395
244	406
244	499
244	582
244	596
244	653
244	779
244	828
244	875
244	912
245	286
245	294
245	360
245	512
245	581
245	647
245	681
245	788
245	859
245	948
246	322
246	439
246	511
246	513
246	596
246	601
246	628
246	676
246	691
246	710
246	897
246	900
246	909
246	941
246	945
246	990
247	444
247	713
247	781
247	917
247	956
248	799
248	831
249	363
249	456
249	605
249	679
249	698
249	764
249	886
250	532
250	812
251	280
251	359
251	467
251	521
251	533
251	625
251	700
251	769
251	845
252	259
252	305
252	427
252	441
252	597
252	661
252	674
252	684
252	833
252	916
253	323
253	341
253	366
253	373
253	461
253	546
253	595
253	746
253	747
254	326
254	412
254	462
254	518
254	619
254	661
254	663
254	714
254	766
254	831
254	874
254	933
254	979
255	340
255	424
255	500
255	514
255	521
255	552
255	602
255	799
255	827
255	830
255	993
256	566
256	581
256	805
257	480
258	560
258	972
259	286
259	488
259	536
259	677
259	689
259	757
259	927
259	946
260	472
260	826
260	947
261	334
261	355
261	430
261	450
261	474
261	575
261	581
261	601
261	649
261	660
261	981
262	264
262	396
262	505
262	528
262	582
262	781
262	894
263	791
264	278
264	406
264	428
264	497
264	524
265	333
265	345
265	368
265	388
265	504
265	553
265	623
265	626
265	647
265	668
265	684
265	836
265	880
265	960
266	333
266	359
266	374
266	486
266	610
266	621
266	735
266	776
266	869
266	878
266	935
266	955
267	295
267	492
267	550
268	381
268	420
268	463
268	506
268	508
268	533
268	630
268	659
268	880
268	961
269	385
269	409
269	410
269	454
269	642
269	663
269	691
269	866
269	873
269	898
269	968
270	304
270	307
270	337
270	614
270	806
271	283
271	369
271	426
271	552
271	605
271	802
271	886
271	912
272	477
272	692
272	778
273	288
273	299
273	391
273	410
273	490
273	518
273	527
273	545
273	675
273	753
273	765
273	794
273	843
273	971
274	995
275	398
275	437
275	517
275	638
275	720
275	804
275	866
275	900
275	971
275	995
276	314
276	340
276	497
276	501
276	523
276	527
276	561
276	585
276	631
276	667
276	710
276	783
276	847
276	923
276	931
277	314
277	363
277	394
277	402
277	511
277	561
277	585
277	695
277	807
277	827
277	900
278	556
278	616
278	632
278	883
278	917
279	297
279	914
280	506
280	569
280	713
280	748
280	894
281	320
281	396
281	518
281	625
281	653
281	803
281	886
281	912
281	988
282	343
282	368
282	425
282	492
282	581
282	607
282	671
282	706
282	762
282	925
282	986
283	965
284	315
284	386
284	408
284	458
284	475
284	486
284	700
284	719
284	828
284	861
284	966
285	390
285	474
285	627
285	640
285	701
285	707
285	780
285	869
285	905
285	946
285	958
285	966
286	329
286	343
286	347
286	348
286	410
286	421
286	479
286	540
286	577
286	578
286	613
286	751
286	866
286	868
286	879
286	960
287	434
288	331
288	363
288	365
288	385
288	393
288	571
288	585
288	606
288	717
288	787
288	864
288	953
288	958
289	327
289	481
289	603
289	625
289	628
289	641
289	755
289	975
290	357
290	810
290	811
290	833
290	878
290	922
290	982
291	419
291	469
291	470
291	826
292	387
292	400
292	577
292	586
292	678
292	868
292	986
292	997
293	389
293	462
293	547
293	748
293	759
293	802
293	822
293	912
294	379
294	459
294	575
294	576
294	592
294	600
294	639
294	660
294	691
294	712
294	720
294	841
294	863
294	876
294	971
295	543
295	673
295	907
296	351
296	370
296	446
296	510
296	559
296	572
296	600
296	624
296	857
296	862
297	327
297	528
298	454
298	897
298	995
299	337
299	497
299	528
299	555
299	582
299	585
299	679
300	434
300	632
300	732
300	778
300	794
300	894
301	360
301	379
301	472
301	507
301	627
301	780
301	996
302	550
302	826
302	858
303	316
303	393
303	417
303	458
303	490
303	527
303	542
303	576
303	579
303	585
303	642
303	652
303	663
303	825
303	872
303	915
303	936
303	946
304	460
304	485
304	520
304	598
304	667
304	812
304	990
305	308
305	330
305	353
305	452
305	649
305	674
305	684
305	729
305	730
305	837
305	882
305	954
306	395
306	471
306	487
306	528
306	598
306	992
307	335
307	337
307	617
307	756
307	771
308	498
308	714
308	729
308	776
308	970
309	409
309	456
309	515
309	637
309	695
309	720
309	735
309	780
309	854
309	928
309	964
309	988
310	376
310	452
310	454
310	494
310	892
310	991
311	531
311	603
311	644
311	646
311	690
311	700
311	729
311	844
312	455
312	532
313	932
314	466
314	497
314	596
314	619
314	668
314	783
314	847
314	874
315	360
315	368
315	408
315	463
315	504
315	512
315	516
315	559
315	670
315	712
315	729
315	772
315	808
315	841
315	850
315	860
316	321
316	350
316	398
316	562
316	671
316	862
316	918
317	440
317	466
317	644
317	657
317	860
317	901
317	905
317	907
317	921
317	935
318	329
318	368
318	410
318	479
318	575
318	581
318	654
318	879
318	907
318	967
320	363
320	369
320	438
320	455
320	473
320	500
320	787
320	883
320	886
321	534
321	562
321	583
321	942
321	984
322	387
322	469
322	671
322	782
322	806
322	897
323	350
323	865
323	884
323	918
323	972
324	336
324	398
324	681
324	699
324	743
324	857
324	862
324	901
325	783
325	865
325	900
325	908
326	475
326	489
326	576
326	624
326	627
326	640
326	659
326	712
326	729
326	780
326	808
326	828
326	857
326	955
326	971
327	364
327	384
327	500
327	547
327	690
327	702
327	717
327	733
327	776
327	788
327	833
327	914
327	966
327	982
328	357
328	508
328	533
328	603
328	769
328	830
328	993
329	765
329	792
329	981
329	991
330	930
331	386
331	394
331	473
331	474
331	514
331	529
331	541
331	579
331	606
331	616
331	661
331	668
331	706
331	876
331	919
333	623
333	670
333	790
333	869
333	970
333	974
333	982
334	358
334	374
334	430
334	446
334	456
334	678
334	706
334	712
334	719
334	796
334	855
334	866
334	946
335	485
335	679
335	773
335	848
335	913
336	447
336	456
336	720
336	765
336	804
336	874
336	901
336	928
336	946
337	438
337	742
337	895
337	919
338	397
338	926
338	983
339	540
339	809
339	920
340	385
340	484
340	576
340	619
340	697
340	775
340	843
340	923
341	350
341	484
341	854
341	866
341	892
341	918
342	374
342	528
342	739
342	817
342	883
342	955
343	553
343	620
343	640
343	648
343	665
343	707
343	738
343	834
343	892
344	443
344	460
344	493
345	381
345	717
345	718
345	755
345	772
345	781
345	811
345	977
346	429
346	546
346	884
346	995
347	553
347	577
347	648
347	743
347	834
348	510
348	581
348	707
348	725
348	959
349	360
349	384
349	486
349	594
349	597
349	601
349	627
349	835
349	860
349	898
349	960
349	966
350	377
350	494
350	599
350	826
351	450
351	452
351	741
351	750
351	868
351	924
353	712
353	788
353	833
353	855
353	882
353	945
353	964
354	602
354	630
354	878
354	970
355	425
355	446
355	575
355	591
355	592
355	688
356	485
356	614
356	782
356	823
356	892
356	897
357	649
357	717
357	718
357	734
357	801
357	810
357	872
357	878
357	962
357	982
358	408
358	608
358	905
359	374
359	399
359	533
359	641
359	713
359	755
359	914
359	948
359	982
360	475
360	504
360	684
360	717
360	970
361	409
361	425
361	450
361	486
361	708
361	747
361	765
361	921
361	938
361	946
361	972
362	374
362	594
362	785
362	835
363	365
363	497
363	676
363	758
363	787
363	806
363	912
364	463
364	606
364	713
364	769
364	830
364	869
364	919
365	385
365	517
365	558
365	642
365	680
365	710
365	735
365	787
365	821
365	923
365	936
365	943
365	953
365	980
365	998
366	455
367	393
367	399
367	478
367	564
367	628
367	641
367	706
367	870
367	878
367	905
367	928
367	961
367	988
368	451
368	452
368	459
368	540
368	559
368	597
368	627
368	762
368	793
368	946
369	382
369	394
369	475
369	646
369	647
369	651
369	680
369	698
369	711
369	758
369	923
370	451
370	466
370	475
370	643
370	681
370	757
370	765
370	820
370	854
370	868
371	492
371	575
371	607
371	613
371	634
371	636
371	639
371	678
372	816
372	889
373	387
373	397
374	602
374	603
374	675
374	700
374	712
374	838
374	870
374	891
374	964
374	970
375	479
375	542
375	621
375	780
375	922
375	935
375	950
376	405
376	468
376	469
376	593
376	722
376	819
377	587
377	642
377	662
377	782
377	866
377	895
377	992
378	963
379	427
379	615
379	860
379	863
379	880
379	971
380	489
381	424
381	482
381	580
381	718
381	772
381	778
382	528
382	602
382	779
382	800
382	851
382	869
382	965
383	389
383	463
383	476
383	521
383	544
383	641
383	659
383	896
383	953
383	979
384	462
384	481
384	486
384	514
384	585
384	597
384	610
384	734
384	759
384	880
384	958
385	398
385	456
385	484
385	576
385	619
385	697
385	741
385	753
385	800
385	807
385	826
385	953
385	972
386	466
386	597
386	628
386	766
386	780
386	880
386	935
387	415
387	419
387	908
387	920
388	531
388	571
388	626
388	639
388	708
388	712
388	777
388	808
388	820
388	878
388	946
388	955
388	960
388	964
388	971
388	974
388	987
389	500
389	533
389	850
389	872
389	956
389	957
389	982
390	507
390	626
390	706
390	789
390	861
390	939
390	959
390	996
391	417
391	438
391	481
391	512
391	541
391	545
391	589
391	637
391	766
391	906
393	395
393	416
393	464
393	518
393	742
393	773
393	796
393	825
393	928
393	943
393	992
394	402
394	406
394	576
394	698
394	739
394	803
394	886
394	919
395	631
395	637
395	651
395	787
395	847
395	872
395	895
395	999
396	523
396	596
396	666
396	679
396	840
396	874
396	913
396	919
397	456
397	797
398	461
398	579
398	638
398	644
398	652
398	697
398	741
398	783
398	796
398	798
398	852
398	872
398	892
398	942
399	531
399	541
399	569
399	610
399	695
399	719
399	869
399	896
399	911
399	931
399	966
399	987
400	488
400	572
400	905
401	539
402	414
402	416
402	454
402	511
402	600
402	773
402	800
402	886
402	919
402	998
403	975
405	595
405	770
405	823
406	524
406	555
406	596
406	710
406	825
406	912
406	998
407	438
407	455
407	464
407	499
407	573
407	585
407	664
407	756
407	900
407	912
408	452
408	479
408	536
408	559
408	613
408	757
408	859
409	583
409	595
409	644
409	699
409	711
409	720
409	743
409	765
409	857
409	991
410	417
410	445
410	450
410	459
410	510
410	626
410	660
410	663
410	678
410	855
410	921
410	946
411	537
411	746
411	918
411	936
411	958
412	537
412	598
412	647
412	710
412	728
412	875
412	877
413	900
414	417
414	461
414	511
414	527
414	541
414	545
414	553
414	576
414	579
414	628
414	637
414	739
414	742
414	766
414	787
414	825
414	953
414	976
414	987
415	459
415	470
415	494
415	826
416	528
416	605
416	720
416	773
416	886
416	887
416	895
416	915
416	928
416	987
417	447
417	458
417	628
417	652
417	749
417	880
418	778
418	949
418	957
418	975
419	470
419	747
419	868
420	482
420	813
421	446
421	459
421	469
421	593
421	815
422	436
422	928
423	741
424	630
425	553
425	652
425	677
425	699
425	868
425	986
426	443
426	460
426	519
426	573
426	822
426	902
427	672
427	950
428	459
428	499
428	511
428	631
428	812
428	934
430	446
430	451
430	486
430	583
430	591
430	636
430	652
430	760
430	783
430	946
431	436
431	495
431	849
434	551
434	641
435	518
435	585
435	637
435	644
435	695
435	741
435	742
435	841
435	869
435	883
436	656
437	576
437	600
437	643
437	652
437	665
437	668
437	693
437	765
437	896
437	924
438	473
438	527
438	693
438	749
438	897
439	909
440	451
440	540
440	581
440	707
440	752
440	757
440	905
440	924
443	519
443	761
443	900
444	544
444	547
444	647
444	735
445	459
445	489
445	516
445	536
445	558
445	638
445	691
445	701
445	706
445	762
445	808
445	820
445	835
445	857
445	866
445	915
445	946
446	583
446	681
446	743
446	941
446	993
447	450
447	691
447	699
447	712
447	866
448	528
448	736
448	794
448	851
449	876
450	454
450	592
450	635
450	660
450	663
450	711
450	738
450	808
450	815
450	946
451	536
451	575
451	624
451	628
451	836
451	859
451	907
451	924
451	986
452	559
452	623
452	633
452	750
452	788
452	793
452	860
452	898
452	954
453	503
454	501
454	537
454	619
454	691
454	728
454	782
454	908
455	768
456	517
456	537
456	638
456	640
456	699
456	720
456	743
456	747
456	773
456	797
456	864
457	491
457	746
457	890
457	926
458	498
458	558
458	576
458	628
458	780
458	844
458	905
458	986
459	466
459	558
459	591
459	660
459	701
459	760
459	828
459	862
459	865
459	972
460	639
460	666
460	721
460	840
460	886
461	513
461	631
461	773
461	864
461	895
461	983
462	478
462	505
462	547
462	555
462	602
462	669
462	817
462	830
462	919
462	953
462	956
463	542
463	580
463	602
463	777
463	956
464	477
464	616
464	742
464	874
464	998
465	724
466	575
466	681
466	806
466	808
466	898
467	508
467	580
467	603
467	616
467	670
467	690
467	781
467	976
467	993
468	501
468	527
468	579
468	601
468	693
468	697
468	720
468	800
468	806
468	825
468	892
468	915
468	918
468	921
468	936
469	542
469	819
469	858
470	515
470	593
470	655
470	920
471	618
471	656
472	597
472	952
473	498
473	500
473	585
473	626
473	637
473	653
473	742
473	760
473	876
473	928
473	953
473	961
474	489
474	498
474	504
474	558
474	589
474	706
474	867
474	870
474	938
474	946
475	488
475	516
475	569
475	603
475	638
475	690
475	876
476	777
476	850
476	914
477	505
477	659
477	817
477	899
478	778
478	827
478	840
479	607
479	648
479	677
479	707
479	905
479	963
479	964
481	603
481	616
481	623
481	675
481	714
481	717
481	742
481	830
481	872
481	880
481	953
482	690
482	801
482	842
482	903
483	494
483	530
483	796
483	800
483	875
483	884
483	910
483	980
484	584
484	595
484	909
485	990
486	627
486	681
486	780
486	838
486	855
486	860
486	924
486	954
486	987
487	495
487	736
487	877
487	998
488	581
488	634
488	708
488	745
488	752
488	879
488	924
488	978
489	558
489	575
489	597
489	626
489	859
489	898
490	494
490	527
490	556
490	701
490	738
490	931
490	958
491	546
491	622
491	747
491	918
492	621
492	636
492	665
492	752
492	930
492	970
492	997
493	618
494	517
494	562
494	691
494	722
494	770
494	782
494	806
494	857
494	931
494	943
495	814
496	528
496	605
496	696
496	802
496	912
497	555
497	680
497	919
497	953
498	529
498	542
498	589
498	637
498	640
498	644
498	668
498	690
498	775
498	820
498	854
498	873
498	958
498	979
499	501
499	513
499	564
499	820
499	827
499	933
499	953
499	999
500	518
500	528
500	552
500	597
500	700
500	702
500	706
500	712
500	742
500	766
500	820
500	830
500	831
500	874
500	896
500	929
501	576
501	710
501	773
501	804
501	821
501	864
501	895
501	918
502	682
503	546
504	700
504	757
504	863
504	955
504	957
505	506
505	514
505	523
505	659
506	659
506	781
507	594
507	837
507	879
507	930
507	996
508	568
508	580
508	645
508	659
508	734
508	776
508	870
508	914
509	761
510	535
510	678
510	757
510	834
510	836
510	981
511	513
511	556
511	596
511	753
511	773
511	787
511	795
511	886
511	979
512	623
512	627
512	652
512	776
512	815
512	898
512	906
513	517
513	527
513	598
513	641
513	900
513	936
514	700
514	748
514	758
514	891
514	912
515	562
515	624
515	726
515	750
515	868
515	921
515	963
515	981
516	575
516	701
516	717
516	743
516	950
517	529
517	576
517	663
517	741
517	764
517	941
518	521
518	558
518	589
518	606
518	876
518	945
518	953
518	958
519	687
519	709
520	694
520	705
520	849
520	877
521	647
521	675
521	766
521	808
521	820
521	988
522	725
522	733
522	833
522	914
522	955
523	547
523	552
523	585
523	602
523	616
523	714
523	799
523	874
523	912
523	992
524	605
524	606
524	637
524	653
524	787
524	958
526	709
527	529
527	637
527	668
527	691
527	735
527	830
527	857
527	872
527	972
528	555
528	653
528	661
528	700
528	739
528	778
528	817
528	831
529	537
529	545
529	663
529	741
529	807
529	866
529	918
530	663
530	884
530	909
530	983
531	615
531	639
531	649
531	733
531	780
531	790
531	841
531	844
531	891
531	960
532	848
532	909
533	659
533	718
533	896
533	949
533	957
534	562
534	578
534	722
534	792
535	809
535	969
536	583
536	689
536	712
536	834
537	545
537	633
537	697
537	715
537	804
537	892
539	716
540	572
540	613
540	648
540	815
540	859
541	681
541	713
541	726
541	843
541	883
541	966
542	637
542	739
542	775
542	844
542	872
542	887
542	898
542	911
542	928
542	938
543	673
543	839
543	952
544	641
544	647
544	956
544	957
545	833
545	857
545	875
545	900
547	606
547	759
547	766
547	781
547	883
547	953
547	961
547	965
547	975
548	612
548	636
548	654
548	767
550	575
550	818
550	826
550	888
550	905
550	997
552	697
552	778
552	799
552	943
553	620
553	708
553	925
553	963
555	710
555	803
555	827
555	847
555	886
555	965
555	979
555	988
556	649
556	742
556	803
556	827
556	933
557	947
558	631
558	640
558	742
558	760
558	865
558	876
558	972
558	987
559	627
559	841
559	927
559	971
560	655
561	663
561	728
561	739
561	875
561	892
561	938
562	722
562	986
563	662
563	908
564	787
564	804
564	849
564	874
564	886
564	953
566	985
567	718
567	801
567	863
567	955
568	889
569	603
569	649
569	675
569	714
569	733
569	830
569	850
569	988
570	746
571	605
571	628
571	667
571	797
571	848
572	575
572	678
572	858
572	868
572	888
572	997
573	696
573	748
573	803
574	658
575	592
575	643
575	738
575	815
575	891
576	600
576	660
576	667
576	701
576	710
576	735
576	910
576	928
576	931
576	941
577	583
577	665
577	708
577	731
577	907
577	963
577	966
578	612
578	635
578	677
578	707
578	745
578	767
578	963
578	978
578	997
579	909
580	850
580	898
581	665
581	797
581	834
581	963
581	967
581	996
582	649
582	739
583	681
583	700
583	743
583	866
583	898
583	911
583	924
583	946
584	747
584	806
585	695
585	739
585	836
585	869
585	928
585	948
585	953
587	747
587	768
587	826
589	603
589	625
589	717
589	844
591	725
591	815
591	924
591	986
592	637
592	638
592	663
592	711
592	760
592	765
592	843
592	857
592	901
593	823
594	630
594	850
594	970
595	599
595	726
595	763
595	910
596	598
596	739
596	775
596	864
596	933
596	999
597	665
597	863
597	952
598	806
598	827
599	662
599	746
599	782
599	794
599	852
599	943
600	633
600	644
600	691
600	701
600	742
600	862
600	915
600	921
600	941
600	945
601	728
601	849
601	990
602	604
602	625
602	690
602	776
602	880
602	961
602	964
602	966
603	700
603	713
603	733
603	820
603	838
603	880
604	661
604	766
604	822
604	854
604	929
604	949
604	958
604	961
605	690
605	742
605	758
605	902
605	919
606	728
606	817
606	915
606	928
607	613
607	634
607	745
607	757
607	834
607	863
607	879
607	946
607	950
607	952
608	613
608	725
608	745
609	744
610	775
610	776
610	844
610	869
611	805
612	636
612	657
612	834
613	762
613	907
613	943
613	952
614	631
614	821
614	923
615	621
615	674
615	751
615	757
615	930
615	952
616	701
616	749
616	828
616	840
616	896
616	979
618	694
618	871
619	804
619	874
619	900
619	938
620	737
620	745
620	767
620	784
620	839
623	717
623	833
623	874
623	891
623	921
623	988
624	638
624	678
624	760
624	938
625	742
625	845
625	912
625	956
626	669
626	729
626	776
626	859
626	870
626	880
626	948
626	966
626	970
626	976
627	648
627	649
627	776
627	793
627	835
627	859
627	872
627	954
627	981
628	668
628	719
628	733
628	775
628	787
628	788
628	796
628	901
628	906
628	979
629	674
629	703
630	734
630	813
630	976
630	993
631	633
631	753
631	800
631	910
631	923
631	931
631	990
632	732
633	671
633	694
633	699
633	701
633	722
633	892
634	752
634	767
634	952
634	955
635	815
635	823
635	921
635	963
635	972
635	981
636	701
636	767
636	859
637	669
637	735
637	825
637	831
637	862
637	874
637	880
637	915
638	642
638	726
638	738
638	806
638	827
638	854
638	883
638	918
638	924
638	930
638	956
638	972
638	981
639	950
639	966
640	671
640	760
641	957
642	657
642	711
642	785
642	843
642	862
642	884
642	918
642	931
642	938
642	954
643	711
643	738
643	767
643	921
644	670
644	825
644	837
644	873
644	924
645	836
645	883
645	891
645	975
646	649
646	766
646	844
646	855
646	872
646	880
646	976
647	758
647	840
647	874
647	887
647	899
647	979
648	707
648	711
648	767
648	868
649	714
649	733
649	775
649	781
649	820
649	961
649	966
651	795
651	851
651	906
652	711
652	719
652	898
652	986
653	886
654	839
655	737
656	779
657	868
657	905
657	927
657	946
657	972
659	830
660	691
660	708
660	717
660	719
660	780
660	783
660	821
660	918
660	921
660	972
660	986
661	695
661	729
661	742
661	765
661	766
661	847
661	876
661	928
661	987
662	782
662	995
663	765
663	918
663	925
663	933
663	958
664	679
664	680
664	739
664	803
664	822
664	913
665	701
665	905
665	925
666	696
666	979
667	875
667	895
667	928
668	669
668	887
668	935
668	987
669	776
669	891
669	906
669	911
669	929
670	700
670	776
670	863
670	976
670	982
671	866
671	918
671	924
671	972
672	740
673	888
673	925
674	863
675	850
675	872
675	880
675	960
675	961
675	970
676	773
676	847
677	745
678	767
678	963
679	821
679	913
679	999
680	895
681	780
681	834
681	835
681	974
684	836
684	838
684	863
684	870
685	726
689	808
689	930
689	960
690	701
690	702
690	734
690	742
690	914
690	949
690	957
690	979
691	815
691	862
691	931
691	947
691	981
693	697
693	720
693	753
693	843
693	864
693	865
693	943
694	812
695	706
695	854
695	931
695	987
696	802
696	817
696	944
697	773
697	821
697	905
698	919
698	940
699	796
699	806
699	983
699	986
699	995
700	714
700	790
700	919
700	933
700	961
701	886
701	958
702	749
702	870
702	891
702	929
702	948
702	964
702	982
703	839
705	710
705	787
705	800
705	857
705	884
705	910
705	923
705	992
706	852
706	870
706	911
707	711
707	757
707	905
707	974
707	978
707	991
708	834
708	997
709	944
710	847
710	875
710	923
711	726
711	741
711	901
711	924
711	941
712	780
712	837
712	906
712	922
712	971
713	759
713	769
713	894
714	964
714	966
715	747
715	938
716	829
717	790
717	872
717	987
718	734
718	841
718	872
719	720
719	751
719	808
719	841
720	783
720	796
720	804
720	825
720	850
720	946
720	995
721	760
721	779
721	787
721	886
721	913
721	934
722	726
722	823
722	935
722	972
725	996
726	792
726	866
726	873
726	895
728	746
728	756
728	768
728	806
729	830
729	841
729	860
729	872
729	948
730	751
732	977
733	775
733	776
733	838
733	841
733	876
734	772
734	811
734	891
734	977
735	825
735	896
735	943
735	965
736	944
737	969
738	835
738	872
738	938
739	912
740	780
741	743
741	782
741	892
741	918
742	753
742	794
742	864
742	976
743	758
743	921
743	945
743	981
743	986
743	987
746	990
747	865
749	931
749	933
750	792
750	860
750	952
750	986
751	882
751	950
751	967
752	762
753	787
753	852
753	864
753	874
753	915
753	938
755	957
756	765
756	770
756	773
756	909
756	942
757	835
757	907
757	939
758	912
758	933
758	949
758	979
758	994
758	998
759	766
759	830
759	891
760	804
760	852
760	971
761	944
761	965
762	767
762	806
762	952
763	983
765	783
765	866
765	921
765	938
765	945
765	958
766	780
766	948
769	778
769	803
769	850
769	975
770	980
772	810
772	916
772	922
772	962
773	782
773	931
773	936
774	788
775	854
775	855
775	906
775	946
775	988
776	882
776	915
776	970
777	820
777	838
777	850
777	949
778	817
778	883
778	957
778	975
779	999
780	788
780	793
780	844
780	869
780	898
780	955
780	964
780	966
781	794
781	956
782	807
782	826
782	865
782	910
785	837
785	867
785	882
787	895
787	909
787	913
787	933
787	936
788	841
788	879
788	935
789	856
790	808
790	820
790	836
790	844
790	929
790	976
790	982
792	809
792	984
793	844
793	954
794	827
795	973
796	807
796	821
796	864
796	865
796	866
796	908
797	798
797	819
798	806
798	821
798	864
798	908
798	946
800	821
800	830
800	840
800	857
800	864
800	884
801	853
802	824
802	944
803	840
803	912
803	934
804	872
804	958
806	847
806	908
806	915
806	919
807	868
808	859
810	837
810	867
811	922
813	816
813	853
815	862
815	974
816	842
816	916
817	883
817	896
818	963
820	844
820	880
820	929
821	864
821	909
821	938
821	980
822	840
822	899
822	953
824	829
825	866
825	931
825	943
826	920
826	963
826	984
827	874
827	883
828	830
828	852
828	883
828	919
828	971
828	976
830	896
830	928
830	943
830	948
830	987
830	988
831	876
831	883
834	963
834	997
835	879
836	850
836	954
836	960
837	927
837	930
838	914
838	962
838	970
839	967
840	912
840	953
840	994
841	860
841	882
841	939
842	916
843	869
843	992
844	850
844	880
844	891
844	911
844	946
844	987
845	894
847	923
847	998
850	896
850	929
851	965
852	901
852	909
852	945
854	887
854	898
854	945
854	954
854	986
855	864
855	872
855	935
855	938
855	939
857	892
859	869
859	924
859	925
859	962
859	964
861	911
861	927
861	960
861	978
862	866
863	878
864	892
864	990
866	901
866	905
869	891
869	966
869	987
870	891
870	922
870	988
872	898
872	906
872	955
872	987
872	988
873	921
873	946
874	883
874	891
874	957
875	895
875	909
875	973
875	999
878	952
878	964
879	935
880	883
880	887
880	891
880	906
880	911
880	988
882	963
882	987
884	900
886	919
887	988
888	925
891	961
895	910
895	923
895	941
895	990
896	919
896	928
897	995
898	974
900	953
900	958
901	921
901	941
901	946
901	990
904	951
905	946
905	954
906	945
906	964
906	970
906	988
909	915
909	988
909	992
910	938
911	981
912	919
916	922
917	994
918	986
918	990
919	933
919	953
921	984
921	986
922	962
923	990
927	968
928	933
928	943
928	956
928	961
929	982
931	934
931	936
931	990
933	953
933	955
935	996
940	944
941	991
943	958
945	957
946	954
948	961
948	974
949	955
951	977
955	993
956	957
961	966
963	997
964	976
970	978
974	976
976	987
976	988
977	993
992	999
