0	116
0	153
0	176
0	194
0	363
0	402
0	411
0	676
0	809
0	902
0	988
1	79
1	86
1	128
1	138
1	159
1	195
1	295
1	303
1	475
1	492
1	592
1	606
1	727
1	752
1	916
1	939
1	945
1	982
2	165
2	218
2	247
2	342
2	873
3	17
3	29
3	126
3	152
3	289
3	334
3	476
3	578
3	598
3	738
3	802
4	48
4	67
4	204
4	232
4	253
4	254
4	304
4	437
4	451
4	461
4	766
5	231
5	242
5	247
5	348
5	412
5	456
5	468
5	556
5	574
5	760
5	779
5	934
5	959
6	192
6	295
6	407
6	558
6	576
6	668
6	929
7	99
7	102
7	144
7	160
7	535
7	538
7	661
7	699
7	703
7	877
7	912
8	250
8	531
9	53
9	75
9	163
9	213
9	261
9	317
9	636
9	725
9	825
9	838
9	839
9	947
10	59
10	141
10	350
10	428
10	438
10	448
10	469
10	592
10	657
10	779
10	862
10	957
11	746
11	914
12	112
12	149
12	524
12	608
12	769
12	861
13	32
13	101
13	105
13	228
13	442
13	480
13	675
13	678
13	738
13	750
13	781
13	996
14	249
14	670
14	913
15	312
15	603
15	619
15	638
16	65
16	75
16	98
16	116
16	158
16	176
16	311
16	346
16	365
16	400
16	438
16	521
16	883
16	890
17	219
17	323
17	429
17	446
17	732
17	942
17	963
18	79
18	124
18	429
18	711
18	753
18	771
18	799
18	906
18	966
18	982
19	286
19	304
19	356
19	411
19	665
19	808
20	49
20	104
20	154
20	193
20	304
20	468
20	488
20	584
20	655
20	683
20	687
20	697
21	26
21	35
21	74
21	211
21	264
21	463
21	496
21	523
21	533
21	615
21	638
21	804
21	886
22	158
22	383
22	435
22	453
22	457
22	512
22	580
22	585
22	662
22	869
22	892
22	921
22	926
22	934
22	957
22	999
23	69
23	140
23	152
23	181
23	319
23	423
23	442
23	582
23	613
23	755
23	777
23	791
23	959
23	995
24	813
24	815
24	943
25	240
26	118
26	133
26	295
26	381
26	491
26	495
26	822
26	951
26	960
27	107
27	231
27	348
27	453
27	525
27	556
27	857
27	918
28	995
29	32
29	107
29	181
29	258
29	404
29	433
29	492
29	644
29	701
29	791
29	817
29	852
29	963
30	249
30	398
30	533
30	637
30	680
30	683
30	767
30	794
30	874
31	181
31	197
31	387
31	471
31	483
31	572
31	578
31	624
31	721
31	752
31	965
32	48
32	61
32	145
32	158
32	164
32	171
32	242
32	370
32	443
32	457
32	481
32	539
32	571
32	662
32	667
32	711
32	750
32	801
32	823
32	947
32	957
32	966
33	92
33	201
33	525
33	654
34	82
34	198
34	244
34	462
34	522
34	549
34	573
34	589
34	595
34	734
35	340
35	378
35	470
35	595
35	729
35	771
35	862
35	895
36	616
37	62
37	65
37	91
37	141
37	145
37	156
37	204
37	311
37	317
37	420
37	547
37	632
37	633
37	642
37	744
37	838
37	898
38	50
38	100
38	154
38	170
38	235
38	370
38	383
38	384
38	388
38	419
38	442
38	443
38	497
38	594
38	643
38	647
38	667
38	711
38	755
38	778
38	788
38	812
39	494
39	851
40	208
40	361
40	762
41	50
41	113
41	213
41	220
41	277
41	281
41	339
41	370
41	374
41	424
41	427
41	593
41	625
41	668
41	702
41	713
41	747
41	798
41	820
41	854
41	892
42	114
42	226
42	276
42	329
42	351
42	542
42	810
43	275
44	191
44	645
45	178
45	312
45	382
45	387
45	400
45	454
45	515
45	601
45	624
45	747
46	70
46	131
46	191
46	285
46	312
46	326
46	337
46	469
46	470
46	606
46	630
46	671
46	822
46	858
46	862
46	895
46	919
46	937
47	79
47	211
47	340
47	400
47	448
47	492
47	515
47	538
47	660
47	671
47	771
47	870
47	917
47	990
47	993
48	106
48	109
48	124
48	150
48	213
48	243
48	348
48	414
48	504
48	520
48	581
48	613
48	798
48	856
49	64
49	154
49	276
49	356
49	421
49	443
49	548
49	655
49	700
49	812
49	956
50	135
50	190
50	251
50	352
50	459
50	577
50	589
50	623
50	629
50	664
50	684
50	779
50	824
51	131
51	470
51	616
52	74
52	182
52	225
52	280
52	392
52	444
52	462
52	612
52	622
52	684
52	951
53	79
53	337
53	446
53	484
53	959
54	153
54	201
54	383
54	460
54	787
54	802
54	897
54	950
55	88
55	119
55	219
55	586
56	87
56	522
56	663
56	672
57	93
57	217
57	276
57	313
57	500
57	501
57	687
57	691
57	810
57	856
57	864
57	888
58	147
58	155
58	176
58	231
58	370
58	374
58	465
58	593
58	667
58	700
58	707
58	820
58	848
58	921
59	65
59	279
59	413
59	606
59	657
59	669
59	916
59	922
60	232
60	273
60	363
60	401
60	461
60	516
60	565
60	628
60	687
60	815
60	923
60	955
60	986
61	176
61	218
61	269
61	345
61	460
61	461
61	481
61	507
61	565
61	571
61	593
61	610
61	625
61	654
61	710
61	715
61	940
61	949
62	84
62	253
62	420
62	428
62	438
62	459
62	536
62	561
62	633
62	664
62	692
62	710
62	908
62	926
63	353
63	364
63	544
63	745
63	938
63	998
64	228
64	290
64	435
64	451
64	461
64	551
64	843
65	99
65	106
65	111
65	122
65	213
65	345
65	422
65	560
65	594
65	600
65	680
65	710
65	712
65	780
65	788
65	798
65	826
65	893
66	207
66	291
66	416
67	76
67	235
67	256
67	323
67	372
67	388
67	406
67	411
67	413
67	424
67	458
67	460
67	571
67	585
67	667
67	675
67	764
67	855
68	200
68	481
68	585
69	168
69	197
69	253
69	319
69	405
69	429
69	476
69	564
69	598
69	791
69	936
70	74
70	89
70	103
70	264
70	469
70	617
70	622
70	713
70	814
70	846
70	961
71	337
71	369
71	663
71	688
71	713
71	758
72	525
72	811
73	563
73	650
73	689
73	802
74	86
74	89
74	175
74	302
74	326
74	341
74	615
74	822
74	889
75	106
75	141
75	236
75	238
75	338
75	358
75	425
75	517
75	594
75	631
75	710
75	844
75	863
75	926
76	388
76	402
76	556
76	601
76	735
76	824
76	955
77	89
77	103
77	159
77	162
77	415
77	496
77	498
77	612
77	629
77	846
77	886
78	278
78	708
78	762
78	975
79	400
79	611
79	702
79	771
80	531
80	767
81	103
81	302
81	341
81	427
81	431
81	469
81	594
81	646
81	692
81	712
81	744
81	961
81	984
82	91
82	138
82	216
82	332
82	399
82	421
82	713
82	908
83	151
83	181
83	237
83	574
83	831
83	912
84	149
84	162
84	216
84	346
84	431
84	495
84	692
84	979
85	119
85	361
85	387
85	434
85	515
85	572
85	586
85	666
85	686
86	99
86	160
86	462
86	508
86	536
86	558
86	839
86	886
86	889
86	968
87	113
87	138
87	286
87	298
87	333
87	494
87	633
87	904
87	980
88	486
88	681
88	896
89	172
89	337
89	549
89	595
89	622
89	630
89	795
90	152
90	211
90	387
90	400
90	446
90	466
90	486
90	515
90	721
90	808
91	285
91	304
91	333
91	473
91	523
91	568
91	623
91	672
91	694
91	751
91	838
91	952
92	132
92	227
92	290
92	329
92	351
92	500
92	543
92	628
92	811
92	841
92	923
93	177
93	193
93	201
93	406
93	411
93	419
93	525
93	528
93	568
93	803
94	240
94	530
95	96
95	275
95	588
95	759
96	207
96	275
96	759
96	827
96	878
97	114
97	117
97	170
97	194
97	266
97	301
97	307
97	329
97	347
97	490
97	810
97	934
97	948
98	186
98	198
98	256
98	415
98	438
98	521
98	712
98	760
98	979
98	996
99	314
99	338
99	413
99	438
99	549
99	558
99	589
99	597
99	684
99	753
99	758
99	771
99	823
99	840
99	891
99	917
100	184
100	242
100	343
100	510
100	654
100	661
100	678
100	750
100	779
100	834
100	841
100	935
100	940
101	107
101	148
101	177
101	190
101	235
101	237
101	243
101	344
101	373
101	383
101	423
101	458
101	460
101	464
101	557
101	578
101	667
101	852
102	120
102	666
102	804
102	830
102	865
103	175
103	210
103	552
103	612
103	638
103	886
103	951
103	968
104	396
104	655
104	733
104	810
104	843
104	845
104	874
105	113
105	150
105	155
105	156
105	256
105	356
105	376
105	417
105	419
105	471
105	517
105	707
105	788
105	892
105	929
105	940
106	156
106	213
106	419
106	420
106	456
106	459
106	502
106	571
106	595
106	958
106	996
107	126
107	291
107	318
107	482
107	528
107	539
107	585
107	644
107	735
107	787
107	850
107	934
108	122
108	200
108	204
108	232
108	257
108	307
108	328
108	365
108	518
108	520
108	551
108	700
108	709
108	815
108	876
108	985
109	143
109	155
109	258
109	373
109	406
109	468
109	480
109	485
109	490
109	667
109	845
109	918
109	970
109	983
110	206
110	220
110	387
110	464
110	582
110	644
110	784
110	806
110	924
110	942
111	354
111	404
111	417
111	435
111	449
111	684
111	706
111	712
111	788
111	828
111	886
111	890
111	916
111	917
111	920
111	922
111	957
112	259
112	369
112	473
112	495
112	567
112	635
112	715
113	267
113	363
113	401
113	422
113	445
113	517
113	536
113	589
113	632
113	728
113	863
113	883
113	979
114	153
114	176
114	226
114	276
114	424
114	525
114	882
114	923
114	948
114	985
114	995
115	282
115	911
116	261
116	370
116	390
116	431
116	461
116	512
116	521
116	646
116	678
116	710
116	712
116	783
116	825
116	854
116	900
116	971
117	231
117	256
117	288
117	289
117	291
117	394
117	415
117	435
117	556
117	711
117	778
117	826
117	834
117	856
117	956
118	302
118	341
118	431
118	495
118	533
118	669
118	696
118	862
118	968
119	160
119	221
119	378
119	624
119	862
119	884
120	309
120	868
121	362
121	806
121	990
122	156
122	164
122	332
122	346
122	376
122	451
122	536
122	547
122	565
122	592
122	789
122	996
123	245
123	352
123	527
123	544
124	144
124	196
124	211
124	281
124	315
124	325
124	354
124	387
124	404
124	547
124	611
124	750
124	777
124	783
124	799
124	808
124	829
124	866
124	916
124	936
126	132
126	186
126	195
126	212
126	281
126	289
126	368
126	412
126	413
126	482
126	649
126	675
126	684
126	716
126	747
126	755
126	824
127	408
127	724
128	145
128	390
128	487
128	668
128	731
128	906
128	935
128	979
131	326
131	341
131	427
131	596
131	690
131	693
131	795
131	917
131	960
131	975
132	147
132	258
132	528
132	550
132	700
132	806
132	811
132	823
132	828
132	926
132	940
132	996
133	285
133	508
133	708
133	729
134	158
134	177
134	376
134	388
134	402
134	584
134	597
134	601
134	610
134	649
134	678
134	680
134	798
134	856
134	920
134	936
134	957
134	959
134	982
135	141
135	156
135	213
135	232
135	352
135	377
135	390
135	437
135	449
135	502
135	503
135	512
135	592
135	596
135	613
135	678
135	741
135	774
135	820
135	828
135	903
135	979
136	408
136	436
137	337
137	341
137	377
137	391
137	421
137	456
137	577
137	589
137	592
137	682
137	744
137	788
137	863
137	903
137	982
138	271
138	369
138	568
138	705
138	715
138	741
138	758
138	891
138	919
138	938
139	210
139	491
139	495
139	498
139	575
139	822
139	937
140	152
140	206
140	433
140	492
140	528
140	564
140	749
140	784
140	823
140	852
140	860
140	920
141	261
141	352
141	390
141	412
141	420
141	421
141	422
141	502
141	521
141	551
141	565
141	592
141	631
141	646
141	692
141	780
141	811
142	193
142	329
142	414
142	468
142	756
142	811
142	847
143	155
143	157
143	177
143	273
143	318
143	329
143	406
143	419
143	442
143	460
143	500
143	571
143	697
143	852
143	918
144	160
144	196
144	205
144	400
144	446
144	466
144	657
144	719
144	721
144	771
144	829
145	175
145	211
145	221
145	326
145	332
145	407
145	592
145	606
145	620
145	630
145	678
145	917
145	984
146	153
146	227
146	909
147	150
147	194
147	256
147	370
147	399
147	454
147	497
147	507
147	601
147	675
147	750
147	753
147	798
147	826
147	903
147	918
147	930
148	335
148	394
148	417
148	423
148	435
148	458
148	610
148	647
148	654
148	779
148	787
148	909
148	912
148	918
149	294
149	353
149	430
149	462
149	927
149	958
149	978
150	328
150	370
150	443
150	613
150	623
150	707
150	710
150	719
150	747
150	843
150	850
150	921
150	970
151	510
151	649
151	731
151	777
151	881
151	905
151	959
151	990
152	355
152	368
152	510
152	537
152	701
152	772
152	860
152	977
153	218
153	227
153	402
153	602
154	176
154	217
154	256
154	313
154	328
154	329
154	363
154	370
154	451
154	453
154	458
154	468
154	520
154	581
154	757
154	856
154	921
155	217
155	253
155	334
155	365
155	370
155	399
155	412
155	435
155	497
155	610
155	623
155	826
156	213
156	251
156	253
156	354
156	390
156	418
156	459
156	630
156	636
156	725
156	760
156	860
156	902
156	917
156	926
156	934
156	996
157	181
157	319
157	419
157	869
157	871
157	976
158	193
158	248
158	256
158	290
158	354
158	413
158	497
158	637
158	820
158	850
158	955
158	956
159	162
159	287
159	312
159	496
159	509
159	600
159	638
159	660
159	671
159	692
159	694
159	929
159	971
160	291
160	303
160	593
160	657
160	752
160	808
160	859
160	870
160	954
161	193
161	334
161	389
161	436
161	447
161	543
161	761
161	803
161	963
161	983
162	253
162	341
162	350
162	552
162	692
162	780
162	797
163	233
163	350
163	462
163	517
163	695
163	836
163	919
163	929
163	961
164	516
164	665
164	766
164	907
164	957
165	252
165	490
165	579
167	274
167	564
168	177
168	352
168	402
168	417
168	443
168	481
168	504
168	601
168	610
168	659
168	699
168	721
168	811
168	885
168	986
170	319
170	332
170	342
170	411
170	480
170	488
170	641
170	649
170	667
170	745
170	792
170	940
170	948
171	211
171	231
171	269
171	324
171	343
171	375
171	507
171	647
171	678
171	711
171	716
171	731
171	768
171	829
171	862
171	920
172	174
172	400
172	533
172	612
172	692
172	694
172	705
172	760
172	814
172	846
173	218
174	280
174	612
174	822
174	846
175	178
175	213
175	302
175	354
175	365
175	425
175	533
175	549
175	576
175	589
175	629
175	692
175	715
175	720
175	780
175	929
176	193
176	242
176	269
176	376
176	453
176	461
176	637
176	921
176	948
177	493
177	625
177	659
177	842
177	940
177	970
178	190
178	230
178	438
178	470
178	538
178	661
178	817
179	360
179	499
179	677
179	853
180	708
181	206
181	270
181	423
181	504
181	578
181	649
181	707
181	711
181	910
181	917
181	924
182	346
182	561
182	597
182	814
183	259
183	695
183	705
183	720
184	203
184	644
184	722
184	972
185	286
185	333
185	908
185	998
186	382
186	487
186	601
186	649
186	781
186	783
186	799
186	828
186	829
186	856
186	899
186	916
186	917
186	966
187	526
187	619
187	652
187	690
188	258
188	262
188	458
188	464
188	714
188	731
188	784
188	811
188	860
188	875
190	195
190	263
190	340
190	464
190	487
190	558
190	657
190	681
190	702
190	750
190	771
190	877
191	515
191	538
191	975
192	230
192	404
192	575
192	660
192	702
192	818
192	835
192	859
192	916
192	993
192	999
193	200
193	232
193	268
193	283
193	607
193	628
193	665
193	812
193	842
193	852
193	869
193	923
193	955
194	218
194	329
194	335
194	435
194	468
194	480
194	497
194	500
194	551
194	788
194	985
195	214
195	340
195	552
195	654
195	771
195	829
195	866
195	916
196	223
196	229
196	270
196	288
196	465
196	630
196	636
196	768
196	788
196	817
196	818
197	242
197	450
197	644
197	799
197	977
198	287
198	358
198	529
198	713
198	715
198	890
198	974
198	981
199	627
199	732
199	761
199	801
199	995
200	232
200	304
200	421
200	451
200	468
200	900
201	276
201	313
201	329
201	347
201	888
202	272
202	327
202	410
202	460
202	472
202	516
202	874
203	543
203	557
203	827
204	304
204	363
204	411
204	437
204	565
204	584
204	607
204	643
204	843
204	882
205	288
205	454
205	464
205	483
205	593
205	647
205	777
205	961
205	977
206	258
206	564
206	747
207	327
207	489
207	761
207	827
207	878
208	690
208	721
208	859
208	895
209	555
209	573
209	622
209	736
209	952
210	264
210	312
210	660
210	704
210	818
210	937
210	961
211	223
211	263
211	339
211	343
211	439
211	552
211	559
211	710
211	768
211	808
211	819
211	829
211	903
211	912
211	916
211	922
211	939
211	945
212	220
212	385
212	572
212	819
212	976
213	277
213	363
213	453
213	485
213	502
213	589
213	623
213	755
213	850
213	902
213	930
214	288
214	314
214	339
214	589
214	597
214	631
214	649
214	678
214	758
214	825
214	835
215	381
215	532
216	568
216	590
216	622
216	648
216	769
216	890
216	952
217	383
217	394
217	556
217	792
217	842
217	940
217	955
218	248
218	272
218	313
218	542
218	756
218	793
219	362
219	405
219	483
219	510
219	574
219	885
219	954
219	993
220	269
220	439
220	644
220	784
221	538
221	605
221	877
222	609
223	375
223	428
223	556
223	574
223	593
223	747
223	792
223	808
223	829
223	899
223	905
223	949
225	244
225	284
226	983
227	554
227	709
228	248
228	268
228	304
228	401
228	551
228	697
228	733
228	788
228	841
228	843
228	882
229	288
229	303
229	413
229	466
229	487
229	661
229	731
229	792
229	808
229	865
229	939
229	957
229	977
229	994
230	420
230	589
230	684
230	762
230	840
230	844
230	922
230	939
230	958
231	256
231	345
231	414
231	482
231	585
231	777
231	792
231	970
232	268
232	290
232	363
232	411
232	435
232	457
232	465
232	497
232	757
232	841
232	850
232	883
233	317
233	341
233	350
233	425
233	620
233	695
233	890
233	956
235	243
235	294
235	344
235	373
235	383
235	435
235	460
235	492
235	507
235	546
235	557
235	564
235	571
235	647
235	787
235	792
235	842
235	857
235	864
235	934
236	263
236	277
236	353
236	430
236	497
236	664
236	789
236	839
236	863
236	891
237	269
237	344
237	367
237	404
237	433
237	647
237	654
237	684
237	710
237	808
237	828
237	940
237	988
238	290
238	328
238	527
238	529
238	536
238	664
238	712
239	730
240	398
240	566
241	718
242	251
242	348
242	367
242	370
242	394
242	407
242	417
242	449
242	601
242	750
242	753
242	777
242	779
242	787
242	791
242	820
242	825
242	965
243	291
243	299
243	368
243	394
243	423
243	732
243	869
243	930
243	949
243	970
244	688
245	259
245	978
246	260
246	739
246	837
247	297
247	655
247	665
247	853
247	874
247	948
247	985
248	341
248	368
248	481
248	512
248	628
248	707
248	733
248	811
248	825
248	850
248	923
248	986
249	321
249	553
249	609
249	879
249	932
250	540
250	565
250	637
250	655
250	873
250	897
251	267
251	348
251	363
251	370
251	457
251	502
251	521
251	574
251	716
251	752
251	798
251	844
251	949
252	408
252	621
253	261
253	338
253	341
253	415
253	521
253	536
253	600
253	643
253	684
253	692
253	706
253	839
253	862
253	926
253	929
253	947
253	957
254	268
254	290
254	317
254	345
254	390
254	493
254	516
254	518
254	561
254	632
254	710
254	766
254	794
254	847
254	874
255	681
256	345
256	399
256	411
256	417
256	450
256	457
256	512
256	654
256	702
256	755
256	779
256	801
256	930
256	935
257	420
257	879
257	980
258	318
258	319
258	334
258	373
258	467
258	562
258	701
258	792
259	369
259	494
259	573
259	619
259	692
259	705
259	938
259	971
259	978
260	288
260	303
260	339
260	684
260	959
261	341
261	363
261	445
261	459
261	509
261	536
261	642
261	678
261	692
261	725
261	839
261	855
261	949
261	957
261	999
263	343
263	415
263	438
263	576
263	603
263	668
263	692
263	798
263	804
263	862
263	960
264	312
264	315
264	862
265	369
265	544
265	568
266	299
266	414
266	500
266	675
267	580
267	662
267	707
267	711
267	783
267	812
267	826
267	834
267	841
268	271
268	294
268	342
268	401
268	451
268	457
268	521
268	570
268	676
268	754
268	913
269	482
269	537
269	702
269	748
269	751
269	753
269	780
269	965
270	379
270	382
270	428
270	439
270	657
270	681
270	708
270	716
270	768
270	775
270	813
270	829
270	939
270	954
271	542
271	767
271	921
272	414
272	500
272	584
273	546
273	832
273	842
273	869
273	921
273	950
274	944
274	972
276	351
276	408
276	525
276	709
276	864
276	888
277	324
277	370
277	443
277	457
277	577
277	597
277	606
277	776
277	779
277	788
277	826
277	828
277	834
277	899
277	922
277	936
278	704
279	288
279	387
279	405
279	471
279	550
279	624
279	912
279	959
279	976
280	444
281	314
281	345
281	346
281	373
281	376
281	500
281	512
281	552
281	559
281	580
281	678
281	799
281	811
281	828
281	854
281	885
281	900
281	902
281	920
281	949
282	478
282	553
282	607
282	853
283	307
283	432
283	683
283	843
283	956
284	545
284	638
285	310
285	325
285	615
285	693
285	929
285	961
286	298
286	560
286	590
286	728
286	847
286	967
286	997
287	350
287	444
287	527
287	694
287	712
288	324
288	439
288	574
288	613
288	910
288	916
288	949
289	368
289	450
289	480
289	650
289	792
289	995
290	304
290	560
290	715
290	740
290	745
290	843
290	904
291	373
291	374
291	406
291	423
291	467
291	476
291	601
291	698
291	735
291	781
291	787
291	842
291	871
291	954
292	331
292	398
292	756
292	766
292	793
292	879
292	913
292	914
294	560
294	584
294	707
294	733
294	813
294	843
295	310
295	312
295	326
295	425
295	527
295	549
295	692
295	760
295	774
295	818
295	836
295	839
295	890
295	917
295	919
295	945
296	652
297	329
297	468
297	528
297	571
297	628
298	358
298	369
298	431
298	675
298	758
298	789
298	838
298	847
298	863
298	907
298	932
299	338
299	894
301	655
301	904
302	312
302	615
302	660
302	880
302	886
302	968
303	322
303	367
303	407
303	470
303	496
303	502
303	593
303	599
303	646
303	661
303	829
303	885
303	906
303	984
304	570
304	632
304	733
304	745
304	757
304	815
304	926
304	996
305	476
305	562
305	687
305	722
305	732
305	875
305	963
307	480
307	520
307	584
307	640
307	665
307	710
307	756
310	337
310	381
310	439
310	699
310	889
310	895
310	937
310	968
310	984
311	350
311	358
311	401
311	420
311	422
311	424
311	443
311	512
311	549
311	561
311	680
311	703
311	807
311	893
312	669
312	880
312	993
313	327
313	520
313	551
313	815
313	853
314	330
314	439
314	593
314	753
314	840
314	844
314	916
314	922
314	960
315	325
315	340
315	407
315	438
315	487
315	498
315	508
315	592
315	606
315	629
315	693
315	916
317	494
317	509
317	523
317	594
317	814
317	891
317	974
317	999
318	319
318	471
318	476
318	482
318	698
318	792
318	875
318	924
318	963
319	368
319	373
319	585
319	613
319	647
319	722
319	732
319	781
319	875
321	609
321	640
321	770
322	387
322	433
322	550
322	624
322	905
322	966
322	988
323	423
323	474
323	689
323	749
323	761
323	801
323	860
323	915
323	962
324	339
324	348
324	354
324	373
324	399
324	413
324	480
324	549
324	585
324	613
324	647
324	662
324	678
324	683
324	700
324	714
324	716
324	747
324	857
324	870
324	930
324	982
324	988
325	547
325	576
325	693
325	727
325	854
325	929
325	951
326	552
326	575
326	668
326	858
327	347
327	410
327	511
327	809
327	853
328	332
328	370
328	401
328	449
328	497
328	512
328	641
328	680
328	754
328	892
328	999
329	457
329	461
329	480
329	735
329	834
329	869
329	882
330	466
330	707
330	829
330	840
330	866
330	903
330	912
330	960
331	352
331	518
331	570
331	643
331	776
332	367
332	377
332	390
332	421
332	422
332	455
332	512
332	536
332	594
332	649
332	683
332	692
332	740
332	754
332	863
332	996
333	364
333	365
333	451
333	473
333	672
333	676
333	715
333	763
333	794
333	800
333	847
333	876
333	904
333	971
334	543
334	557
334	563
334	564
334	655
334	691
334	878
334	915
334	934
335	345
335	356
335	383
335	628
335	637
335	697
335	700
335	733
335	757
335	798
335	812
335	824
335	850
336	545
336	639
336	981
337	343
337	491
337	603
337	660
337	823
337	830
337	858
337	895
337	968
337	984
338	399
338	404
338	420
338	449
338	456
338	521
338	642
338	684
338	716
338	863
338	940
338	999
339	559
339	646
339	732
339	747
339	817
339	899
339	994
340	343
340	428
340	438
340	487
340	646
340	862
340	922
340	935
341	435
341	438
341	547
341	630
341	710
341	844
341	854
341	951
342	426
343	559
343	630
343	657
343	829
343	922
343	935
343	939
344	373
344	417
344	424
344	485
344	585
344	625
344	748
344	749
344	756
344	842
345	377
345	404
345	453
345	518
345	534
345	585
345	667
345	716
345	733
345	801
345	811
345	949
345	988
346	596
346	703
346	741
346	838
346	855
346	917
346	971
347	501
347	711
347	950
347	956
348	394
348	419
348	443
348	459
348	559
348	580
348	647
348	678
348	687
348	711
348	777
348	792
348	826
348	852
348	866
348	930
348	936
349	463
349	691
350	425
350	495
350	521
350	595
350	600
350	633
350	890
350	968
350	979
351	656
351	787
351	897
351	918
352	354
352	444
352	523
352	529
352	692
352	712
352	758
352	855
352	906
352	927
352	979
353	462
353	494
353	633
353	778
353	838
353	900
353	971
354	449
354	473
354	483
354	507
354	580
354	654
354	659
354	749
354	859
354	982
355	452
355	476
355	546
355	650
355	869
355	875
355	935
355	965
356	457
356	478
356	488
356	534
356	551
356	585
356	665
356	733
356	748
356	757
356	879
356	882
358	427
358	622
358	636
358	638
358	694
358	699
358	705
358	713
358	774
358	891
359	847
359	851
360	366
360	426
360	609
360	640
361	606
361	657
361	669
361	693
361	706
361	780
361	817
361	906
361	929
361	984
362	572
362	587
363	421
363	445
363	485
363	517
363	664
363	687
363	692
363	707
363	733
363	813
363	823
363	971
363	996
364	440
364	763
364	943
364	967
364	998
365	440
365	680
365	794
365	813
365	820
366	609
367	388
367	456
367	477
367	507
367	571
367	577
367	601
367	633
367	702
367	783
367	940
368	458
368	557
368	598
368	601
368	711
368	722
368	852
368	887
368	995
369	527
369	590
369	668
369	904
370	509
370	574
370	631
370	664
370	710
370	787
370	916
370	921
371	535
371	933
372	432
372	501
372	554
372	677
373	386
373	562
373	920
373	934
373	948
373	962
373	963
374	422
374	459
374	559
374	667
374	678
374	747
374	750
374	778
374	823
374	826
374	903
374	979
375	382
375	387
375	507
375	515
375	779
375	889
375	939
376	402
376	411
376	455
376	560
376	642
376	857
377	404
377	411
377	421
377	437
377	465
377	514
377	584
377	707
377	741
377	788
377	883
377	900
377	996
377	999
378	652
378	660
378	771
378	936
379	423
379	580
379	610
379	625
379	647
379	662
379	686
379	777
379	834
379	885
379	920
380	663
381	838
381	968
382	387
382	504
382	550
382	808
382	905
382	990
383	402
383	417
383	564
383	985
384	388
384	628
384	737
384	748
384	869
384	923
384	940
385	423
385	449
385	881
385	959
386	394
386	460
386	534
386	675
386	748
386	824
386	834
386	887
386	934
386	941
386	970
387	454
387	477
387	550
387	686
387	954
388	419
388	488
388	500
388	525
388	625
388	834
388	845
389	730
389	983
390	404
390	491
390	606
390	636
390	668
390	823
390	826
390	971
391	470
391	681
391	877
391	993
392	462
392	473
392	493
392	561
392	568
392	590
392	703
392	758
392	974
393	764
394	423
394	580
394	723
394	781
394	792
394	834
394	869
394	899
396	691
396	764
396	918
398	432
398	485
398	553
398	770
398	857
398	873
398	879
399	453
399	547
399	577
399	735
399	744
399	755
399	760
399	779
399	803
399	820
399	823
399	826
399	828
399	902
399	957
400	454
400	515
401	655
401	874
402	516
402	520
402	531
402	570
402	610
402	826
402	850
402	857
402	882
402	902
404	433
404	466
404	470
404	487
404	521
404	580
404	731
404	823
404	825
404	903
404	930
405	412
405	510
405	799
405	857
405	910
406	460
406	500
406	571
406	601
406	714
406	842
406	934
406	939
406	986
407	469
407	606
407	669
407	807
407	825
407	859
407	984
408	764
409	463
409	658
409	896
411	419
411	423
411	461
411	465
411	711
411	812
411	824
411	857
411	892
411	902
411	948
412	459
412	657
412	735
412	744
412	755
412	966
413	438
413	580
413	595
413	603
413	611
413	825
413	917
413	947
413	957
413	958
413	966
414	610
414	702
414	864
414	909
414	923
414	955
415	435
415	453
415	502
415	558
415	642
415	741
415	744
415	817
415	839
415	854
415	935
416	627
416	659
416	989
417	453
417	485
417	504
417	584
417	675
417	756
417	781
417	813
417	954
418	479
419	453
419	456
419	459
419	497
419	504
419	595
419	684
420	453
420	594
420	668
420	680
420	692
420	813
420	825
420	835
420	839
420	863
420	898
420	922
420	929
421	453
421	514
421	578
421	712
421	716
421	820
421	864
421	926
421	971
421	999
422	465
422	883
422	900
422	926
423	464
423	481
423	556
423	625
423	628
423	647
423	711
423	787
423	924
424	435
424	482
424	488
424	556
424	571
424	711
424	733
424	812
424	864
424	909
424	918
424	923
424	936
424	948
424	955
424	956
425	431
425	496
425	547
425	612
425	622
425	725
425	890
427	612
427	647
427	669
427	804
427	817
427	922
427	966
428	439
428	482
428	483
428	557
428	624
428	625
428	657
428	817
428	905
428	912
428	925
428	954
429	557
429	582
429	722
429	749
429	783
430	523
430	573
430	636
430	713
430	715
430	839
430	906
431	445
431	458
431	473
431	807
431	834
431	890
431	971
431	981
432	604
432	637
432	743
432	809
432	874
432	985
433	559
433	572
433	678
433	753
433	779
433	842
433	857
433	860
433	920
433	988
434	466
434	686
434	905
435	623
435	714
435	760
435	811
436	761
436	878
436	950
437	473
437	548
437	551
437	560
437	664
437	676
437	904
438	444
438	469
438	502
438	559
438	561
438	589
438	825
438	839
438	959
438	968
439	459
439	574
439	662
439	702
439	779
439	819
439	903
439	940
440	522
440	635
440	680
440	986
441	770
441	943
442	482
442	534
442	546
442	598
442	627
442	751
442	887
443	492
443	497
443	504
443	556
443	601
443	628
443	647
443	667
443	811
443	949
443	960
443	962
443	982
444	703
444	736
445	493
445	521
445	556
445	585
445	683
445	710
445	740
445	741
445	835
445	855
445	917
445	927
446	508
446	603
446	686
446	905
446	977
446	993
447	689
447	738
447	878
448	538
448	572
448	808
448	976
449	453
449	456
449	601
449	610
449	654
449	659
449	690
449	829
449	885
449	921
450	504
450	574
450	828
450	852
450	930
450	940
451	548
451	570
451	581
451	589
451	672
451	680
451	683
451	847
451	900
451	907
451	971
452	466
452	483
452	860
453	571
453	659
453	750
453	823
453	999
454	686
454	775
454	905
455	581
455	655
455	700
455	758
455	809
455	845
455	883
456	503
456	504
456	620
456	702
456	716
456	751
456	781
456	788
456	834
456	841
456	899
456	903
456	920
456	924
456	926
456	936
456	958
456	982
457	461
457	512
457	565
457	577
457	610
457	748
457	823
457	828
458	557
458	659
458	685
458	700
458	701
458	949
458	962
458	988
458	994
459	502
459	664
459	684
459	844
459	919
459	926
459	949
460	585
460	956
461	517
461	551
461	655
461	740
461	757
461	843
462	493
462	692
462	695
462	858
463	537
463	831
463	881
464	466
464	649
464	920
465	571
465	664
465	809
465	812
465	839
465	843
465	892
465	996
466	558
466	592
466	599
466	629
466	817
467	701
467	751
467	777
467	817
467	848
467	852
467	885
467	954
468	480
468	485
468	632
468	637
468	733
468	757
468	823
468	909
468	926
469	576
469	596
469	600
469	606
469	622
469	633
469	840
470	599
470	681
470	699
470	836
470	862
470	958
470	961
471	819
471	828
471	959
472	756
472	864
472	873
473	494
473	495
473	514
473	633
473	694
473	713
473	758
473	997
474	489
474	689
474	827
475	704
476	667
476	801
476	869
476	941
477	572
477	944
478	632
478	904
480	488
480	700
480	855
480	856
481	500
481	546
481	675
481	871
481	959
482	510
482	578
482	701
482	761
482	954
483	658
483	753
483	784
483	806
483	959
483	965
484	508
485	518
485	665
485	738
485	792
485	834
485	970
485	986
486	706
486	708
486	844
487	592
487	601
487	646
487	657
487	669
487	919
487	922
487	937
487	947
487	958
487	981
488	520
488	628
488	733
488	766
488	812
488	857
489	827
490	723
490	878
490	888
490	950
491	508
491	727
491	877
491	895
492	504
492	580
492	613
492	649
492	675
492	783
492	791
492	965
493	494
493	517
493	536
493	551
493	589
493	733
493	778
493	798
493	828
493	863
493	883
493	893
493	898
493	914
493	927
493	974
493	981
495	496
495	606
495	638
495	788
495	937
495	957
496	498
496	669
496	692
496	836
496	839
496	846
496	858
497	560
497	654
497	700
497	750
497	823
497	826
497	834
497	857
497	999
498	606
498	615
498	669
498	708
498	929
498	993
499	554
499	874
500	741
500	811
500	820
501	724
501	730
502	574
502	597
502	603
502	642
502	684
502	777
502	788
502	936
502	957
503	546
503	714
503	982
504	702
504	748
504	852
504	966
507	580
507	659
507	753
507	755
507	783
507	875
507	940
508	535
508	729
508	889
508	937
508	945
508	993
509	592
509	611
509	646
509	710
509	748
509	768
509	808
509	916
509	937
509	957
509	961
510	537
510	649
510	701
510	716
510	791
510	910
510	920
511	610
512	565
512	623
512	811
512	824
512	902
512	912
513	527
514	552
514	694
514	703
514	713
514	807
514	927
515	593
515	599
515	679
515	954
516	757
516	845
516	948
517	594
517	667
517	712
517	741
517	757
517	854
517	855
517	900
517	964
518	655
518	680
518	687
518	793
518	815
518	907
519	819
520	525
520	542
520	602
520	641
520	730
520	733
520	766
520	845
521	577
521	676
521	680
521	788
521	828
521	863
521	917
521	921
521	957
522	720
522	742
522	796
522	851
523	548
523	728
523	768
523	938
524	773
525	728
525	963
526	622
527	549
527	568
527	597
528	697
528	856
528	963
529	590
529	684
529	847
529	938
530	670
531	879
533	695
533	769
534	562
534	585
534	748
534	819
534	842
534	852
534	871
534	934
534	970
534	983
535	775
536	818
536	938
536	979
536	985
537	543
537	550
538	558
538	661
538	752
539	562
539	738
539	781
539	852
540	583
540	656
540	756
541	739
542	637
542	675
542	809
542	874
542	985
543	562
543	722
543	887
544	632
544	663
544	876
545	567
545	692
546	564
546	940
547	617
547	622
547	668
547	804
547	807
547	828
547	844
547	935
548	560
549	589
549	629
549	692
549	807
549	814
549	890
549	906
549	917
549	935
549	996
550	701
550	721
550	732
550	791
550	950
551	712
551	923
552	929
552	951
553	566
553	843
553	845
554	873
556	571
556	647
556	654
556	675
556	691
556	811
556	898
556	996
557	722
557	792
557	852
557	875
557	915
558	576
558	580
558	592
558	603
558	623
558	631
558	692
558	747
558	780
558	945
558	958
558	979
559	571
559	711
559	924
559	979
560	642
560	705
560	733
560	843
560	850
560	898
560	900
561	669
561	711
561	798
561	835
561	847
561	981
562	627
562	649
562	698
562	722
562	732
562	887
563	748
563	803
563	963
564	578
564	582
564	828
564	860
564	875
565	584
565	640
565	683
565	841
565	918
566	793
567	773
567	836
567	974
568	573
568	943
569	871
570	754
570	843
570	998
571	580
571	722
571	750
571	788
571	842
571	871
571	985
572	831
572	896
572	959
573	720
573	763
573	850
573	851
574	702
574	716
574	799
574	949
575	615
575	690
575	706
575	968
576	592
576	620
576	725
576	817
576	854
576	929
576	947
576	949
577	628
577	631
577	664
577	857
577	869
577	892
578	685
578	748
578	749
578	792
578	860
579	764
580	623
580	625
580	647
580	719
580	753
580	792
580	823
580	848
580	899
580	903
580	920
580	949
581	754
581	760
581	766
581	842
581	883
581	956
581	985
583	604
583	770
584	676
584	683
584	687
584	887
584	926
584	955
585	611
585	672
585	733
585	735
585	755
585	778
585	783
585	899
585	940
585	986
589	611
589	631
589	643
589	798
590	758
590	789
590	947
591	706
591	910
592	600
592	922
592	996
593	620
593	747
593	794
593	799
593	940
594	703
594	757
594	789
594	793
594	855
594	927
594	971
594	974
595	622
595	631
595	807
595	839
595	929
595	947
596	633
596	693
596	705
596	713
596	807
596	936
596	996
597	642
597	661
597	712
597	799
597	866
597	922
597	957
597	958
598	716
598	852
598	860
598	924
598	959
599	600
599	646
599	922
599	966
600	605
600	636
600	646
600	679
600	681
600	703
600	705
600	830
600	839
600	917
600	984
601	625
601	641
601	647
601	654
601	750
601	809
601	842
601	921
601	956
602	756
602	879
603	631
603	660
603	671
603	725
603	779
603	890
603	917
604	637
605	696
605	862
606	629
606	630
606	646
606	693
606	699
606	804
606	839
607	643
607	778
608	769
609	980
610	667
610	710
610	735
610	750
610	778
610	823
610	916
610	921
610	979
611	646
611	668
611	725
611	844
611	855
611	920
611	936
612	629
613	738
613	792
613	860
613	936
613	940
613	962
615	725
615	947
616	619
616	699
617	720
617	837
617	968
618	714
618	781
618	860
618	915
618	995
619	693
619	795
620	641
620	798
620	906
620	922
620	958
620	988
622	638
622	837
623	750
623	778
623	838
623	850
623	883
623	921
623	926
623	964
624	775
624	821
624	990
625	664
625	714
625	798
625	828
625	882
625	986
625	996
626	638
627	882
628	700
628	834
628	841
628	956
629	646
629	688
629	854
630	661
630	669
630	699
630	752
630	917
630	945
630	947
631	692
631	747
631	760
631	898
632	758
632	876
632	900
632	996
633	668
633	692
633	807
633	835
633	882
633	922
633	957
635	734
635	782
636	668
636	710
636	789
636	820
636	838
636	891
637	743
637	874
638	639
638	814
638	822
638	981
639	919
639	951
639	952
641	955
641	956
641	957
641	964
641	982
642	694
642	740
642	750
642	844
642	945
643	967
644	658
644	791
644	887
646	710
646	716
646	725
646	768
646	808
646	817
646	872
646	903
647	675
647	698
647	747
647	755
647	779
647	903
648	688
649	701
649	711
649	738
649	748
649	751
649	791
649	942
649	959
650	802
650	915
650	944
651	851
654	678
654	750
654	779
654	781
654	930
655	665
655	985
656	724
656	803
656	853
656	897
657	669
657	684
657	818
657	829
657	922
657	935
657	960
657	994
658	821
658	831
658	953
659	732
659	738
659	751
659	753
659	756
659	792
659	811
659	899
659	982
660	681
660	774
660	895
661	686
661	747
661	925
661	984
662	675
662	788
662	808
662	839
662	883
662	957
663	800
664	684
664	740
664	892
664	922
665	756
665	820
665	843
665	857
666	830
666	870
667	714
667	753
667	779
667	788
667	948
668	725
668	917
668	937
668	945
668	957
669	727
669	804
669	862
669	886
669	889
669	906
671	729
672	725
672	754
674	742
674	908
675	781
676	776
676	794
676	813
676	980
677	888
678	811
678	899
679	706
679	830
680	754
680	815
680	883
680	908
681	929
683	778
684	711
684	750
684	760
684	801
684	834
684	856
684	917
685	940
686	752
686	885
686	916
687	700
687	740
687	766
687	855
687	974
688	715
688	997
689	827
689	848
690	880
691	765
691	801
691	803
691	810
692	858
692	890
693	750
693	804
693	859
693	961
694	807
694	919
695	705
695	839
695	981
696	729
696	837
696	880
697	809
697	812
697	864
697	985
698	732
698	748
698	819
698	965
699	704
699	825
699	826
700	740
700	747
700	766
700	809
700	841
700	893
701	714
701	735
701	777
701	808
701	910
701	994
702	751
702	791
702	808
702	916
702	920
702	954
703	715
703	836
703	863
704	877
705	720
705	946
706	961
707	741
707	757
707	820
707	883
707	930
707	957
707	985
708	837
709	793
709	810
709	820
709	964
709	980
710	740
710	741
710	826
710	839
710	937
710	982
711	750
711	779
711	792
711	798
711	828
711	857
711	921
711	966
711	988
712	725
712	798
712	836
712	839
712	996
714	738
714	771
714	869
714	871
714	955
715	858
716	834
716	899
716	903
716	920
719	808
719	903
719	966
721	775
721	857
721	928
721	976
722	941
722	995
723	827
723	888
723	962
725	780
725	835
725	839
725	947
728	838
728	847
728	890
728	891
728	898
728	936
729	895
729	961
729	975
731	808
731	905
731	939
731	954
733	741
733	882
733	994
734	763
735	757
735	824
735	983
738	748
738	852
738	965
739	822
739	833
740	850
740	891
740	974
740	982
741	825
741	883
741	902
742	908
744	807
744	975
746	978
747	829
747	947
747	949
747	988
747	994
749	753
749	905
749	965
750	808
750	826
750	857
750	869
750	934
750	979
750	999
751	817
751	903
751	912
752	840
752	890
752	939
753	899
753	905
753	918
753	936
753	988
754	788
754	815
754	964
755	812
755	902
755	970
756	874
757	815
757	856
757	892
757	902
758	825
758	981
758	997
760	780
760	825
760	890
763	904
763	908
763	997
766	879
766	907
766	921
768	771
768	804
768	912
769	795
770	901
771	804
773	964
774	780
774	927
774	936
774	952
774	957
776	778
776	815
777	819
777	881
777	994
778	798
778	883
778	898
778	903
778	999
779	829
779	920
779	958
780	794
780	838
780	844
780	854
780	935
780	957
781	784
781	792
781	799
781	826
781	924
783	811
783	899
784	924
784	942
784	944
785	840
788	807
788	826
788	835
788	883
788	903
788	949
788	979
788	996
789	794
789	996
791	924
791	994
793	980
794	882
794	904
796	838
798	807
798	809
798	966
799	817
799	854
799	860
799	954
800	851
801	941
803	842
803	962
804	906
806	831
807	838
807	844
807	846
807	930
807	935
808	829
808	835
808	866
808	881
808	885
808	899
808	905
808	910
809	873
811	842
811	866
811	955
811	956
812	955
813	820
813	843
813	892
814	919
815	879
816	978
817	885
817	973
817	977
818	858
818	880
818	890
818	961
819	860
819	924
819	994
820	825
820	921
821	944
822	877
822	889
822	895
822	906
823	920
823	949
823	982
824	834
824	842
824	850
825	828
825	903
825	936
825	961
825	979
826	920
826	961
826	979
828	840
828	899
828	920
828	936
828	940
829	844
829	925
829	966
830	870
830	877
830	895
832	955
833	846
834	999
835	840
835	841
836	958
837	880
837	893
839	929
839	937
839	968
839	981
840	925
840	937
840	999
841	892
841	923
842	871
843	900
843	921
843	955
843	971
844	866
844	925
844	960
846	858
846	975
846	981
847	911
847	997
847	998
848	941
849	978
850	855
852	869
853	874
854	881
854	906
854	945
854	947
854	961
855	986
856	864
856	934
859	939
860	924
862	895
862	925
863	891
863	898
863	909
863	926
863	994
863	996
863	999
865	872
865	937
865	993
866	920
866	922
866	960
866	966
869	871
870	993
871	875
871	887
871	940
875	995
876	907
876	914
876	997
877	939
877	973
877	975
878	983
879	911
879	985
880	993
881	990
883	892
883	921
883	956
885	959
886	993
887	965
888	897
891	893
892	996
893	926
893	947
895	906
896	933
896	975
898	908
899	954
899	982
900	935
903	920
903	921
904	998
905	916
905	959
908	964
909	950
911	985
912	920
912	958
916	960
920	988
921	940
921	960
921	971
922	974
924	990
925	939
925	960
925	966
925	984
928	953
928	976
929	947
930	988
930	994
933	953
935	958
935	960
935	961
936	940
936	957
939	957
940	988
941	965
942	991
943	997
949	988
949	994
950	962
955	956
959	960
960	993
971	983
972	989
977	990
