0	242
0	436
0	476
0	519
0	753
0	792
0	860
0	877
0	939
1	38
1	77
1	178
1	374
1	409
1	484
1	527
1	637
1	645
1	678
1	714
1	717
1	942
2	88
2	229
2	614
2	634
2	641
2	661
2	766
3	195
3	391
3	439
3	485
3	536
3	582
3	602
4	161
4	347
4	364
4	412
4	548
4	952
5	202
5	261
5	281
5	361
5	406
5	537
5	540
5	577
5	664
5	808
5	845
5	941
5	957
5	978
5	989
6	78
6	117
6	131
6	153
6	214
6	261
6	298
6	429
6	573
6	574
6	622
6	645
6	821
6	917
6	936
6	968
7	77
7	139
7	152
7	161
7	200
7	229
7	312
7	350
7	383
7	484
7	496
7	568
7	651
7	701
7	746
7	797
7	806
7	949
8	166
8	170
8	205
8	705
8	967
8	980
9	255
9	324
9	470
9	484
9	798
9	891
9	969
10	170
10	298
10	478
10	540
10	926
10	959
10	974
11	69
12	101
12	104
12	206
12	207
12	209
12	235
12	237
12	241
12	243
12	267
12	323
12	325
12	334
12	446
12	544
12	757
12	800
12	812
12	833
12	858
13	30
13	50
13	55
13	196
13	253
13	266
13	396
13	410
13	443
13	519
13	557
13	644
13	785
13	908
13	961
15	118
15	144
15	277
15	526
15	598
15	650
15	728
15	744
15	762
15	768
15	824
15	886
15	906
15	926
15	991
16	187
16	279
16	424
16	429
16	448
16	480
16	523
16	538
16	616
16	680
16	823
16	869
16	892
16	973
16	980
16	995
17	61
17	272
17	593
17	797
17	922
17	987
18	35
18	238
18	268
18	320
18	379
18	585
18	936
19	97
19	129
19	191
19	253
19	288
19	387
19	468
19	590
19	630
19	816
19	867
20	163
20	307
20	311
20	509
20	550
20	612
20	690
20	862
20	979
21	57
21	75
21	109
21	147
21	185
21	235
21	241
21	272
21	291
21	300
21	312
21	328
21	367
21	405
21	406
21	475
21	609
21	849
21	858
21	892
21	922
21	989
22	45
22	70
22	204
22	315
22	380
22	382
22	465
22	466
22	545
22	594
22	725
22	728
22	808
22	843
22	846
22	957
23	26
23	33
23	113
23	195
23	238
23	248
23	262
23	297
23	397
23	475
23	498
23	505
23	578
23	712
23	778
23	800
23	806
23	848
23	905
23	962
24	462
25	66
25	484
25	566
25	674
25	810
25	884
26	32
26	47
26	66
26	148
26	210
26	213
26	240
26	340
26	418
26	463
26	483
26	502
26	578
26	851
26	884
26	887
26	921
26	994
27	522
28	42
28	139
28	200
28	225
28	333
28	338
28	357
28	403
28	406
28	409
28	418
28	448
28	460
28	473
28	578
28	584
28	586
28	653
28	850
28	854
28	871
28	963
29	134
29	561
29	607
29	956
30	65
30	79
30	174
30	202
30	251
30	252
30	288
30	296
30	329
30	365
30	383
30	443
30	473
30	505
30	507
30	579
30	611
30	736
30	773
30	844
30	876
30	877
30	900
30	905
31	452
31	478
31	492
31	535
31	587
31	732
32	211
32	777
32	973
33	80
33	129
33	195
33	242
33	259
33	276
33	296
33	299
33	329
33	367
33	407
33	438
33	516
33	547
33	610
33	701
33	711
33	748
33	775
33	819
33	871
33	924
33	961
33	977
34	38
34	209
34	213
34	225
34	250
34	393
34	478
34	615
34	685
34	736
34	912
34	940
34	983
35	103
35	320
35	636
35	695
36	37
36	230
36	303
36	839
37	303
37	306
37	518
37	757
37	816
38	72
38	77
38	90
38	200
38	202
38	347
38	365
38	386
38	453
38	527
38	551
38	702
38	784
38	905
38	977
40	79
40	86
40	187
40	312
40	325
40	498
40	611
40	776
40	813
40	845
40	869
40	896
40	972
41	85
41	770
42	91
42	122
42	213
42	225
42	265
42	266
42	281
42	299
42	386
42	788
42	831
42	884
42	920
42	934
42	973
43	184
43	308
43	421
43	733
44	430
44	461
44	513
44	537
44	598
44	787
45	94
45	104
45	218
45	247
45	313
45	422
45	793
45	837
45	846
46	70
46	189
46	200
46	254
46	265
46	288
46	397
46	516
46	525
46	529
46	566
46	702
46	773
46	874
46	899
46	901
47	163
47	338
47	453
47	551
47	634
47	857
47	955
49	92
49	152
49	315
49	333
49	511
49	627
49	635
49	793
49	825
49	841
49	959
49	995
50	232
50	483
50	724
50	802
50	895
51	204
51	377
51	695
51	707
51	720
51	824
51	841
51	971
52	63
52	93
52	164
52	177
52	279
52	354
52	374
52	490
52	539
52	675
52	718
52	797
52	812
53	83
53	212
53	248
53	293
53	519
53	656
53	667
53	792
53	812
53	825
53	848
53	883
53	957
54	109
54	509
54	813
54	855
55	245
55	410
55	434
55	679
55	712
55	828
55	933
56	150
56	314
56	407
56	410
56	420
56	507
56	520
56	525
56	702
56	746
57	75
57	112
57	113
57	129
57	157
57	239
57	241
57	254
57	275
57	596
57	611
57	655
57	685
57	723
57	816
57	843
57	892
57	893
57	896
57	957
57	989
57	990
57	991
58	374
58	472
58	501
58	506
58	597
58	622
58	680
58	803
58	825
58	977
60	175
60	341
60	342
60	605
60	790
61	705
61	761
61	862
61	985
62	698
62	734
63	195
63	231
63	296
63	390
63	403
63	440
63	455
63	483
63	544
63	593
63	619
63	731
63	784
63	844
63	898
63	899
63	922
63	942
63	962
63	983
64	72
64	214
64	281
64	328
64	405
64	424
64	426
64	483
64	490
64	565
64	597
64	609
64	611
64	758
64	805
64	812
64	834
64	893
64	896
65	236
65	259
65	284
65	296
65	331
65	440
65	518
65	520
65	525
65	791
65	824
65	860
65	877
65	904
65	905
65	908
65	953
65	963
66	91
66	157
66	169
66	299
66	378
66	399
66	416
66	418
66	467
66	484
66	603
66	806
66	912
66	922
66	955
67	209
67	384
67	886
67	960
67	967
68	156
68	224
68	648
68	748
68	780
69	83
69	113
69	132
69	452
69	554
69	557
69	579
69	671
69	742
69	830
69	860
69	961
70	76
70	94
70	204
70	220
70	256
70	352
70	377
70	404
70	439
70	465
70	538
70	580
70	764
70	867
71	343
71	873
72	165
72	173
72	195
72	214
72	231
72	254
72	280
72	325
72	374
72	406
72	472
72	489
72	494
72	495
72	497
72	695
72	714
72	723
72	866
72	869
72	922
72	989
73	439
73	511
73	621
73	852
74	162
74	235
74	329
74	587
74	637
74	682
74	773
74	806
74	912
75	131
75	196
75	202
75	214
75	248
75	282
75	300
75	386
75	401
75	440
75	498
75	505
75	596
75	663
75	731
75	736
75	756
75	848
75	854
75	858
75	864
75	984
75	989
76	172
76	256
76	466
76	481
76	510
76	555
76	579
76	594
76	619
76	715
76	720
76	819
76	898
77	115
77	127
77	215
77	327
77	386
77	424
77	484
77	615
77	712
77	714
77	717
77	766
77	832
77	849
77	891
77	919
77	928
78	186
78	298
78	358
78	475
78	489
78	514
78	592
78	632
78	756
78	995
79	192
79	214
79	300
79	312
79	334
79	354
79	422
79	434
79	483
79	486
79	505
79	619
79	644
79	812
79	816
79	879
79	901
79	980
79	983
80	98
80	151
80	319
80	381
80	503
80	710
80	751
80	829
80	836
80	860
81	116
81	236
81	329
81	402
81	792
81	991
82	150
82	152
82	155
82	192
82	231
82	235
82	373
82	433
82	489
82	498
82	596
82	816
82	844
82	920
82	977
83	172
83	621
83	737
83	756
83	764
83	819
83	841
83	941
85	572
86	101
86	151
86	152
86	192
86	239
86	300
86	403
86	408
86	593
86	628
86	701
86	731
86	843
86	846
86	850
86	896
86	905
86	963
87	419
87	791
88	209
88	272
88	303
88	400
88	470
88	502
88	509
88	818
88	831
88	994
89	585
89	592
89	636
89	886
90	202
90	225
90	242
90	416
90	484
90	578
90	584
90	603
90	700
90	714
90	731
90	733
90	774
90	850
90	973
91	182
91	200
91	367
91	378
91	395
91	496
91	566
91	568
91	599
91	685
91	885
91	887
91	973
92	147
92	197
92	265
92	337
92	407
92	422
92	456
92	476
92	580
92	778
92	830
92	901
93	159
93	177
93	401
93	461
93	560
93	768
93	807
93	808
93	821
93	845
93	862
93	985
94	224
94	271
94	512
94	545
94	875
95	260
95	299
95	553
95	575
95	679
95	836
95	901
95	952
96	167
96	432
96	634
96	684
96	954
97	236
97	245
97	265
97	296
97	314
97	330
97	476
97	503
97	542
97	590
97	619
97	742
97	792
97	876
97	963
98	124
98	125
98	284
98	339
98	349
98	476
98	477
98	555
98	710
98	773
98	895
99	110
99	151
99	192
99	291
99	336
99	353
99	385
99	396
99	422
99	468
99	477
99	547
99	587
99	671
99	712
99	715
99	830
99	847
99	860
99	863
99	876
99	953
99	963
100	439
100	608
100	976
101	147
101	202
101	212
101	338
101	339
101	386
101	473
101	518
101	549
101	560
101	566
101	740
101	801
101	871
101	898
101	924
101	977
102	221
102	543
102	599
102	620
102	637
102	651
102	670
102	672
102	678
102	700
102	717
102	836
102	844
102	933
103	109
103	230
103	276
103	299
103	350
103	368
103	394
103	418
103	676
103	723
103	869
103	925
103	934
103	992
104	130
104	269
104	481
104	608
104	652
104	667
104	764
105	376
105	845
105	965
106	114
106	358
106	658
106	814
106	967
107	391
107	476
107	618
107	727
107	950
108	183
108	271
108	298
108	545
108	588
108	707
108	776
108	975
109	291
109	294
109	366
109	403
109	711
109	760
109	818
109	851
109	984
110	219
110	245
110	402
110	491
110	520
110	611
110	795
110	799
110	950
110	970
110	983
111	178
111	182
111	308
111	473
111	614
111	653
111	912
111	966
112	192
112	365
112	393
112	547
112	761
112	884
112	915
112	949
113	185
113	231
113	262
113	312
113	329
113	335
113	355
113	423
113	429
113	434
113	475
113	586
113	628
113	645
113	702
114	277
114	413
114	461
114	465
114	490
114	497
114	592
114	597
114	762
114	797
114	803
115	325
115	328
115	551
115	630
115	714
115	723
115	736
115	808
115	844
115	869
115	989
116	794
117	263
117	320
117	480
117	538
117	647
117	654
117	768
117	772
117	842
117	845
117	959
117	968
117	995
118	183
118	271
118	404
118	424
118	429
118	538
118	662
118	671
118	778
118	846
118	995
119	363
120	458
120	605
120	988
121	356
121	535
121	581
121	702
121	947
121	999
122	188
122	260
122	305
122	474
122	691
122	751
123	159
123	294
123	338
123	401
123	675
123	677
123	718
123	748
123	796
123	818
123	855
123	866
123	984
124	130
124	336
124	385
124	481
124	538
124	580
124	782
124	971
125	191
125	201
125	331
125	416
125	491
125	499
125	555
126	292
126	528
127	157
127	169
127	202
127	215
127	231
127	290
127	394
127	533
127	733
127	740
127	777
127	977
128	704
129	165
129	242
129	265
129	297
129	355
129	369
129	635
129	686
129	725
129	730
129	784
129	797
129	844
130	332
130	436
130	456
130	602
130	649
131	157
131	173
131	214
131	241
131	248
131	254
131	275
131	387
131	401
131	478
131	596
131	647
131	701
131	713
131	843
131	867
131	896
131	924
132	146
132	383
132	452
132	554
132	829
133	147
133	200
133	202
133	373
133	433
133	468
133	472
133	475
133	533
133	700
133	714
133	854
133	912
133	924
133	989
134	372
134	472
134	638
135	173
135	240
135	267
135	291
135	325
135	354
135	426
135	431
135	493
135	594
135	610
135	639
135	693
135	725
135	733
135	775
135	816
135	831
135	866
135	892
135	972
136	219
136	260
136	322
136	595
136	878
136	932
137	161
137	202
137	219
137	532
137	553
137	601
137	603
137	828
137	952
138	474
138	874
138	927
139	207
139	210
139	233
139	235
139	323
139	324
139	345
139	440
139	470
139	518
139	584
139	733
139	833
139	850
139	887
140	341
141	262
141	289
141	325
141	785
142	364
142	420
142	530
142	811
142	826
143	199
143	363
144	279
144	372
144	521
144	660
144	808
144	968
145	842
146	176
146	284
146	396
146	491
146	520
146	678
146	773
146	799
146	904
147	259
147	329
147	381
147	387
147	390
147	406
147	443
147	507
147	529
147	547
147	667
147	731
147	801
147	804
147	830
147	867
147	887
147	905
147	929
147	949
147	953
147	961
148	213
148	225
148	245
148	269
148	409
148	422
148	757
148	871
148	900
148	915
148	928
148	986
149	561
150	202
150	231
150	262
150	277
150	286
150	288
150	300
150	375
150	468
150	473
150	555
150	559
150	647
150	701
150	713
150	714
150	892
150	900
150	917
150	987
150	989
151	186
151	248
151	296
151	331
151	336
151	337
151	423
151	476
151	554
151	615
151	637
151	715
151	730
151	773
151	863
151	983
152	238
152	252
152	267
152	313
152	338
152	365
152	406
152	468
152	516
152	556
152	559
152	586
152	697
152	844
152	853
152	860
152	914
152	961
153	185
153	206
153	235
153	306
153	334
153	423
153	440
153	475
153	494
153	517
153	544
153	645
153	700
153	723
153	725
153	922
153	956
153	960
153	981
153	989
154	158
154	266
154	416
154	475
154	543
154	553
154	743
155	157
155	215
155	240
155	277
155	374
155	408
155	438
155	475
155	476
155	483
155	692
155	766
155	771
155	849
155	977
156	171
156	659
156	763
156	852
157	169
157	175
157	241
157	275
157	290
157	350
157	375
157	406
157	418
157	559
157	566
157	628
157	700
157	713
157	942
157	977
158	229
158	260
158	305
158	350
158	575
158	679
158	874
158	952
158	970
159	180
159	272
159	400
159	539
159	569
159	690
159	851
159	887
159	918
159	956
160	214
160	268
160	277
160	328
160	639
160	648
160	652
160	778
160	782
160	824
160	959
160	980
161	188
161	246
161	262
161	299
161	305
161	367
161	390
161	416
161	434
161	603
161	806
161	874
161	900
161	920
161	932
162	259
162	410
162	742
162	753
162	799
162	876
162	950
163	324
163	549
163	718
164	362
164	374
164	440
164	461
164	493
164	573
164	603
164	632
164	669
164	760
164	803
164	812
164	851
165	243
165	475
165	517
165	577
165	610
165	645
165	762
165	771
165	951
165	984
166	379
166	636
166	780
166	964
167	634
167	749
169	272
169	378
169	397
169	403
169	418
169	502
169	517
169	578
169	641
169	849
169	850
169	854
169	866
169	928
170	501
172	269
172	344
172	377
172	431
172	466
172	652
172	737
172	893
173	186
173	192
173	209
173	243
173	291
173	366
173	381
173	455
173	475
173	478
173	480
173	483
173	507
173	516
173	544
173	723
173	744
173	886
173	924
174	240
174	289
174	353
174	365
174	367
174	381
174	410
174	438
174	559
174	586
174	613
174	905
175	453
175	496
175	528
175	566
176	208
176	253
176	349
176	599
176	687
176	847
176	983
177	280
177	294
177	403
177	540
177	607
177	692
177	711
177	814
178	290
178	327
178	338
178	463
178	474
178	591
178	599
178	655
178	674
178	678
178	697
178	749
178	790
179	181
179	256
179	688
179	772
179	852
180	209
180	294
180	295
180	306
180	358
180	361
180	401
180	573
180	574
180	675
180	692
180	757
180	775
180	855
181	277
181	541
181	707
182	661
182	674
182	788
182	810
182	955
183	377
183	390
183	465
183	512
183	580
183	629
183	662
183	728
183	737
183	841
183	919
183	941
183	990
184	743
184	931
185	189
185	202
185	238
185	240
185	314
185	335
185	337
185	584
185	609
185	629
185	689
185	713
185	731
185	764
185	867
185	933
186	361
186	373
186	426
186	431
186	498
186	506
186	586
186	644
186	686
186	689
186	805
186	819
187	466
187	478
187	519
187	538
187	594
187	649
187	738
187	778
187	867
187	899
187	907
188	381
188	459
188	505
188	723
189	252
189	288
189	305
189	312
189	323
189	350
189	448
189	481
189	507
189	516
189	554
189	557
189	576
189	620
189	850
189	964
189	983
190	363
190	558
190	902
191	198
191	242
191	369
191	426
191	455
191	466
191	671
191	715
191	720
191	746
191	792
191	795
191	904
191	929
191	950
191	953
192	195
192	367
192	387
192	403
192	406
192	483
192	494
192	498
192	593
192	651
192	742
192	783
192	816
192	824
192	831
192	844
192	853
192	899
192	948
192	951
193	415
193	466
193	905
194	234
194	258
194	295
194	550
194	675
194	839
195	197
195	206
195	259
195	296
195	333
195	403
195	405
195	455
195	460
195	475
195	476
195	499
195	609
195	644
195	656
195	686
195	713
195	714
195	858
195	867
195	953
195	972
196	330
196	434
196	503
196	510
196	699
196	764
196	867
196	907
196	939
197	392
197	415
197	422
197	476
197	516
197	520
197	753
197	804
197	871
197	895
198	468
198	554
198	579
198	829
198	904
200	233
200	267
200	338
200	399
200	475
200	496
200	714
200	749
200	864
200	960
200	972
201	236
201	382
201	385
201	724
201	883
201	933
202	235
202	314
202	386
202	438
202	448
202	487
202	518
202	584
202	717
202	731
202	777
202	851
202	892
203	295
203	328
203	523
203	622
203	891
204	247
204	652
204	728
205	501
205	573
205	662
205	779
205	823
205	964
206	290
206	294
206	323
206	440
206	472
206	544
206	603
206	757
206	760
206	813
206	831
206	893
206	960
206	987
207	258
207	333
207	497
207	650
207	798
207	839
207	855
207	866
207	968
208	245
208	457
208	914
209	324
209	366
209	375
209	386
209	494
209	518
209	529
209	559
209	592
209	593
209	633
209	745
209	749
209	831
209	997
210	221
210	275
210	399
210	482
210	518
210	551
210	596
210	713
210	744
210	762
210	816
210	850
210	946
210	960
210	989
211	946
212	282
212	355
212	433
212	434
212	468
212	590
212	629
212	645
212	648
212	667
212	793
212	824
212	972
212	991
213	225
213	321
213	378
213	568
213	599
213	931
213	940
213	949
214	215
214	251
214	262
214	282
214	387
214	429
214	446
214	473
214	725
214	776
214	924
214	929
214	972
214	983
215	262
215	286
215	312
215	331
215	361
215	386
215	422
215	593
215	689
215	744
215	756
215	816
215	914
216	349
216	356
216	388
216	417
216	504
216	535
216	785
216	947
217	233
217	340
217	394
217	418
217	437
217	496
217	676
217	913
217	917
217	934
218	277
218	404
218	523
218	537
218	640
218	655
218	747
218	834
218	995
219	269
219	452
219	601
219	679
220	228
220	534
221	290
221	378
221	392
221	460
221	559
221	714
221	717
221	891
221	983
223	284
223	297
223	349
223	510
223	535
223	579
223	695
223	715
223	795
224	271
224	564
224	737
224	875
224	936
225	328
225	437
225	484
225	731
225	733
225	912
225	940
226	413
226	449
226	658
226	779
228	542
229	327
229	375
229	386
229	399
229	568
229	651
229	749
229	810
229	949
230	295
230	464
230	496
230	668
230	796
231	235
231	408
231	426
231	609
231	611
231	616
231	725
231	800
231	834
231	885
231	893
231	989
232	428
232	485
232	696
233	303
233	368
233	437
233	441
233	449
233	470
233	943
234	374
234	550
234	558
235	460
235	495
235	506
235	513
235	569
235	614
235	620
235	622
235	825
235	831
235	922
236	412
236	554
236	924
237	295
237	311
237	400
237	864
237	992
238	245
238	248
238	267
238	365
238	397
238	408
238	422
238	443
238	478
238	515
238	601
238	613
238	615
238	679
238	713
238	830
238	848
238	871
238	929
239	275
239	312
239	315
239	323
239	334
239	478
239	498
239	596
239	610
239	620
239	644
239	701
239	812
239	830
239	843
240	241
240	296
240	328
240	334
240	405
240	426
240	438
240	495
240	555
240	559
240	593
240	596
240	627
240	714
240	717
240	725
240	771
240	804
240	844
240	896
240	920
240	922
240	977
241	248
241	275
241	281
241	296
241	334
241	403
241	408
241	422
241	440
241	525
241	596
241	725
241	825
241	964
241	987
241	989
242	254
242	383
242	390
242	498
242	555
242	587
242	613
242	747
242	905
243	366
243	487
243	527
243	614
243	630
243	700
243	711
243	723
243	738
243	831
243	989
243	994
244	295
244	298
244	413
244	583
244	673
245	260
245	381
245	468
245	518
245	554
245	556
245	848
246	305
246	321
246	409
246	595
246	678
246	712
246	733
246	836
247	256
247	436
247	439
247	617
247	627
247	875
248	262
248	281
248	282
248	312
248	329
248	383
248	426
248	484
248	498
248	505
248	578
248	580
248	686
248	693
248	695
248	804
248	829
248	869
248	928
248	929
249	658
249	675
249	886
249	964
249	965
250	601
250	603
250	901
250	909
251	329
251	330
251	336
251	381
251	510
251	520
251	525
251	547
251	555
251	576
251	861
251	905
251	925
252	334
252	396
252	426
252	468
252	472
252	516
252	609
252	610
252	639
252	686
252	773
252	914
252	983
253	265
253	312
253	439
253	579
253	587
253	613
253	701
253	710
253	867
253	901
254	312
254	433
254	478
254	486
254	489
254	494
254	538
254	590
254	593
254	629
254	730
254	764
254	767
254	793
254	843
254	850
254	907
255	676
255	703
255	783
255	887
256	415
256	665
256	708
256	728
256	737
257	258
257	261
257	286
257	441
257	482
257	497
257	607
257	647
257	718
257	862
257	866
257	994
258	372
258	540
258	748
258	993
259	381
259	404
259	476
259	507
259	516
259	555
259	900
259	925
259	961
260	381
260	476
260	732
260	826
260	927
260	933
261	306
261	334
261	340
261	354
261	399
261	448
261	495
261	723
261	736
261	774
261	813
261	844
261	890
261	918
262	297
262	367
262	383
262	397
262	446
262	525
262	576
262	629
262	746
262	806
262	824
262	896
262	918
263	490
263	654
263	768
263	797
263	930
264	966
265	330
265	337
265	381
265	407
265	422
265	515
265	525
265	610
265	663
265	773
265	804
265	867
265	953
266	416
266	694
266	811
266	826
266	874
266	923
266	932
266	952
267	317
267	328
267	335
267	357
267	390
267	403
267	406
267	407
267	448
267	559
267	596
267	669
267	700
267	771
267	805
267	864
267	984
268	537
268	640
269	945
269	976
270	402
270	417
270	504
270	982
271	483
271	638
271	654
271	693
271	821
271	941
271	956
271	959
271	980
272	276
272	303
272	323
272	718
272	831
272	855
273	396
273	889
274	463
274	798
275	312
275	325
275	333
275	387
275	472
275	478
275	503
275	523
275	693
275	748
275	776
275	892
275	957
275	991
276	323
276	328
276	345
276	634
276	653
276	828
276	850
277	279
277	348
277	361
277	379
277	424
277	433
277	472
277	577
277	592
277	604
277	756
277	805
279	280
279	632
279	776
279	814
279	821
279	906
279	926
280	282
280	361
280	540
280	609
280	821
280	886
280	989
280	997
281	296
281	300
281	328
281	333
281	431
281	438
281	544
281	578
281	664
281	689
281	757
281	844
281	892
281	896
281	899
281	920
282	401
282	461
282	514
282	518
282	574
282	592
282	639
282	689
282	711
282	797
282	833
282	959
283	646
284	396
284	452
284	753
284	889
285	715
285	877
286	294
286	306
286	374
286	416
286	569
286	630
286	634
286	650
286	675
286	711
286	760
286	775
286	821
286	845
286	994
287	293
287	404
287	511
287	648
287	708
287	716
287	748
287	875
288	321
288	406
288	468
288	478
288	529
288	644
288	679
288	701
288	712
288	731
288	800
288	828
288	900
288	905
290	340
290	375
290	446
290	610
290	766
290	777
290	849
290	892
290	913
290	962
291	300
291	373
291	401
291	472
291	475
291	483
291	501
291	586
291	645
291	662
291	693
291	744
291	778
291	896
291	980
291	990
292	453
293	404
293	447
293	538
293	655
293	711
293	747
294	400
294	426
294	583
294	711
294	783
294	951
295	389
295	607
295	718
295	745
295	934
295	943
296	314
296	355
296	387
296	438
296	465
296	466
296	478
296	498
296	547
296	565
296	610
296	611
296	615
296	644
296	686
296	695
296	748
296	778
296	783
296	869
296	914
296	924
296	989
297	338
297	365
297	367
297	407
297	443
297	518
297	587
297	649
297	664
298	523
298	640
298	862
298	959
298	990
299	575
299	591
299	647
299	743
300	387
300	559
300	593
300	596
300	700
300	701
300	713
300	725
300	760
300	844
300	869
300	962
301	694
302	360
302	541
302	865
303	363
303	395
303	461
303	549
303	657
303	882
304	703
305	339
305	443
305	450
305	543
305	553
305	555
305	799
305	861
306	411
306	574
306	641
306	695
306	827
306	891
307	721
309	356
309	618
309	696
309	859
310	530
310	832
310	857
310	966
310	992
311	374
311	475
311	718
311	781
311	882
312	352
312	369
312	431
312	486
312	590
312	648
312	662
312	813
312	853
312	981
313	326
313	667
313	716
313	782
313	793
314	329
314	443
314	710
314	799
314	853
314	898
315	369
315	407
315	434
315	515
315	629
315	774
315	929
316	741
317	467
317	533
317	702
318	432
318	962
319	601
319	679
319	743
319	953
320	344
320	461
320	577
320	655
320	683
320	758
320	772
320	814
320	995
321	407
321	409
321	463
321	484
321	516
321	712
321	773
321	800
321	828
321	861
321	874
321	912
321	939
321	972
322	421
322	595
322	811
322	878
323	464
323	533
323	559
323	593
323	701
323	762
323	831
323	883
323	994
324	566
324	882
324	887
325	405
325	406
325	470
325	473
325	486
325	487
325	495
325	627
325	693
325	723
325	736
325	748
325	775
325	812
325	833
325	922
325	960
325	989
326	415
326	602
326	716
327	530
327	900
328	345
328	373
328	440
328	448
328	475
328	505
328	559
328	578
328	597
328	662
328	723
328	736
328	766
328	821
328	843
328	869
328	887
329	337
329	403
329	410
329	431
329	554
329	559
329	590
329	610
329	611
329	730
329	800
329	896
329	899
329	962
330	331
330	443
330	498
330	507
330	555
330	706
330	773
330	829
330	860
330	876
330	898
330	983
331	353
331	499
331	507
331	515
331	853
331	879
331	884
331	904
331	908
331	950
331	963
332	617
332	642
332	659
332	764
332	859
333	390
333	495
333	544
333	580
333	914
333	926
333	929
333	941
334	373
334	390
334	408
334	443
334	478
334	487
334	602
334	619
334	664
334	738
334	825
334	829
334	990
335	390
335	406
335	494
335	516
335	554
335	560
335	717
335	731
335	746
335	777
335	844
335	864
335	925
335	941
336	369
336	510
336	555
336	582
336	627
336	656
336	715
336	716
336	764
336	767
336	963
337	554
337	706
337	715
337	778
337	804
337	871
337	876
337	899
337	901
337	924
337	925
337	950
337	972
338	399
338	437
338	560
338	657
338	832
338	851
338	855
338	891
339	440
339	543
339	595
340	395
340	418
340	706
340	774
340	831
340	994
342	453
342	605
342	916
342	966
343	360
343	840
344	512
344	711
344	716
344	823
345	460
345	517
345	520
345	560
345	677
345	849
345	854
346	367
346	383
347	393
347	637
347	661
347	674
347	685
347	697
347	700
347	949
348	506
348	571
348	690
348	803
348	951
349	452
349	477
349	534
349	547
349	595
349	615
349	751
349	877
349	929
349	953
350	566
350	676
350	686
350	712
350	746
350	836
350	861
351	413
351	462
351	488
352	481
352	503
352	512
352	682
352	706
352	970
353	385
353	619
353	665
353	667
353	671
353	696
353	753
353	767
353	800
353	860
353	914
353	939
354	400
354	418
354	516
354	539
354	629
354	632
354	771
354	960
354	994
355	580
355	670
355	863
355	976
355	981
356	396
356	792
356	793
356	904
357	437
357	455
357	502
357	533
357	560
357	568
357	641
357	657
357	673
357	810
357	917
358	372
358	398
358	540
358	573
358	577
358	632
358	803
358	845
358	862
358	918
358	956
359	360
359	469
359	663
360	469
360	840
360	841
360	975
361	472
361	487
361	506
361	680
361	744
361	748
361	762
361	776
361	781
361	805
361	845
361	956
362	501
362	561
362	680
362	838
362	959
363	668
363	690
364	679
365	408
365	422
365	476
365	516
365	566
365	655
365	795
365	824
365	830
365	843
365	876
365	972
366	418
366	496
366	518
366	527
366	533
366	551
366	584
366	733
366	891
366	920
367	443
367	468
367	507
367	556
367	620
367	717
367	736
367	972
368	676
369	377
369	390
369	404
369	433
369	434
369	510
369	564
369	662
369	875
370	419
370	885
370	945
372	539
372	638
372	718
372	775
372	831
372	839
372	862
373	455
373	461
373	540
373	585
373	617
373	639
373	708
373	738
373	748
373	776
373	784
373	914
373	919
373	950
373	956
373	994
374	411
374	448
374	632
374	641
374	693
374	725
374	871
374	960
375	386
375	423
375	473
375	527
375	584
375	586
375	620
375	689
375	702
375	736
375	757
375	806
375	850
375	854
375	900
375	951
375	990
376	640
376	935
377	537
377	635
377	696
377	778
377	801
378	463
378	470
378	653
378	672
378	766
378	850
378	861
378	946
378	992
379	693
379	759
379	842
379	845
380	466
380	480
380	498
380	508
380	515
380	519
380	627
380	767
380	819
380	859
381	422
381	423
381	525
381	526
381	702
381	710
381	863
381	901
381	908
381	961
382	385
382	428
382	724
383	491
383	505
383	601
383	682
383	830
383	871
384	636
385	477
385	609
385	815
385	929
385	939
386	440
386	478
386	556
386	682
386	771
386	901
386	925
386	961
387	405
387	406
387	426
387	455
387	483
387	516
387	590
387	610
387	756
387	800
387	804
387	812
387	871
387	911
388	888
388	909
389	413
389	509
389	550
389	574
389	675
389	762
389	827
389	948
390	433
390	499
390	554
390	611
390	644
390	664
390	717
390	725
390	731
390	746
390	773
390	784
390	800
390	914
390	924
392	481
392	590
392	617
392	667
392	699
393	406
393	527
393	529
393	575
393	615
393	678
393	801
393	848
393	857
393	861
393	905
393	927
393	942
393	949
394	502
394	633
394	891
395	460
395	518
395	603
395	620
395	810
395	832
395	917
395	933
395	949
396	710
396	795
396	848
396	938
396	950
397	427
397	433
397	615
397	714
397	731
397	819
397	877
397	884
397	887
397	943
397	962
399	467
399	632
399	673
399	766
399	850
399	882
399	917
400	464
400	680
400	913
401	431
401	472
401	480
401	598
401	623
401	771
401	787
401	797
401	866
402	581
403	475
403	486
403	493
403	547
403	664
403	678
403	680
403	801
403	871
404	415
404	511
404	545
404	649
404	707
404	885
404	924
405	433
405	465
405	480
405	538
405	645
405	655
405	689
405	746
405	772
405	899
405	907
405	957
406	475
406	487
406	560
406	584
406	616
406	757
406	864
407	438
407	443
407	521
407	617
407	649
407	673
407	730
407	843
407	871
407	893
408	438
408	472
408	596
408	644
408	656
408	686
408	844
408	936
409	450
409	505
409	651
409	678
409	755
409	761
409	899
409	931
409	949
410	520
410	529
410	578
410	847
410	963
411	514
411	798
411	896
411	917
411	951
412	752
412	859
413	675
413	690
413	774
414	755
414	820
415	466
415	649
415	971
415	976
415	991
416	494
416	836
416	857
416	915
417	889
418	486
418	833
419	531
419	802
420	442
420	672
422	520
422	635
422	649
422	667
422	867
422	963
423	491
423	495
423	529
423	547
423	595
423	679
423	712
423	723
423	830
423	898
423	899
424	555
424	669
424	778
424	824
424	906
424	930
424	959
426	440
426	446
426	486
426	610
426	695
426	771
426	804
426	846
426	914
426	951
426	960
427	934
427	954
427	979
428	724
428	802
428	859
428	976
429	443
429	465
429	545
429	564
429	590
429	728
429	895
429	929
429	959
431	489
431	586
431	632
431	662
431	744
431	756
431	898
431	925
432	634
432	992
433	516
433	538
433	580
433	586
433	662
433	665
433	689
433	695
433	744
433	764
433	869
433	883
433	892
433	929
434	586
434	656
434	665
434	686
434	767
434	772
434	914
434	957
434	981
436	466
436	519
436	764
437	464
437	467
437	551
437	578
437	637
437	766
437	833
437	850
437	887
437	973
438	483
438	487
438	505
438	610
438	611
438	616
438	773
438	793
438	899
438	917
438	987
438	991
439	519
439	980
440	446
440	486
440	639
440	736
440	776
440	784
440	800
440	844
440	885
440	900
440	917
440	918
441	482
441	569
441	614
441	641
441	673
441	818
441	850
441	921
442	679
442	697
442	923
443	516
443	547
443	556
443	563
443	576
443	644
443	695
445	588
446	475
446	630
446	644
446	645
446	647
446	692
446	713
446	771
446	821
446	887
446	924
446	934
446	977
446	987
446	990
447	709
447	787
447	935
447	965
447	967
448	559
448	578
448	593
448	614
448	628
448	673
448	736
448	757
448	838
448	849
448	968
450	529
450	553
450	672
450	753
450	799
450	829
450	848
450	853
450	858
450	904
450	920
451	453
451	868
452	504
452	557
452	581
452	970
454	750
455	483
455	628
455	686
455	778
455	825
456	481
456	555
456	859
456	991
457	735
457	785
457	888
457	947
457	970
458	631
458	881
459	888
460	478
460	620
460	781
460	849
460	921
460	925
460	951
460	994
461	472
461	495
461	497
461	537
461	572
461	614
461	616
461	622
461	693
461	748
461	774
461	812
461	816
461	821
461	896
461	926
461	978
461	981
463	496
463	502
463	678
463	857
463	992
464	470
464	488
464	851
464	882
464	891
464	912
465	481
465	565
465	611
465	627
465	635
465	639
465	649
465	776
465	834
465	891
466	538
466	570
466	580
466	655
466	667
467	628
467	882
467	969
468	481
468	610
468	764
468	777
468	833
468	896
468	898
468	901
468	961
470	473
470	502
470	913
470	934
470	955
472	574
472	593
472	645
472	675
472	711
472	813
472	922
472	951
472	956
473	484
473	518
473	584
473	657
473	746
473	925
473	928
473	953
473	978
474	553
474	575
475	487
475	494
475	559
475	560
475	566
475	610
475	712
475	723
475	736
475	740
475	778
475	783
475	803
475	821
475	843
475	844
476	478
476	505
476	587
476	627
476	656
476	671
476	849
476	867
476	961
478	505
478	516
478	656
478	686
478	689
478	805
478	844
478	892
478	898
479	709
480	519
480	693
480	803
480	805
480	886
480	959
480	978
481	503
481	611
481	627
481	652
481	875
481	879
481	970
482	573
482	736
482	956
483	516
483	598
483	644
483	664
483	693
483	773
483	800
483	896
483	898
483	899
483	990
484	518
484	713
484	723
484	740
484	788
484	804
484	858
484	973
485	617
486	598
486	632
486	686
486	843
486	869
486	896
486	918
486	972
487	544
487	593
487	610
487	645
487	692
487	757
487	849
487	862
487	893
488	956
489	539
489	689
489	701
489	738
489	805
489	824
489	834
489	846
489	886
489	892
490	501
490	523
490	597
490	716
490	812
490	918
490	974
491	554
491	611
491	706
491	746
491	925
491	950
491	983
492	847
493	669
493	758
493	776
493	780
493	793
493	937
493	958
494	544
494	559
494	869
494	994
495	523
495	540
495	569
495	584
495	598
495	628
495	638
495	748
495	774
495	775
495	797
495	803
495	864
495	918
496	502
496	733
496	766
496	810
496	942
497	550
497	598
497	607
497	622
497	855
497	965
498	647
498	713
498	738
498	767
498	800
498	929
498	983
499	587
499	696
499	699
499	860
499	895
500	504
500	947
501	539
501	577
501	650
501	654
501	869
501	997
502	562
502	633
502	777
502	783
502	788
502	851
502	934
502	962
503	627
503	629
503	671
503	706
505	876
505	990
506	514
506	549
506	612
506	647
506	774
506	858
507	555
507	611
507	656
507	791
507	801
507	867
508	741
509	934
509	948
509	997
510	613
510	665
510	742
510	991
511	602
511	621
511	720
512	652
512	782
512	837
512	838
513	550
513	705
513	745
513	891
513	993
514	862
514	918
514	956
514	987
515	519
515	520
515	525
515	590
515	611
515	695
515	708
515	724
515	791
515	863
515	970
516	547
516	586
516	619
516	664
516	738
516	775
516	858
516	866
516	989
517	573
517	620
517	633
517	657
517	774
517	855
517	891
518	559
518	568
518	628
518	664
518	717
518	831
518	928
519	620
519	671
519	747
519	764
519	867
519	877
519	879
519	883
519	991
520	554
520	710
520	753
520	804
520	829
520	848
520	900
520	913
521	669
521	765
521	823
522	666
523	537
523	540
523	544
523	669
523	845
525	613
525	615
525	830
525	858
525	876
526	537
526	545
526	565
526	635
526	655
526	812
526	918
526	951
526	964
526	980
527	568
527	685
527	693
527	701
527	717
527	733
527	858
527	900
527	921
528	548
529	702
529	719
529	783
529	853
529	940
529	942
531	557
532	857
533	566
533	593
533	731
533	913
533	928
533	955
534	618
534	908
535	542
535	752
535	864
536	617
536	652
536	763
537	540
537	644
537	768
537	805
538	594
538	737
538	776
538	784
538	800
538	876
538	971
538	995
539	622
539	669
539	803
539	886
539	918
540	598
540	680
540	892
540	918
540	978
540	985
540	997
541	659
541	665
542	642
542	945
543	595
543	714
543	726
544	593
544	630
544	833
544	849
544	866
544	869
544	948
544	956
544	987
544	990
545	594
545	683
545	737
545	885
545	930
546	750
546	988
547	620
547	656
547	702
547	744
547	876
547	900
547	926
548	673
549	583
549	721
549	818
550	677
550	745
550	993
550	994
551	566
551	653
551	701
551	849
551	855
551	887
551	921
552	659
552	695
552	759
552	894
553	710
553	820
554	579
554	712
554	799
554	804
554	899
554	901
554	970
555	590
555	715
555	876
555	903
555	907
555	950
555	963
556	615
556	674
556	719
556	848
557	590
557	860
558	623
558	845
559	598
559	762
559	774
559	775
559	844
559	864
559	869
559	942
559	957
559	981
560	647
560	657
560	673
560	736
560	818
560	862
560	891
560	917
560	943
560	973
560	994
561	607
561	765
562	668
562	750
563	842
564	664
564	716
564	875
564	879
564	936
565	632
565	725
565	825
565	869
565	941
565	980
566	634
566	733
566	771
566	864
566	905
566	940
566	955
566	984
568	575
568	651
568	653
568	674
568	777
568	949
568	966
569	607
569	677
569	711
569	797
569	978
570	608
570	742
571	705
573	662
573	669
573	797
573	812
573	821
573	855
573	893
573	918
573	997
574	673
574	765
574	808
574	862
574	951
575	952
576	603
576	687
576	697
576	804
576	884
576	901
576	940
577	658
577	814
578	713
578	736
578	805
578	917
578	921
579	785
579	829
579	895
579	904
579	908
580	594
580	619
580	667
580	695
580	699
580	767
580	772
580	939
580	972
580	991
582	642
582	656
582	699
582	794
582	859
582	971
583	607
583	653
583	968
584	628
584	647
584	700
584	713
584	799
584	800
584	850
585	640
585	765
585	958
586	609
586	619
586	648
586	800
586	824
586	836
586	849
586	934
586	956
586	984
587	671
587	737
587	742
587	773
587	792
587	863
587	883
587	914
588	654
588	780
590	619
590	971
591	719
591	857
592	597
592	772
592	930
593	641
593	713
593	757
593	778
593	851
593	892
593	956
593	977
593	987
594	767
594	784
594	841
594	924
596	760
596	775
596	849
596	987
596	989
597	650
597	747
597	748
597	774
597	784
597	824
597	997
598	629
598	759
598	997
599	672
599	766
599	933
600	986
601	611
601	874
601	904
603	748
603	973
603	977
604	658
604	660
604	758
604	768
604	798
604	937
604	967
606	688
607	623
607	700
607	729
607	855
607	948
608	652
608	724
609	778
609	871
609	914
610	629
610	656
610	695
610	736
610	797
610	808
610	867
610	869
610	892
610	951
611	620
611	720
611	731
611	848
611	864
611	869
611	914
611	983
612	614
612	680
612	692
612	718
612	827
612	867
612	951
613	697
613	816
613	924
613	961
614	630
614	695
614	771
614	831
614	844
614	849
614	851
614	854
614	892
614	917
614	951
614	957
614	960
615	682
615	804
615	806
615	920
615	949
615	961
616	629
616	632
616	725
616	728
616	744
616	808
616	898
617	621
617	665
617	763
617	852
618	670
618	867
619	764
619	907
619	957
619	963
619	971
619	991
620	775
620	800
620	857
621	670
622	639
622	658
622	693
622	738
622	765
622	821
623	845
623	855
623	956
623	978
623	994
627	635
627	644
627	680
627	936
627	981
628	713
628	801
628	864
628	940
628	949
628	968
629	725
629	784
629	800
629	825
629	893
629	898
629	924
629	972
630	645
630	647
630	716
630	749
630	783
630	854
630	887
630	900
630	913
630	918
631	918
632	664
632	744
632	760
632	797
632	869
632	893
632	918
633	729
634	641
634	661
635	702
635	720
635	801
635	863
635	904
635	972
636	823
636	937
637	674
637	685
637	788
637	818
637	942
637	962
638	768
638	814
638	875
638	951
639	664
639	756
639	804
639	875
639	914
639	924
639	941
639	960
639	981
639	987
640	838
640	919
640	937
640	964
641	647
641	831
641	887
641	943
642	652
642	819
642	903
644	689
644	706
644	714
644	725
644	776
644	778
644	795
644	867
644	877
644	896
644	972
644	981
645	661
645	738
645	843
645	899
645	989
646	938
647	700
647	813
647	861
647	864
647	956
647	981
647	984
648	686
648	695
648	756
648	841
648	924
649	664
649	693
649	708
649	879
650	958
651	685
651	719
651	864
652	720
652	782
652	991
653	731
653	761
653	766
653	917
653	994
654	978
654	995
655	689
655	808
655	833
655	957
656	742
656	970
657	962
658	814
658	869
658	918
658	964
658	993
659	707
659	809
660	765
660	768
661	676
661	749
661	766
661	946
662	689
662	784
662	841
662	843
662	848
662	930
662	956
662	960
663	815
663	879
664	824
664	869
664	919
664	980
664	991
665	670
665	875
667	730
667	883
667	914
669	808
669	821
669	869
669	906
669	917
670	724
670	859
670	879
670	945
671	706
671	715
671	730
671	904
671	911
671	929
671	948
673	913
673	931
673	942
673	943
675	692
675	762
675	862
675	922
675	951
676	954
676	969
677	858
677	922
678	719
678	806
678	861
678	884
678	928
679	733
680	808
680	964
680	968
680	985
681	903
682	799
682	806
682	836
682	844
682	928
683	837
684	954
685	697
685	806
685	836
686	712
686	736
686	800
686	834
686	844
686	972
686	989
686	991
689	744
689	793
689	805
689	843
689	899
690	810
691	923
692	718
692	866
693	768
693	891
693	893
694	751
695	778
695	869
695	941
695	972
696	742
696	879
696	883
697	804
697	874
697	952
698	820
699	720
699	867
699	991
700	726
700	736
700	748
700	760
700	762
700	920
700	977
700	989
701	723
701	844
701	893
701	914
701	925
701	972
702	731
702	806
702	861
702	925
702	928
705	774
706	758
706	841
706	871
706	883
706	904
706	939
706	991
707	974
708	737
708	756
710	829
711	775
711	813
711	833
711	849
712	733
712	848
712	853
712	876
712	919
713	771
713	804
713	860
713	864
713	928
714	733
714	864
715	728
715	752
715	753
715	772
715	799
715	899
715	908
715	911
716	782
717	824
717	830
717	850
717	864
717	871
717	889
717	905
719	861
720	742
720	801
720	883
720	896
720	963
721	839
723	738
723	777
723	783
723	833
723	849
723	854
723	901
723	960
723	962
723	977
725	744
725	756
725	846
726	836
726	923
728	747
729	934
730	773
730	863
730	908
730	939
730	983
731	848
731	871
732	932
733	850
733	884
733	949
733	951
733	973
735	847
736	830
736	844
736	960
736	977
736	980
736	981
736	987
736	989
737	782
738	748
738	914
740	743
740	766
740	777
740	781
740	896
740	917
740	948
740	960
741	780
741	841
741	856
742	829
742	895
742	907
742	963
743	749
744	776
744	784
744	834
744	866
744	871
744	886
744	924
744	981
745	866
746	800
746	853
746	864
747	841
747	941
747	980
748	756
748	792
748	801
748	843
748	961
748	981
749	788
749	955
750	902
751	816
751	904
752	791
752	795
753	773
753	950
753	963
755	944
756	834
756	978
757	962
758	780
758	906
759	780
759	842
759	875
760	813
761	857
761	861
761	949
762	775
762	826
762	849
762	978
762	984
762	994
763	852
764	792
764	914
764	971
764	980
766	849
766	916
766	954
767	863
767	991
768	965
768	978
770	985
771	813
771	850
771	917
771	922
771	943
773	876
773	908
774	831
774	994
775	813
775	816
775	896
775	918
775	958
776	778
776	805
776	816
776	827
776	846
776	941
777	901
777	962
778	824
778	863
778	883
778	896
778	957
781	934
781	969
781	984
782	793
783	948
783	987
784	892
784	898
784	925
785	889
787	845
790	868
791	795
791	859
791	903
791	939
791	950
792	860
792	903
792	907
792	925
792	929
792	945
792	976
792	999
793	824
793	834
793	846
793	892
793	893
793	941
794	911
795	817
796	882
796	913
796	969
797	808
797	906
797	918
797	951
798	827
799	830
799	923
800	977
801	830
801	871
801	925
801	929
801	932
801	961
801	970
801	983
803	845
804	899
805	893
805	918
805	989
806	858
806	917
806	933
806	961
808	821
808	855
808	862
808	866
808	922
808	964
809	823
810	942
810	992
812	893
812	968
812	990
812	997
813	922
813	951
813	973
813	978
814	866
814	965
814	967
816	833
816	858
816	892
816	924
818	948
819	939
821	891
821	906
821	926
823	842
824	965
825	896
825	899
825	928
825	960
825	973
826	923
828	861
828	963
829	876
829	904
829	925
829	961
830	854
830	899
830	905
830	953
831	862
831	895
831	919
831	960
832	916
832	992
833	862
833	977
834	867
834	886
834	959
834	972
836	848
837	873
838	958
840	937
843	924
843	939
843	972
844	858
844	898
845	906
845	997
846	858
848	863
848	900
848	905
848	928
848	952
848	961
849	850
849	951
849	960
850	851
850	994
851	858
852	865
852	885
852	894
853	864
853	896
853	908
853	925
854	955
855	918
855	919
855	968
857	940
857	949
858	891
858	922
858	961
860	863
860	883
860	939
861	920
861	928
863	908
864	899
864	922
866	918
866	951
866	962
866	978
867	879
867	907
869	896
869	981
871	972
874	905
876	928
879	883
879	971
879	999
882	984
884	920
884	928
885	926
886	926
886	959
886	997
887	948
887	977
887	984
888	947
890	985
891	948
892	893
892	899
892	993
893	980
895	908
896	919
896	951
896	989
896	991
898	914
899	924
899	961
900	920
901	963
903	963
904	907
904	952
905	920
905	925
909	982
911	963
912	973
913	984
915	928
915	933
916	966
917	951
919	951
921	973
922	948
922	977
926	958
928	940
929	987
929	991
931	946
931	986
934	943
934	946
934	948
934	984
935	937
939	945
940	949
943	966
944	992
948	984
951	987
958	968
959	964
960	977
960	981
964	968
964	981
968	972
971	974
974	991
977	994
