0	98
0	603
0	735
0	753
1	25
1	146
1	391
1	430
1	516
1	734
1	788
1	836
1	848
1	873
1	883
1	921
1	962
2	67
2	187
2	217
2	386
2	437
2	506
2	520
2	563
2	581
2	587
2	595
2	634
2	672
2	675
2	692
2	807
2	836
2	860
2	896
2	929
4	285
4	689
4	851
4	992
5	35
5	189
5	213
5	356
5	400
5	417
5	645
5	688
5	694
5	701
5	717
5	834
5	898
5	971
6	59
6	62
6	95
6	143
6	197
6	211
6	328
6	417
6	488
6	497
6	843
6	978
7	13
7	43
7	52
7	94
7	391
7	467
7	508
7	525
7	553
7	587
7	633
7	711
7	734
7	793
7	810
7	838
7	883
7	956
8	474
8	594
8	657
9	28
9	44
9	131
9	291
9	372
9	385
9	457
9	529
9	621
9	693
9	707
9	799
10	90
10	215
11	127
11	297
11	306
12	107
12	204
12	302
12	322
12	371
12	435
12	461
12	497
12	591
12	682
12	925
13	224
13	237
13	322
13	386
13	402
13	417
13	424
13	494
13	698
13	966
13	976
14	108
14	155
14	164
14	200
14	289
14	340
14	386
14	431
14	512
14	565
14	586
14	633
14	673
14	762
14	837
14	878
14	899
15	105
15	121
15	310
15	379
15	381
15	461
15	485
15	612
15	616
15	768
15	769
15	910
16	262
16	311
17	934
18	21
18	29
18	130
18	273
18	403
18	426
18	443
18	679
18	716
18	762
18	808
18	993
19	95
19	283
19	925
19	967
20	94
20	141
20	145
20	149
20	213
20	444
20	456
20	547
20	554
20	561
20	589
20	626
20	744
20	754
20	762
20	825
20	949
20	970
21	60
21	97
21	204
21	237
21	329
21	367
21	396
21	416
21	456
21	612
21	668
21	722
21	727
21	786
21	804
21	839
21	861
21	886
21	949
22	23
22	87
22	112
22	150
22	152
22	190
22	388
22	560
22	656
22	678
22	745
22	833
22	891
22	895
22	977
23	47
23	83
23	96
23	128
23	299
23	401
23	525
23	606
23	688
23	746
23	891
23	896
23	982
24	235
24	499
24	763
24	977
25	51
25	71
25	75
25	109
25	160
25	192
25	231
25	377
25	386
25	391
25	417
25	429
25	430
25	481
25	569
25	581
25	612
25	755
25	788
25	829
25	831
25	915
25	972
26	38
26	59
26	123
26	211
26	264
26	471
26	722
26	760
27	155
27	186
27	209
27	224
27	237
27	278
27	326
27	339
27	406
27	408
27	471
27	590
27	749
28	56
28	167
28	175
28	259
28	275
28	308
28	338
28	357
28	418
28	423
28	457
28	552
28	677
28	690
28	761
28	893
28	933
28	949
28	981
28	998
29	176
29	186
29	210
29	278
29	287
29	338
29	343
29	435
29	437
29	443
29	569
29	718
29	837
29	847
29	899
30	213
30	623
30	760
30	815
30	909
31	63
31	388
31	656
31	730
31	743
31	780
31	833
31	979
32	134
32	166
32	297
32	629
32	783
33	137
33	309
33	342
33	377
33	520
33	562
33	585
33	596
33	642
33	775
33	840
33	855
33	894
33	950
33	972
34	230
34	248
34	316
34	790
34	822
34	823
34	885
34	945
35	40
35	145
35	223
35	299
35	412
35	524
35	525
35	588
35	598
35	697
35	717
35	785
35	865
35	901
35	945
35	961
35	974
37	144
37	145
37	149
37	168
37	210
37	401
37	473
37	564
37	606
37	645
37	661
37	701
37	716
37	754
37	811
37	893
38	80
38	102
38	327
38	328
38	367
38	466
38	566
38	841
38	985
39	522
39	726
39	768
40	248
40	265
40	330
40	478
40	525
40	882
40	974
40	980
41	368
41	428
41	540
41	707
41	850
41	857
42	190
42	382
42	421
42	445
42	556
42	560
42	747
42	790
43	208
43	296
43	471
43	519
43	577
43	801
43	912
43	956
43	966
44	139
44	148
44	154
44	293
44	318
44	427
44	447
44	559
44	837
44	874
44	998
45	101
45	336
45	593
45	751
46	78
46	95
46	105
46	109
46	120
46	294
46	413
46	424
46	461
46	479
46	526
46	575
46	612
46	704
46	811
46	904
47	113
47	230
47	299
47	961
48	486
48	791
49	82
49	111
49	115
49	156
49	284
49	291
49	345
49	568
49	685
49	701
49	724
49	749
49	761
49	827
49	871
49	898
49	907
51	186
51	321
51	324
51	467
51	578
51	587
51	600
51	788
51	863
51	922
51	987
52	72
52	205
52	353
52	369
52	387
52	458
52	527
52	577
52	609
52	737
52	848
52	993
53	111
53	323
53	385
53	423
53	567
53	646
53	653
53	889
53	898
54	145
54	299
54	445
54	560
54	583
54	610
54	620
55	209
55	210
55	278
55	424
55	425
55	426
55	446
55	494
55	698
55	716
55	747
55	878
56	82
56	89
56	136
56	158
56	187
56	298
56	326
56	339
56	357
56	370
56	385
56	403
56	470
56	504
56	551
56	668
56	698
56	707
56	714
56	749
56	799
56	958
57	80
57	99
57	160
57	264
57	279
57	371
57	410
57	513
58	107
58	131
58	235
58	274
58	620
59	80
59	154
59	211
59	266
59	367
59	393
59	460
59	461
59	629
59	721
59	778
59	994
60	109
60	236
60	292
60	696
60	839
60	951
61	247
61	360
61	541
61	623
61	651
62	79
62	97
62	141
62	210
62	222
62	338
62	340
62	372
62	424
62	682
62	708
62	789
62	829
62	848
62	867
62	907
62	976
62	999
63	112
63	272
63	610
63	697
63	898
64	650
65	272
65	303
65	979
66	85
66	130
66	156
66	216
66	222
66	259
66	264
66	406
66	497
66	632
66	646
66	739
66	804
66	958
66	961
67	105
67	109
67	231
67	281
67	431
67	473
67	581
67	635
67	636
67	652
67	704
67	711
67	755
67	847
67	933
68	943
69	187
69	423
69	438
69	631
69	697
69	797
69	886
70	79
70	99
70	249
70	261
70	285
70	326
70	460
70	673
70	696
70	716
70	810
70	837
70	914
70	963
70	999
71	109
71	183
71	352
71	356
71	377
71	403
71	581
71	587
71	619
71	667
71	704
71	819
71	822
71	839
71	883
71	968
72	74
72	226
72	273
72	327
72	391
72	425
72	491
72	495
72	607
72	652
72	719
72	737
72	769
72	922
73	186
73	234
73	367
73	396
73	527
73	623
73	629
73	719
73	783
73	839
73	861
73	870
73	906
73	966
74	250
74	304
74	327
74	379
74	541
74	665
74	682
74	835
74	856
74	912
74	990
75	189
75	198
75	207
75	317
75	490
75	516
75	587
75	848
75	864
75	885
75	938
76	78
76	496
76	822
76	831
77	222
77	234
77	268
77	271
77	303
77	397
77	444
77	460
77	497
77	564
77	567
77	625
77	897
77	907
77	958
77	976
78	636
78	648
78	836
78	955
79	213
79	278
79	331
79	342
79	370
79	386
79	426
79	439
79	729
79	786
79	837
79	893
79	897
80	117
80	270
80	322
80	352
80	405
80	494
80	999
81	106
81	137
81	248
81	258
81	336
81	618
81	855
82	85
82	175
82	293
82	345
82	428
82	572
82	708
82	713
82	825
82	827
83	128
83	150
83	227
83	344
83	421
83	583
83	642
83	798
84	90
84	272
84	331
84	625
84	747
84	847
85	93
85	158
85	172
85	348
85	385
85	423
85	461
85	494
85	538
85	553
85	646
85	668
85	693
85	770
85	827
85	874
85	876
85	900
85	968
86	113
86	145
86	162
86	187
86	240
86	292
86	294
86	330
86	341
86	475
86	484
86	520
86	525
86	533
86	555
86	700
86	744
86	771
86	774
86	811
86	891
86	901
86	902
86	905
86	961
86	972
87	90
87	152
87	158
87	299
87	345
87	421
87	547
87	551
87	599
87	683
87	694
87	834
87	891
88	229
88	341
88	509
88	512
88	568
88	594
88	596
88	625
88	645
88	661
88	683
88	696
88	701
88	957
88	971
88	976
89	97
89	129
89	156
89	173
89	278
89	315
89	682
89	696
89	727
89	799
89	804
89	970
90	145
90	214
90	271
90	416
90	448
90	499
90	683
90	699
90	834
90	958
90	976
91	141
91	149
91	173
91	213
91	439
91	444
91	699
91	811
91	845
91	914
92	735
92	753
92	908
93	201
93	363
93	534
93	551
93	973
94	141
94	164
94	224
94	292
94	393
94	520
94	649
94	847
94	914
94	963
94	970
95	99
95	138
95	155
95	184
95	220
95	682
96	100
96	227
96	239
96	300
96	421
96	478
96	563
96	588
96	599
96	689
96	766
96	858
96	992
97	115
97	129
97	155
97	164
97	304
97	315
97	362
97	396
97	494
97	651
97	682
97	815
97	849
97	909
98	384
98	419
98	423
98	503
98	567
98	613
98	643
99	129
99	161
99	360
99	367
99	643
99	722
99	843
99	876
99	985
100	163
100	227
100	445
100	594
100	766
102	130
102	270
102	363
102	408
102	426
102	466
102	590
102	878
102	966
104	192
104	207
104	359
104	619
104	864
104	950
105	516
105	535
105	557
105	674
105	721
105	727
105	734
105	863
105	922
105	962
106	265
106	276
106	351
106	674
106	945
107	113
107	140
107	190
107	418
107	620
107	626
107	649
107	785
107	911
107	983
108	160
108	199
108	346
108	366
108	719
108	807
109	222
109	287
109	403
109	433
109	450
109	525
109	652
109	675
109	819
109	822
109	884
109	938
109	950
109	963
110	156
110	157
110	222
110	326
110	439
110	559
110	643
110	659
110	697
110	999
111	172
111	323
111	345
111	355
111	401
111	439
112	401
112	448
112	747
112	850
112	882
112	982
113	128
113	292
113	409
113	507
113	700
113	784
113	974
114	133
114	186
114	192
114	296
114	307
114	366
114	386
114	402
114	414
114	417
114	425
114	587
114	663
114	727
114	860
114	958
114	968
115	250
115	251
115	268
115	303
115	384
115	397
115	432
115	529
115	646
115	669
115	753
115	820
116	236
116	254
116	262
116	280
116	292
116	317
116	330
116	479
116	481
116	595
116	599
116	619
116	678
116	773
116	809
116	829
116	988
117	155
117	197
117	343
117	408
117	419
117	457
117	523
117	541
117	793
117	868
117	985
118	325
118	579
119	179
119	445
119	474
119	543
119	816
120	206
120	207
120	244
120	496
120	618
120	652
120	700
120	775
120	894
120	917
120	942
121	381
121	463
121	550
121	910
122	147
122	191
122	375
122	719
122	755
122	831
122	917
123	353
123	369
123	387
123	624
123	813
123	848
123	859
124	248
124	741
124	751
124	785
124	851
124	858
125	244
125	430
125	496
125	557
125	657
125	942
126	656
126	780
127	859
127	932
127	942
128	179
128	228
128	307
128	601
128	718
128	771
128	933
129	144
129	315
129	319
129	393
129	396
129	400
129	435
129	646
129	699
129	722
129	808
129	970
130	155
130	161
130	240
130	264
130	279
130	304
130	326
130	362
130	400
130	406
130	417
130	424
130	463
130	565
130	568
130	661
130	727
130	754
130	876
130	944
130	993
131	356
131	383
131	730
132	205
132	242
132	539
132	550
133	237
133	249
133	370
133	376
133	424
133	426
133	508
133	679
133	729
133	810
133	838
133	982
133	985
133	993
134	136
134	259
134	298
134	408
134	422
134	580
134	757
134	835
135	313
136	143
136	268
136	319
136	334
136	348
136	382
136	392
136	460
136	463
136	551
136	646
136	808
137	191
137	206
137	246
137	433
137	618
137	774
137	828
137	971
137	972
138	153
138	266
138	322
138	340
138	379
138	395
138	439
138	452
138	497
138	603
138	651
138	721
138	793
138	949
139	371
139	399
139	683
140	169
140	223
140	680
140	697
140	745
141	216
141	249
141	401
141	405
141	463
141	803
141	844
141	861
141	876
141	922
142	233
142	395
142	602
142	856
143	264
143	327
143	360
143	410
143	629
143	967
143	995
144	156
144	158
144	318
144	444
144	540
144	599
144	602
144	685
144	697
144	845
144	850
144	888
144	933
145	214
145	228
145	292
145	300
145	318
145	326
145	363
145	426
145	447
145	548
145	797
145	977
145	982
146	192
146	420
146	482
146	562
146	830
146	840
146	879
146	942
147	490
147	535
148	156
148	172
148	338
148	428
148	534
148	567
148	645
148	677
148	799
148	845
148	874
148	920
149	173
149	222
149	345
149	385
149	405
149	439
149	444
149	633
149	646
149	685
149	754
150	228
150	262
150	546
150	686
150	718
150	773
150	785
150	885
151	280
151	409
151	436
151	692
151	858
151	958
152	299
152	498
152	514
152	678
152	689
152	785
153	210
153	254
153	285
153	292
153	330
153	400
153	431
153	479
153	586
153	595
153	642
153	666
153	781
153	785
153	950
153	980
154	392
154	804
154	845
154	909
154	994
155	173
155	189
155	216
155	251
155	316
155	322
155	408
155	417
155	480
155	566
155	682
155	803
155	804
156	168
156	204
156	307
156	318
156	338
156	606
156	633
156	679
156	693
156	698
156	699
156	722
156	746
156	834
156	893
156	970
156	976
157	208
157	331
157	356
157	446
157	508
157	619
157	683
157	878
157	933
158	175
158	196
158	272
158	291
158	626
158	646
158	685
158	745
160	226
160	720
160	740
160	929
161	170
161	216
161	372
161	410
161	786
162	228
162	317
162	583
162	713
162	771
162	851
162	945
163	169
163	286
163	751
163	790
163	865
164	167
164	209
164	210
164	217
164	264
164	316
164	417
164	435
164	437
164	443
164	471
164	663
164	711
164	845
165	369
165	430
165	769
165	792
166	221
166	990
167	229
167	259
167	338
167	393
167	405
167	502
167	606
167	632
167	661
167	716
167	727
167	886
168	234
168	303
168	315
168	357
168	405
168	414
168	444
168	564
168	568
168	587
168	589
168	616
168	827
168	837
168	897
168	914
168	920
168	951
168	999
169	330
169	554
169	657
169	689
169	718
169	798
169	865
169	991
169	992
170	233
170	650
170	738
170	742
171	176
171	247
171	298
171	365
171	372
171	397
171	612
171	652
171	679
171	739
171	789
171	803
171	868
171	873
171	883
172	213
172	669
172	685
173	176
173	214
173	293
173	318
173	358
173	393
173	398
173	400
173	407
173	456
173	533
173	565
173	589
173	645
173	646
173	731
173	867
173	882
173	897
173	902
173	914
173	949
174	451
175	323
175	503
175	880
175	958
176	189
176	446
176	478
176	642
176	727
176	773
176	822
176	872
176	885
176	902
176	927
176	957
176	975
176	980
177	824
178	243
178	283
178	313
178	325
178	644
178	738
179	448
179	583
179	923
180	200
180	207
180	519
180	599
180	692
180	700
180	704
180	734
180	878
180	884
180	952
181	341
181	342
181	358
181	473
181	479
181	696
181	762
181	809
181	968
182	198
182	308
182	433
182	450
182	475
182	480
182	530
182	546
182	626
182	628
182	901
182	982
183	194
183	199
183	352
183	364
183	377
183	447
183	569
183	711
183	788
183	814
183	822
183	860
183	915
183	944
184	306
184	458
184	531
184	779
184	783
184	978
184	990
185	482
185	641
186	224
186	273
186	322
186	365
186	402
186	466
186	541
186	623
186	682
186	716
186	760
186	818
186	947
187	193
187	194
187	240
187	301
187	337
187	360
187	426
187	456
187	512
187	546
187	548
187	626
187	806
187	809
187	865
187	933
187	949
187	977
187	988
188	840
189	194
189	238
189	386
189	447
189	481
189	619
189	634
189	672
189	700
189	784
189	806
189	938
190	594
190	895
191	472
191	557
191	562
191	667
191	836
191	840
191	917
192	213
192	261
192	430
192	524
192	575
192	775
192	800
193	538
193	791
193	809
194	448
194	478
194	596
194	661
194	809
194	851
194	885
195	211
195	821
195	910
196	293
196	363
196	412
196	625
196	693
196	739
196	749
196	799
196	868
196	889
196	897
196	958
197	408
197	580
197	870
197	929
198	200
198	238
198	262
198	300
198	393
198	481
198	484
198	524
198	565
198	645
198	666
198	727
198	781
198	918
198	999
199	296
199	303
199	343
199	402
199	417
199	424
199	479
199	716
199	773
199	779
199	781
199	789
199	878
199	896
199	966
200	294
200	352
200	364
200	433
200	450
200	508
200	575
200	619
200	635
200	674
200	675
200	676
200	692
200	734
200	755
200	810
200	878
200	938
201	267
201	423
201	551
201	646
201	693
201	740
201	973
203	353
203	495
203	821
203	941
203	955
203	966
204	220
204	268
204	270
204	315
204	334
204	360
204	367
204	416
204	518
204	603
204	682
205	211
205	310
205	413
205	461
205	485
205	577
205	624
205	742
205	783
205	788
205	821
205	947
206	787
206	872
207	230
207	277
207	294
207	364
207	490
207	822
208	226
208	307
208	321
208	356
208	391
208	467
208	769
208	810
208	838
208	941
208	963
209	222
209	240
209	343
209	367
209	417
209	502
209	540
209	799
209	847
209	899
209	951
209	958
210	338
210	343
210	356
210	494
210	581
210	676
210	698
210	727
210	762
210	773
210	810
210	884
210	941
210	951
210	971
211	452
211	466
211	497
211	729
211	818
211	929
212	730
212	895
212	946
213	214
213	234
213	278
213	303
213	307
213	397
213	502
213	564
213	589
213	606
213	661
213	862
213	886
213	958
213	992
214	223
214	268
214	284
214	341
214	428
214	509
214	568
214	585
214	594
214	621
214	659
214	683
214	694
214	746
214	893
214	920
216	461
216	466
216	568
216	722
216	803
216	872
216	999
217	426
217	447
217	616
217	673
217	675
217	734
217	810
217	944
217	956
217	965
217	987
218	221
218	329
218	367
218	371
218	461
218	467
218	616
218	742
218	848
218	906
219	271
219	880
219	930
220	384
220	518
220	651
220	804
220	934
220	994
221	310
221	379
221	403
221	609
221	616
221	947
221	993
222	238
222	281
222	393
222	439
222	453
222	456
222	606
222	611
222	621
222	661
222	701
222	757
222	849
222	893
222	957
222	970
223	240
223	659
223	684
223	701
223	731
223	781
223	891
223	897
223	958
224	342
224	435
224	461
224	596
224	642
224	675
224	769
224	847
224	848
224	884
224	965
224	968
225	242
225	869
226	244
226	596
226	634
226	649
226	848
226	963
226	987
227	240
227	560
227	649
228	401
228	649
228	680
228	688
228	812
228	834
228	851
228	914
229	318
229	479
229	540
229	632
229	633
229	739
229	744
229	849
229	886
230	300
230	309
230	320
230	436
230	560
230	635
230	872
230	921
230	968
230	975
231	279
231	309
231	328
231	376
231	387
231	550
231	884
231	968
231	991
232	602
232	709
232	820
233	335
233	590
234	291
234	339
234	362
234	439
234	456
234	722
234	811
234	874
234	907
234	973
235	272
236	240
236	292
236	356
236	364
236	509
236	545
236	642
236	652
236	722
236	809
236	829
236	848
236	878
236	884
236	894
236	899
237	249
237	266
237	352
237	417
237	430
237	616
237	696
237	785
237	886
237	941
237	966
238	354
238	398
238	401
238	555
238	563
238	642
238	674
238	716
238	822
238	844
238	914
238	954
239	299
239	336
239	442
239	498
239	511
239	718
239	748
239	816
239	895
239	946
240	292
240	337
240	442
240	481
240	631
240	633
240	652
240	762
240	828
240	836
240	844
240	899
241	624
241	884
242	768
242	813
242	826
242	906
242	955
244	261
244	289
244	352
244	354
244	375
244	378
244	451
244	574
244	675
244	692
244	702
244	814
244	836
244	852
244	987
245	314
245	347
246	286
246	474
246	475
246	583
246	598
246	628
246	672
246	854
246	975
247	371
247	990
248	520
248	555
248	974
249	398
249	435
249	461
249	495
249	652
249	696
249	788
249	878
249	941
250	335
250	591
250	592
250	629
250	650
250	760
250	925
251	279
251	315
251	668
251	693
251	793
251	799
251	868
252	253
252	576
252	725
252	901
253	937
254	265
254	337
254	473
254	549
254	666
254	672
254	775
254	872
254	896
254	901
255	311
255	744
255	882
256	520
256	549
256	593
257	361
257	498
257	570
257	946
258	336
258	507
258	736
259	279
259	340
259	414
259	416
259	460
259	497
259	564
259	585
259	646
259	668
259	679
259	698
259	762
259	849
259	874
259	878
259	968
259	970
260	724
260	761
261	289
261	351
261	364
261	526
261	555
261	586
261	809
261	840
261	860
261	917
262	481
262	507
262	676
263	330
263	741
263	855
264	278
264	279
264	327
264	367
264	461
264	541
264	566
264	740
264	845
264	868
264	989
265	300
265	448
265	481
265	506
265	631
265	647
265	771
265	812
265	852
265	894
265	961
265	962
265	971
265	975
266	329
266	360
266	372
266	385
266	424
266	494
266	767
266	793
266	912
266	994
267	304
267	384
267	395
267	523
267	559
267	566
268	315
268	339
268	457
268	460
268	494
268	643
268	661
268	668
269	333
269	397
269	538
269	683
269	690
269	893
269	898
269	933
270	357
270	372
270	578
270	587
270	729
270	803
270	818
270	861
270	935
270	993
271	318
271	362
271	383
271	438
271	444
271	525
271	606
271	676
271	683
271	747
271	825
271	957
272	293
272	339
272	400
272	619
272	637
272	684
272	745
273	329
273	374
273	417
273	523
273	584
273	721
273	740
273	803
273	999
274	572
274	707
275	284
275	538
275	820
277	280
277	324
277	413
277	472
277	516
277	692
277	734
277	905
277	956
277	961
278	326
278	367
278	380
278	444
278	559
278	633
278	646
278	731
278	897
278	970
279	329
279	663
279	665
279	740
279	788
279	929
280	341
280	442
280	545
280	595
280	619
280	688
280	739
280	747
280	785
280	831
280	892
280	974
281	302
281	386
281	393
281	508
281	545
281	733
281	866
281	878
281	968
283	934
284	291
284	293
284	399
284	653
284	693
284	825
284	868
285	317
285	401
285	596
285	598
285	631
285	686
285	784
286	299
286	388
286	752
286	851
286	946
286	949
287	353
287	446
287	731
287	912
287	963
289	342
289	377
289	812
289	829
289	847
289	906
290	306
290	389
290	522
290	638
290	726
290	783
290	989
291	632
291	679
291	799
292	293
292	337
292	401
292	447
292	473
292	475
292	530
292	564
292	674
292	678
292	811
292	914
293	397
293	428
293	530
293	547
293	620
293	701
293	724
293	747
293	835
294	482
294	562
294	674
294	840
294	860
294	863
294	864
294	915
294	937
295	311
295	349
295	750
296	597
296	600
296	673
296	703
296	716
296	734
296	788
296	845
296	848
296	883
296	884
296	921
297	485
297	757
298	334
298	416
298	494
298	567
298	637
298	669
298	685
298	765
298	874
298	886
298	935
299	752
299	825
299	911
299	992
300	337
300	398
300	403
300	443
300	475
300	479
300	508
300	614
300	652
300	666
300	773
300	828
300	829
300	885
300	896
301	926
302	485
302	537
302	544
302	779
303	308
303	400
303	421
303	431
303	435
303	599
303	626
303	632
303	633
303	770
303	834
303	849
303	874
303	891
304	326
304	348
304	360
304	422
304	529
304	559
304	568
304	621
304	663
304	776
304	841
304	856
304	939
304	943
304	985
306	592
306	779
307	340
307	502
307	920
307	976
308	401
308	599
308	661
308	688
308	866
308	867
308	988
309	364
309	490
309	577
309	596
309	692
309	700
309	828
309	844
309	952
310	566
310	719
310	783
310	807
310	912
310	947
313	662
314	465
314	753
315	452
315	559
315	603
315	646
315	663
315	724
315	973
316	467
316	480
316	508
316	519
316	672
316	681
316	806
316	812
316	899
316	976
317	330
317	436
317	481
317	595
317	597
317	599
317	681
317	686
317	809
317	885
317	891
318	338
318	428
318	538
318	540
318	683
318	731
318	827
318	874
319	422
319	560
319	651
319	677
319	710
319	761
319	825
319	889
320	451
320	555
320	775
320	798
321	353
321	413
321	604
321	635
321	831
321	942
322	360
322	381
322	710
322	868
323	916
324	387
324	429
324	450
324	467
324	516
324	715
324	720
324	768
324	901
324	906
324	966
325	376
325	531
325	544
325	719
325	978
326	331
326	367
326	396
326	494
326	585
326	693
326	845
326	925
326	967
327	328
327	452
327	623
327	673
327	804
327	809
327	978
328	367
328	432
328	580
328	650
328	695
328	978
329	410
329	417
329	425
329	443
329	527
329	584
329	703
329	721
329	742
329	803
329	843
329	912
329	993
330	555
330	599
330	762
330	809
330	828
330	858
330	872
330	996
331	340
331	362
331	363
331	380
331	405
331	568
331	585
331	679
331	845
331	874
331	909
331	933
331	935
333	412
333	428
333	447
333	561
333	610
333	626
333	649
333	684
333	907
334	456
334	460
334	663
334	793
334	841
334	868
334	916
334	943
335	360
335	371
335	856
335	993
336	601
336	736
336	798
337	341
337	343
337	356
337	414
337	439
337	444
337	519
337	599
337	645
337	666
337	836
337	893
337	991
338	397
338	406
338	585
338	611
338	867
338	949
338	957
338	970
339	553
339	567
339	633
339	770
339	874
339	900
340	356
340	497
340	553
340	643
340	663
340	698
340	754
341	393
341	479
341	563
341	597
341	631
341	731
341	744
341	811
341	860
341	865
341	878
341	891
341	968
341	987
342	377
342	497
342	512
342	565
342	583
342	635
342	659
342	727
342	809
342	811
342	848
342	938
343	417
343	446
343	566
343	642
343	683
343	693
343	700
343	806
343	838
343	867
343	927
343	958
344	356
344	457
344	475
344	514
344	525
344	946
344	983
345	457
345	561
345	585
345	626
345	645
345	683
345	914
345	951
346	600
346	607
346	720
346	768
347	776
347	795
347	929
347	964
348	405
348	493
348	603
348	671
348	793
348	804
348	861
348	909
348	964
349	412
349	449
349	533
349	572
349	610
349	632
349	754
349	759
351	352
351	482
351	520
351	574
351	614
351	775
351	829
351	892
351	940
351	972
352	535
352	586
352	704
352	755
352	773
352	819
353	366
353	491
353	726
353	768
353	904
353	947
354	409
354	562
354	840
354	972
355	454
355	615
355	914
355	916
356	494
356	519
356	525
356	597
356	598
356	614
356	672
356	694
356	744
356	867
356	974
357	400
357	427
357	559
357	589
357	621
357	666
357	731
357	799
357	868
357	970
358	447
358	508
358	633
358	635
358	701
358	754
358	789
358	850
359	492
359	830
360	406
360	416
360	651
360	663
360	671
360	742
360	909
360	990
362	414
362	437
362	457
362	509
362	564
362	668
362	682
362	746
362	762
362	893
362	900
362	933
363	470
363	523
363	553
363	685
363	754
363	825
363	827
363	889
364	377
364	424
364	446
364	464
364	535
364	569
364	581
364	619
364	667
364	700
364	785
364	806
364	812
364	828
364	864
364	876
364	894
364	901
364	902
364	905
365	376
365	426
365	463
365	497
365	566
365	827
365	839
365	874
365	966
365	967
366	575
366	674
366	675
366	801
366	803
366	962
367	372
367	376
367	566
367	589
367	652
367	826
367	841
367	876
367	907
369	413
369	462
369	807
369	831
370	405
370	443
370	524
370	546
370	717
371	392
371	466
371	729
371	803
371	898
371	922
372	374
372	466
372	600
372	698
372	804
372	841
372	848
373	415
373	712
373	840
373	915
373	927
374	379
374	580
374	703
374	721
374	783
374	838
374	910
374	912
374	993
375	378
375	420
375	487
375	647
375	667
375	674
375	814
375	840
375	960
376	397
376	452
376	847
376	929
376	932
377	386
377	414
377	530
377	630
377	666
377	675
377	676
377	788
377	812
377	819
377	873
377	885
377	896
378	940
378	955
378	962
379	381
379	665
379	719
379	783
379	912
379	978
380	412
380	655
380	677
380	693
380	749
380	889
380	930
381	769
381	922
381	966
381	989
382	439
382	521
382	533
382	543
382	548
383	500
383	791
384	494
384	591
384	651
384	782
384	841
384	985
385	427
385	500
385	504
385	808
385	930
386	402
386	734
386	899
386	938
386	963
387	768
387	817
388	556
389	522
389	821
389	924
390	887
391	417
391	648
391	673
391	810
391	956
391	972
392	541
392	815
392	826
392	990
393	405
393	502
393	587
393	606
393	683
393	837
393	951
393	999
395	538
395	541
395	925
395	985
396	663
396	909
397	471
397	754
397	920
397	951
397	968
398	435
398	447
398	448
398	475
398	595
398	812
398	894
398	899
399	530
399	708
400	412
400	435
400	480
400	512
400	589
400	642
400	659
400	683
400	701
400	731
400	739
400	754
400	762
400	781
400	827
400	862
400	902
400	927
400	951
401	456
401	490
401	519
401	546
401	597
401	688
401	694
401	701
401	739
401	811
401	862
401	882
401	891
401	982
401	988
402	425
402	596
402	673
402	733
402	740
402	788
402	810
402	836
403	557
403	715
403	727
403	731
403	762
403	775
403	944
403	947
403	957
403	963
405	410
405	523
405	594
405	625
405	722
405	754
405	837
405	845
405	868
405	897
406	452
406	457
406	564
406	566
406	633
406	682
406	739
406	841
406	845
406	896
407	490
407	507
407	545
407	630
407	855
408	416
408	452
408	541
408	566
408	591
408	671
408	679
408	826
408	999
409	549
409	647
409	666
409	712
409	720
409	829
409	864
409	950
409	980
410	416
410	607
410	673
410	721
410	803
410	906
411	936
412	428
412	683
412	694
412	707
412	907
412	920
412	970
412	983
413	539
413	719
413	807
413	884
413	952
413	962
413	987
414	530
414	540
414	554
414	564
414	594
414	663
414	699
414	834
414	847
414	862
414	893
414	902
414	914
415	483
415	557
415	822
415	938
415	940
416	646
416	909
416	964
416	985
417	437
417	569
417	673
417	810
417	838
417	899
417	956
418	436
418	464
418	540
418	543
418	745
418	797
418	992
419	432
419	602
419	637
419	824
419	888
419	916
420	487
420	492
420	535
420	557
420	595
420	692
420	733
420	814
420	855
420	963
421	509
421	631
421	659
421	684
421	747
421	799
421	834
422	993
422	994
423	427
423	504
423	567
423	613
423	969
424	471
424	508
424	574
424	826
424	848
424	951
424	999
425	429
425	495
425	704
425	727
425	800
425	810
425	884
425	905
425	921
426	727
426	878
426	968
426	999
427	460
427	939
428	538
428	560
428	761
428	898
428	900
429	467
429	581
429	648
429	755
429	801
429	819
429	873
429	905
429	962
429	987
430	636
430	848
430	861
430	952
431	587
431	635
431	674
431	733
431	773
431	952
432	529
432	714
433	581
433	586
433	606
434	492
434	787
435	448
435	589
435	652
435	715
435	716
435	739
435	789
436	478
436	570
436	718
436	754
436	819
436	954
436	991
437	606
437	632
437	698
437	722
437	810
437	845
437	849
437	917
438	509
438	599
438	684
438	763
438	900
439	456
439	564
439	594
439	606
439	633
439	933
439	935
439	951
442	596
442	790
442	865
442	882
443	463
443	484
443	762
443	922
443	933
443	938
444	538
444	547
444	548
444	561
444	568
444	594
444	694
444	825
444	867
444	897
445	672
445	759
445	816
446	652
446	731
446	789
446	826
446	893
446	967
447	473
447	480
447	484
447	499
447	512
447	631
447	645
447	678
447	688
447	734
447	744
447	762
447	789
447	811
447	863
447	891
447	899
447	901
447	968
447	988
448	525
448	812
448	971
448	997
449	533
449	747
450	461
450	472
450	516
450	667
450	715
450	885
451	474
451	506
451	549
451	654
451	741
451	968
452	719
452	870
453	519
453	520
453	530
453	563
453	666
453	762
453	819
453	837
453	896
453	902
453	918
453	944
454	709
454	735
455	909
455	928
456	473
456	503
456	512
456	716
456	770
456	886
456	897
456	920
456	927
457	494
457	551
457	749
457	770
457	808
457	893
457	909
457	951
458	760
458	978
458	990
460	566
460	646
460	685
460	710
460	729
460	754
460	799
460	847
461	463
461	471
461	769
461	822
461	837
461	956
461	965
462	624
462	801
462	832
462	924
462	932
463	491
463	497
463	616
463	729
463	739
463	843
463	900
463	941
463	993
464	475
464	556
464	645
464	743
464	816
464	949
464	971
464	982
465	786
465	796
466	559
466	592
466	606
466	616
466	696
466	729
466	841
466	922
466	928
467	508
467	600
467	636
467	652
467	762
467	922
468	549
468	614
468	919
469	888
470	503
470	651
470	770
471	621
471	701
471	804
471	964
472	478
472	586
472	633
472	635
472	652
472	675
472	848
472	852
472	905
472	937
473	649
473	666
473	744
473	811
473	891
473	927
473	974
473	999
474	514
474	570
474	688
474	718
474	919
475	499
475	516
475	598
475	771
475	785
475	923
475	980
475	988
475	991
476	488
476	616
476	650
476	695
476	742
476	843
476	990
476	994
477	537
477	542
477	544
478	481
478	809
478	854
478	954
478	980
478	992
479	484
479	519
479	563
479	569
479	631
479	634
479	676
479	678
479	731
479	775
479	850
479	974
480	512
480	562
480	565
480	611
480	634
480	700
480	806
480	828
480	837
480	865
480	873
480	884
480	909
480	927
481	509
481	524
481	595
481	596
481	628
481	645
481	672
481	731
481	812
481	917
481	923
481	980
482	535
482	607
482	618
483	702
483	955
484	563
484	589
484	672
484	762
484	789
484	811
484	896
484	899
485	703
485	792
487	526
487	733
488	978
490	545
490	606
490	647
490	652
490	699
490	852
490	894
490	950
491	818
491	821
492	666
492	787
493	613
493	753
493	835
493	888
494	663
494	677
494	679
494	696
494	716
494	845
494	861
495	703
495	848
495	869
495	921
495	956
496	814
496	940
497	569
497	616
497	621
497	783
497	886
497	912
497	928
499	519
499	524
499	554
499	560
499	598
499	599
499	631
499	655
499	701
499	866
499	914
499	921
500	533
502	564
502	633
502	914
502	976
502	999
503	653
503	739
503	753
503	973
504	529
504	621
504	749
504	827
506	555
506	614
506	766
506	830
506	923
507	514
507	686
507	971
508	674
508	699
508	847
508	896
508	952
508	991
509	512
509	540
509	581
509	626
509	635
509	688
509	886
509	949
509	971
510	579
510	609
510	875
510	995
512	710
512	731
512	739
512	850
512	974
513	609
513	870
513	925
513	967
513	995
514	736
515	761
515	930
515	973
516	581
516	646
516	673
516	692
516	720
516	873
517	543
517	732
517	851
518	644
519	546
519	563
519	611
519	631
519	785
519	896
520	702
520	715
520	822
520	873
521	556
521	680
522	702
522	703
523	770
523	815
523	827
523	925
524	549
524	583
524	596
524	597
524	614
524	618
524	704
524	741
524	773
524	785
524	855
524	975
524	980
525	563
525	570
525	676
525	717
525	790
525	914
525	918
525	944
526	706
526	715
526	723
527	609
527	706
527	719
527	884
527	947
529	553
529	708
529	824
529	909
530	568
530	727
530	754
530	804
530	844
530	867
530	876
530	886
530	921
530	949
530	968
531	926
532	544
532	579
532	769
532	800
532	821
532	910
533	797
533	898
533	983
534	626
534	746
534	750
535	565
535	704
535	726
535	819
535	901
535	963
537	607
538	655
538	677
538	746
538	849
538	994
539	550
539	869
540	545
540	625
540	849
540	957
540	983
541	580
543	903
545	563
545	599
545	628
545	642
545	666
545	822
545	872
545	896
545	923
545	970
545	980
546	563
546	598
546	619
546	717
546	781
546	785
547	761
547	867
547	900
547	949
547	998
548	686
548	971
548	982
548	999
549	654
550	831
550	959
551	586
551	590
551	613
551	925
552	709
552	795
552	948
552	973
553	909
553	964
553	985
554	594
554	920
554	971
555	596
555	614
555	641
555	772
555	784
555	834
555	872
557	860
557	863
557	917
558	627
558	813
558	932
558	962
559	655
559	716
559	754
559	797
559	900
559	935
560	570
560	686
560	752
561	746
561	898
562	674
562	702
562	801
562	852
562	952
563	599
563	614
563	681
563	713
563	771
563	781
563	784
563	975
564	594
564	683
564	701
564	746
564	754
564	834
564	849
564	889
564	949
564	966
564	974
565	586
565	606
565	666
565	701
565	762
565	899
565	927
565	938
565	994
566	623
566	760
566	762
566	803
566	841
566	967
566	985
566	993
567	653
567	671
567	799
567	957
568	868
568	886
569	574
569	675
569	845
569	848
569	883
569	921
570	588
570	766
570	858
570	918
571	654
571	945
572	653
572	708
572	743
572	763
572	849
572	998
573	787
574	773
574	873
574	915
575	600
575	720
575	884
575	905
575	941
575	963
576	794
577	848
577	884
577	905
577	906
577	929
578	806
578	810
578	848
578	904
578	956
578	963
579	989
580	760
580	848
580	993
581	587
581	678
581	704
581	711
581	905
581	923
581	938
581	955
581	966
583	798
583	899
584	609
584	679
584	912
585	674
585	713
585	827
585	914
585	933
585	976
586	635
586	822
586	884
586	938
586	987
587	632
587	672
587	917
587	941
587	999
588	689
588	851
588	865
588	997
589	699
589	781
589	907
589	918
589	921
589	961
590	651
590	671
590	696
590	729
590	804
590	815
590	985
590	994
591	990
592	924
593	657
593	711
593	789
593	885
593	945
594	633
594	645
594	693
594	699
594	713
594	762
594	834
594	849
594	886
594	920
594	968
594	998
595	628
595	741
595	744
595	755
595	775
595	823
595	834
596	614
596	631
596	676
596	694
596	711
596	819
596	866
596	918
596	974
596	976
596	991
597	781
597	823
597	829
597	867
597	923
597	971
597	974
597	991
598	672
598	771
598	819
598	844
598	851
599	659
599	690
599	886
599	891
599	914
600	675
600	712
600	848
600	955
601	645
602	615
602	799
603	845
604	720
604	813
604	917
606	635
606	696
606	706
606	713
606	727
606	744
606	762
606	927
607	636
607	807
607	904
607	962
609	627
609	793
609	912
610	857
610	977
611	621
611	625
611	626
611	653
611	659
611	661
611	683
611	701
611	708
611	722
611	754
611	890
611	907
611	914
611	921
611	991
611	999
612	636
612	793
612	807
612	810
612	883
612	905
614	666
614	741
614	774
614	809
614	854
614	954
615	625
615	663
615	673
615	690
616	778
616	779
616	786
616	826
616	924
616	941
618	915
618	942
619	666
619	863
620	697
620	724
621	626
621	632
621	698
623	721
624	768
625	862
625	949
625	970
625	998
626	713
626	893
626	907
626	958
627	813
627	995
628	896
628	954
629	695
629	870
631	649
631	698
631	744
631	789
631	828
631	866
631	891
632	682
632	739
632	876
632	886
632	998
633	640
633	739
633	866
633	886
633	914
633	933
633	976
633	998
634	658
634	676
634	773
634	829
634	891
634	952
635	666
635	809
635	819
635	822
635	840
635	873
635	927
636	787
636	801
636	878
637	973
638	726
638	768
638	792
638	813
638	910
640	776
640	889
642	704
642	727
642	731
642	819
642	968
642	975
643	682
643	925
643	935
644	856
644	926
645	655
645	897
645	920
646	808
646	841
646	874
646	886
646	893
647	830
647	872
649	659
649	677
649	701
649	713
649	717
649	754
649	772
649	971
649	982
650	695
651	682
651	757
651	847
651	967
652	698
652	734
652	876
652	944
654	657
654	741
654	802
654	954
655	825
655	935
656	759
657	882
658	775
658	823
658	915
659	672
659	683
659	713
659	781
659	851
659	997
661	713
661	716
661	739
661	811
661	876
661	951
661	958
661	976
661	998
662	805
663	839
663	925
664	932
665	978
666	681
666	689
666	727
666	773
666	784
666	828
666	886
666	896
666	938
667	712
667	962
668	679
668	685
668	749
668	799
668	933
670	792
672	681
672	785
672	811
672	844
672	896
672	980
673	682
673	810
673	818
673	837
673	876
673	899
673	999
674	704
674	905
674	952
674	965
675	727
675	836
675	847
675	852
675	927
675	965
676	772
676	822
676	844
676	866
676	872
677	708
677	750
677	862
677	874
677	907
678	681
678	700
678	834
679	722
679	868
680	697
680	743
680	745
680	797
680	833
681	698
681	739
681	867
681	907
681	918
681	999
682	698
682	799
682	804
682	810
682	815
682	839
682	874
682	966
682	985
683	898
683	900
684	696
684	825
684	850
684	957
685	749
685	868
685	957
685	998
686	851
686	901
686	918
686	980
687	830
688	754
688	811
688	971
689	785
689	982
689	997
690	697
691	714
692	704
692	836
692	840
692	863
693	808
693	907
693	935
693	943
693	957
693	998
694	844
694	983
695	740
695	779
695	876
695	925
696	716
696	806
696	847
696	889
697	763
697	930
697	958
698	811
698	868
698	893
698	897
698	918
699	744
699	893
699	920
699	971
699	983
699	992
700	885
701	731
701	745
701	811
701	971
702	901
702	940
703	719
703	721
703	737
704	734
704	852
704	883
704	905
706	733
706	801
706	955
706	959
706	986
707	761
707	874
708	716
708	797
709	939
710	808
711	860
711	901
712	940
713	747
713	754
713	951
713	998
714	925
714	969
715	789
715	831
715	836
715	938
716	722
716	754
716	837
716	914
717	718
717	829
717	971
717	983
719	779
719	883
719	967
720	801
720	864
720	932
721	769
721	818
721	921
722	739
722	837
722	958
723	756
724	880
726	801
726	922
726	932
726	986
727	762
727	789
727	862
727	886
727	905
729	803
729	861
729	918
729	938
729	966
731	806
731	980
732	903
733	814
733	879
733	917
734	737
734	788
734	941
737	932
737	941
738	995
739	754
739	868
739	933
740	769
740	788
740	966
741	809
741	885
741	892
742	760
742	912
743	797
743	867
744	862
744	902
745	998
746	897
746	935
747	850
747	882
747	983
748	816
748	895
749	886
749	964
751	919
752	823
752	863
752	971
752	997
754	785
754	834
754	867
754	886
754	920
754	930
754	939
754	975
755	944
755	980
756	822
756	832
759	833
760	934
761	777
761	825
761	871
761	874
761	880
762	789
762	834
762	893
762	914
762	918
762	961
762	970
763	780
763	961
765	833
766	798
766	997
767	817
767	843
767	934
768	788
769	779
770	900
771	923
771	954
771	975
771	980
772	867
772	901
773	775
773	819
773	828
773	844
773	896
773	914
773	950
773	963
773	975
774	885
775	784
775	812
775	823
775	902
775	920
776	824
778	815
778	856
778	990
778	994
779	783
779	821
779	967
779	990
780	977
781	844
781	918
781	988
782	793
783	821
783	912
783	929
783	955
784	812
784	872
784	923
784	954
785	944
785	954
788	864
788	906
789	837
789	847
789	884
789	970
790	865
790	923
791	979
792	832
797	857
797	911
797	970
797	977
799	849
800	995
801	807
801	905
803	839
803	841
804	815
804	839
804	994
806	838
806	874
806	999
807	932
807	941
808	935
808	976
808	982
809	863
809	872
809	882
809	927
810	878
810	941
810	951
810	956
810	972
811	849
811	897
811	971
811	983
812	819
812	829
812	883
812	891
812	918
812	923
814	905
814	940
814	962
815	935
815	994
818	978
819	829
819	927
819	972
819	974
821	848
822	915
822	938
822	945
823	836
823	883
825	871
825	890
825	957
826	978
826	993
827	893
827	897
827	900
827	920
827	957
828	975
829	848
829	862
829	885
829	927
834	949
836	860
836	863
836	896
836	944
837	899
837	944
837	951
837	999
838	941
838	962
838	963
839	843
839	929
839	993
840	987
842	934
843	929
843	967
844	864
844	905
844	938
844	954
844	956
844	961
845	886
845	970
847	883
847	963
847	968
847	999
848	868
848	938
849	897
849	899
849	951
849	976
850	914
855	972
856	893
859	959
860	878
861	949
861	968
862	866
862	914
862	918
863	917
863	972
864	950
866	971
867	868
867	914
869	884
871	981
874	900
874	976
874	998
876	886
876	998
876	999
878	884
878	921
878	922
878	947
878	968
880	890
883	884
883	894
883	905
884	905
884	932
885	901
885	923
886	949
886	998
888	916
888	964
889	970
891	971
893	951
894	915
894	923
894	972
896	902
896	920
896	927
896	944
901	923
902	952
904	942
904	955
905	952
906	921
906	947
906	987
907	927
907	958
907	976
909	985
912	956
912	966
912	994
914	956
914	988
915	923
922	965
923	944
923	958
924	929
924	941
924	989
925	994
927	974
928	939
928	943
929	952
929	967
930	981
934	964
935	939
935	998
938	944
939	943
940	975
941	987
943	948
943	973
946	983
949	951
949	981
949	982
950	980
951	963
951	988
958	961
962	963
976	982
978	989
985	993
985	994
988	991
