0	136
0	190
0	654
0	717
0	766
0	848
1	37
1	43
1	59
1	116
1	270
1	274
1	289
1	416
1	538
1	557
1	698
1	699
1	870
1	942
1	950
1	974
2	371
2	748
3	154
3	312
3	492
3	557
3	655
3	674
3	789
3	790
3	990
4	6
4	423
4	842
5	34
5	67
5	118
5	129
5	183
5	238
5	242
5	279
5	304
5	317
5	324
5	335
5	345
5	383
5	422
5	532
5	544
5	669
5	750
5	780
5	811
5	828
5	840
5	845
5	942
6	176
6	212
6	286
6	356
6	530
6	569
6	579
6	895
7	288
7	310
7	446
7	486
7	607
7	624
7	747
7	789
7	790
7	825
7	854
7	855
7	926
8	31
8	57
8	72
8	215
8	499
8	706
8	970
9	40
9	108
9	113
9	161
9	240
9	287
9	365
9	388
9	432
9	511
9	555
9	574
9	575
9	599
9	635
9	760
9	925
9	948
9	964
9	991
10	507
10	662
10	710
10	922
11	628
11	770
12	71
12	236
12	281
12	375
12	401
12	433
12	578
12	602
12	781
12	806
13	32
13	430
13	436
13	573
13	580
13	607
13	771
13	864
13	895
13	987
14	15
14	80
14	140
14	189
14	258
14	289
14	368
14	538
14	542
14	563
14	602
14	713
14	792
14	853
14	889
14	892
14	996
15	27
15	66
15	73
15	166
15	227
15	243
15	298
15	410
15	475
15	495
15	514
15	583
15	702
15	773
15	810
15	827
15	858
15	880
15	885
15	895
15	926
16	110
17	120
17	800
18	285
18	297
18	386
18	415
18	965
19	277
19	963
20	34
20	67
20	80
20	171
20	219
20	319
20	335
20	374
20	417
20	428
20	444
20	553
20	586
20	604
20	702
20	819
20	821
20	914
20	919
20	932
21	28
21	255
21	458
21	714
21	819
21	980
22	382
22	532
22	640
22	757
22	840
22	965
23	83
23	150
23	202
23	228
23	322
23	495
23	612
23	651
23	654
23	781
23	805
23	818
23	931
25	518
25	981
26	35
26	80
26	232
26	298
26	416
26	495
26	535
26	538
26	588
26	695
26	733
26	821
26	847
26	868
26	976
26	996
27	72
27	167
27	228
27	413
27	547
27	706
27	898
28	188
28	333
28	388
28	754
28	980
29	78
29	89
29	216
29	232
29	265
29	303
29	357
29	407
29	438
29	489
29	699
29	731
29	805
29	830
29	885
29	908
30	788
30	949
31	35
31	149
31	169
31	230
31	357
31	410
31	439
31	492
31	499
31	520
31	521
31	679
31	839
31	885
31	990
32	148
32	455
32	497
32	675
32	740
32	876
32	891
32	935
32	954
33	169
33	194
33	218
33	219
33	288
33	310
33	381
33	435
33	448
33	493
33	557
33	583
33	588
33	647
33	789
33	798
33	849
33	859
33	861
33	991
34	37
34	67
34	108
34	129
34	276
34	295
34	435
34	475
34	555
34	561
34	576
34	676
34	690
34	896
34	917
34	932
34	939
35	62
35	73
35	78
35	166
35	274
35	330
35	485
35	523
35	535
35	568
35	598
35	739
35	773
35	825
35	951
36	63
36	274
36	298
36	396
36	495
36	614
36	719
36	803
37	186
37	248
37	260
37	285
37	353
37	374
37	400
37	445
37	621
37	633
37	660
37	744
37	762
37	768
37	807
37	850
39	40
39	49
39	72
39	74
39	182
39	188
39	194
39	272
39	276
39	282
39	343
39	406
39	442
39	480
39	534
39	586
39	609
39	627
39	684
39	719
39	845
39	873
39	919
39	937
39	974
40	53
40	113
40	239
40	306
40	324
40	353
40	388
40	412
40	414
40	511
40	564
40	586
40	627
40	648
40	770
40	777
40	828
40	830
40	840
40	974
42	126
42	351
42	831
43	67
43	173
43	188
43	392
43	417
43	421
43	475
43	533
43	598
43	599
43	678
43	733
43	782
43	793
43	820
43	845
43	849
43	859
43	896
43	919
43	923
44	129
44	195
44	287
44	339
44	428
44	530
44	536
44	617
44	871
44	879
44	929
44	962
45	247
45	249
45	853
46	125
46	340
46	362
46	469
46	515
46	569
46	594
46	693
46	787
46	958
46	962
47	103
47	124
47	368
47	456
47	468
47	548
47	713
47	719
47	889
48	86
49	70
49	87
49	146
49	182
49	194
49	289
49	335
49	345
49	351
49	501
49	561
49	656
49	799
49	925
49	996
50	142
51	176
51	229
51	709
51	715
51	737
51	765
51	953
51	975
52	53
52	474
52	672
52	831
53	168
53	197
53	368
53	406
53	469
53	585
53	673
53	694
53	715
53	728
53	823
53	836
53	917
53	920
53	944
54	135
55	97
55	141
55	148
55	172
55	181
55	186
55	268
55	324
55	345
55	510
55	524
55	638
55	700
55	768
55	785
55	911
55	932
56	296
56	426
56	514
56	901
57	65
57	82
57	138
57	149
57	223
57	228
57	309
57	320
57	430
57	496
57	540
57	568
57	612
57	632
57	646
57	776
57	907
59	152
59	215
59	267
59	345
59	522
59	544
59	547
59	785
59	789
59	809
59	825
59	926
59	939
59	945
60	327
60	474
60	836
60	947
61	218
61	317
61	680
61	928
61	930
62	149
62	151
62	194
62	257
62	289
62	311
62	359
62	387
62	489
62	563
62	679
62	804
62	880
63	83
63	141
63	274
63	343
63	544
63	549
63	586
63	598
63	634
63	675
63	807
63	832
63	845
63	914
63	951
64	372
64	402
65	173
65	396
65	489
65	523
65	545
65	590
65	612
65	630
65	692
65	803
65	810
65	818
65	847
65	884
65	889
65	892
65	926
65	937
65	957
65	978
66	145
66	162
66	470
66	619
66	645
66	731
66	798
66	805
66	872
66	907
66	935
67	72
67	95
67	182
67	196
67	202
67	241
67	271
67	349
67	412
67	539
67	576
67	609
67	617
67	631
67	752
67	807
67	812
67	820
67	828
67	852
67	918
67	931
68	354
68	401
68	487
68	608
69	78
69	95
69	140
69	168
69	187
69	378
69	443
69	534
69	579
69	586
69	676
69	708
69	778
69	807
69	809
69	873
69	920
69	932
70	105
70	146
70	189
70	330
70	406
70	417
70	498
70	538
70	660
70	919
71	372
71	413
71	971
72	97
72	144
72	169
72	173
72	183
72	359
72	446
72	508
72	679
72	843
72	868
72	956
72	976
73	149
73	173
73	232
73	257
73	311
73	392
73	396
73	420
73	455
73	538
73	739
73	804
73	821
73	825
73	855
73	880
73	931
73	950
73	961
74	77
74	80
74	282
74	295
74	304
74	347
74	373
74	406
74	475
74	609
74	627
74	631
74	688
74	761
74	812
74	931
74	941
74	964
75	283
75	473
75	905
75	986
76	307
76	893
76	901
77	83
77	242
77	322
77	364
77	373
77	417
77	547
77	576
77	753
77	763
77	951
77	996
78	227
78	231
78	320
78	504
78	508
78	529
78	580
78	630
78	656
78	804
78	885
78	983
79	229
79	614
79	652
79	672
79	727
79	778
79	831
79	881
79	960
80	84
80	116
80	129
80	186
80	294
80	347
80	422
80	435
80	501
80	550
80	618
80	738
80	750
80	859
80	888
80	945
81	195
81	251
81	361
81	395
81	451
81	454
81	689
81	716
81	734
81	928
82	98
82	182
82	216
82	246
82	401
82	482
82	489
82	499
82	630
82	798
82	839
82	843
82	864
82	892
83	134
83	202
83	330
83	349
83	420
83	482
83	549
83	648
83	676
83	688
83	770
84	205
84	217
84	363
84	425
84	479
84	488
84	794
84	812
84	821
84	822
84	888
84	891
84	902
85	205
85	273
85	743
85	849
85	879
86	301
86	709
86	727
86	732
87	94
87	124
87	150
87	242
87	257
87	274
87	322
87	369
87	438
87	446
87	517
87	651
87	763
87	770
87	996
88	207
88	329
88	350
88	368
88	443
88	628
88	727
88	870
89	180
89	323
89	334
89	392
89	486
89	519
89	520
89	565
89	624
89	645
89	872
89	891
89	935
89	990
90	288
90	332
90	404
90	424
90	581
90	592
90	927
91	152
91	309
91	420
91	516
91	535
91	624
91	804
91	854
91	868
91	885
91	923
92	578
92	712
93	560
93	646
94	489
94	498
94	538
94	549
94	598
94	631
94	638
94	812
94	825
94	846
94	858
94	886
94	911
94	912
94	984
95	112
95	214
95	217
95	219
95	324
95	331
95	335
95	363
95	553
95	586
95	721
95	799
95	896
95	911
95	991
96	275
96	479
96	588
96	744
96	922
96	927
97	166
97	169
97	224
97	230
97	308
97	359
97	466
97	488
97	510
97	535
97	540
97	645
97	655
97	731
97	740
97	747
97	767
97	780
97	907
97	983
98	243
98	426
98	625
98	632
98	846
98	906
99	396
99	401
99	417
99	598
99	642
99	647
99	654
99	658
99	659
99	739
99	873
99	925
100	253
100	272
100	351
100	354
100	485
100	505
100	531
100	547
100	704
100	706
100	829
100	836
100	882
100	971
101	156
101	165
101	201
101	273
101	353
101	577
101	594
101	871
102	168
102	180
102	554
102	586
102	609
102	732
102	754
102	774
102	778
102	809
102	857
102	884
103	247
103	249
103	274
103	637
103	646
103	940
103	972
104	670
105	130
105	218
105	222
105	784
105	814
105	985
106	221
106	332
106	527
107	776
107	946
107	986
108	168
108	187
108	192
108	393
108	412
108	575
108	585
108	649
108	807
108	991
109	136
109	413
109	847
109	890
109	905
110	500
110	570
110	861
110	938
111	640
111	710
111	927
111	928
112	182
112	267
112	304
112	373
112	383
112	400
112	550
112	680
112	722
112	739
112	760
112	762
112	884
112	919
112	964
112	974
113	129
113	362
113	458
113	605
113	609
113	635
113	669
113	685
113	749
113	922
113	929
113	953
114	131
114	447
115	634
115	715
115	795
115	929
116	180
116	214
116	219
116	251
116	304
116	422
116	453
116	457
116	549
117	595
117	837
118	180
118	195
118	242
118	356
118	409
118	431
118	469
118	510
118	564
118	796
118	811
118	887
119	153
119	187
119	305
119	468
119	695
119	722
119	916
119	917
120	138
120	284
120	878
122	134
122	187
122	206
122	234
122	305
122	377
122	533
122	576
122	587
122	591
122	605
122	635
122	777
122	932
123	610
124	236
124	452
124	531
124	602
124	663
124	847
124	858
124	979
125	176
125	208
125	382
125	409
125	734
125	833
126	554
127	169
127	172
127	296
127	310
127	463
127	507
127	558
127	647
127	679
127	692
127	786
127	827
127	830
127	855
127	872
127	931
127	983
128	765
128	969
129	300
129	365
129	374
129	425
129	564
129	576
129	600
129	828
129	850
129	852
130	146
130	230
130	352
130	383
130	533
130	651
130	656
130	696
130	721
130	726
130	810
130	873
130	891
130	925
130	931
130	996
131	632
131	674
131	901
132	138
132	158
132	174
132	224
132	231
132	312
132	321
132	410
132	476
132	565
132	860
132	885
132	898
132	936
133	312
133	457
133	476
133	515
133	690
133	767
133	877
133	922
133	938
134	378
134	480
134	501
134	505
134	576
134	605
134	606
134	611
134	712
134	832
134	913
134	974
135	281
135	835
136	182
136	563
136	668
136	725
136	899
137	278
137	297
137	554
137	633
137	714
137	857
138	223
138	224
138	367
138	568
138	898
138	901
139	141
139	186
139	196
139	217
139	252
139	306
139	374
139	528
139	533
139	600
139	739
139	745
139	780
139	886
139	914
139	950
140	187
140	206
140	322
140	400
140	406
140	549
140	585
140	621
140	713
140	733
140	751
140	763
140	770
140	793
140	820
140	943
140	964
141	171
141	188
141	260
141	267
141	297
141	343
141	416
141	571
141	598
141	633
141	762
141	828
141	886
141	942
141	948
141	951
142	339
142	408
142	597
142	865
143	565
143	742
144	267
144	293
144	419
144	457
144	567
144	574
144	678
144	680
144	744
144	811
145	183
145	186
145	215
145	294
145	407
145	438
145	550
145	583
145	588
145	696
145	741
145	827
145	846
145	849
145	900
145	990
146	289
146	311
146	338
146	475
146	513
146	695
146	896
146	939
146	976
147	273
147	306
147	415
147	562
147	594
147	640
147	693
147	999
148	222
148	245
148	588
148	705
148	856
149	274
149	289
149	359
149	438
149	489
149	508
149	514
149	540
149	679
149	731
149	810
149	839
149	937
150	250
150	442
150	634
150	656
150	682
150	684
150	688
150	753
150	766
150	858
150	873
150	882
150	941
151	699
152	216
152	598
152	702
152	740
152	889
152	956
152	957
153	809
154	171
154	265
154	294
154	349
154	392
154	428
154	452
154	482
154	493
154	781
154	828
154	845
154	919
154	974
155	309
155	369
155	637
155	668
155	713
155	781
156	427
156	749
156	897
156	915
157	207
157	282
157	316
157	585
157	604
157	617
157	628
157	717
157	947
158	216
158	496
158	508
158	630
158	923
158	936
159	620
160	562
160	817
160	897
161	425
161	450
161	511
161	539
161	599
161	649
161	738
161	819
162	476
162	504
162	540
162	644
162	645
162	718
162	731
162	957
162	983
163	178
165	191
165	238
165	319
165	458
165	574
165	587
165	738
165	793
166	216
166	231
166	303
166	320
166	413
166	466
166	504
166	525
166	854
166	895
166	937
167	430
167	516
167	523
167	805
167	880
167	970
168	185
168	192
168	225
168	443
168	452
168	534
168	659
168	913
168	929
169	227
169	230
169	245
169	334
169	357
169	392
169	407
169	529
169	747
169	895
169	907
169	954
169	956
169	978
169	983
169	997
170	182
170	322
170	406
170	433
170	530
170	538
170	542
170	657
170	658
170	820
170	879
170	914
170	925
170	964
170	991
171	173
171	238
171	287
171	311
171	345
171	436
171	501
171	575
171	587
171	634
171	782
171	846
172	215
172	230
172	235
172	251
172	308
172	328
172	344
172	357
172	363
172	397
172	466
172	486
172	504
172	510
172	529
172	565
172	624
172	790
172	891
173	182
173	219
173	369
173	421
173	446
173	475
173	482
173	501
173	523
173	538
173	557
173	568
173	598
173	727
173	858
173	874
173	884
173	950
174	367
174	396
174	426
174	472
174	513
174	559
174	590
174	644
174	726
174	880
176	278
176	532
176	603
176	681
176	754
176	757
176	879
176	929
177	233
177	494
177	639
178	273
178	280
178	339
178	743
178	922
179	577
179	768
180	340
180	693
180	918
181	217
181	242
181	267
181	295
181	328
181	520
181	558
181	574
181	588
181	647
181	676
181	707
181	721
181	747
181	764
181	785
181	790
181	824
182	270
182	294
182	540
182	542
182	684
182	760
182	834
182	873
182	933
182	978
183	352
183	520
183	664
183	691
183	692
183	698
183	707
183	718
183	723
183	786
183	803
184	187
184	251
184	315
184	395
184	462
184	644
184	678
184	700
184	707
184	710
184	861
185	295
185	443
185	548
185	609
185	629
185	657
185	660
185	733
185	753
185	858
185	920
185	941
185	955
185	957
185	991
186	188
186	217
186	242
186	324
186	373
186	393
186	450
186	469
186	479
186	506
186	553
186	558
186	617
186	638
186	686
186	750
186	780
186	782
186	850
187	242
187	336
187	604
187	609
187	753
187	761
187	793
187	807
187	840
187	845
188	206
188	214
188	304
188	383
188	469
188	586
188	682
188	749
188	777
188	785
188	793
188	808
188	978
189	330
189	396
189	566
189	585
189	598
189	647
189	740
189	766
189	773
189	792
189	803
189	847
189	996
190	225
190	305
190	443
190	522
190	534
190	684
190	715
190	840
190	913
191	405
191	412
191	432
191	458
191	605
191	688
191	738
191	840
191	852
192	206
192	234
192	240
192	343
192	534
192	727
192	916
194	206
194	232
194	446
194	505
194	549
194	733
194	951
195	205
195	264
195	339
195	419
195	577
195	700
195	734
195	783
195	793
195	867
195	993
196	215
196	345
196	435
196	442
196	574
196	675
196	701
196	785
196	850
197	240
197	254
197	289
197	343
197	347
197	452
197	456
197	505
197	614
197	633
197	642
197	719
197	917
198	286
198	393
198	406
198	532
198	569
198	579
198	617
198	685
198	738
198	879
199	437
199	772
200	408
200	537
201	306
201	613
201	697
202	359
202	417
202	505
202	566
202	658
202	682
202	741
202	818
202	960
204	206
204	225
204	350
204	443
204	536
204	576
204	614
204	836
204	862
205	241
205	260
205	287
205	409
205	428
205	536
205	690
205	922
206	276
206	343
206	378
206	585
206	642
206	676
206	751
206	809
206	836
206	913
206	914
206	974
206	991
207	304
207	365
207	591
207	627
207	684
207	713
207	715
207	763
207	778
207	795
207	836
208	808
209	798
209	931
210	330
210	443
210	505
210	548
210	751
212	256
212	286
212	554
212	840
213	323
213	519
213	690
213	700
213	711
213	746
213	784
213	985
214	260
214	324
214	365
214	407
214	450
214	528
214	555
214	564
214	576
214	577
214	750
214	761
214	807
214	852
214	887
214	919
215	298
215	436
215	463
215	493
215	513
215	522
215	624
215	645
215	664
215	692
215	703
215	827
215	876
216	231
216	308
216	878
216	923
217	324
217	326
217	346
217	422
217	435
217	436
217	445
217	558
217	586
217	750
217	821
217	840
217	938
218	222
218	326
218	454
218	567
218	592
219	272
219	324
219	431
219	444
219	600
219	644
219	660
219	675
219	728
219	733
219	761
219	782
219	785
219	896
219	919
219	961
219	964
222	251
222	331
222	332
222	592
222	798
223	318
223	632
223	699
223	839
223	901
224	321
224	466
224	496
224	507
224	525
224	535
224	619
224	663
224	667
224	786
224	880
224	978
225	240
225	373
225	377
225	474
225	727
225	778
225	783
225	795
227	243
227	359
227	513
227	855
227	912
228	253
228	307
228	433
228	566
228	970
229	511
229	648
229	649
229	778
230	313
230	508
230	516
230	568
230	630
230	692
230	885
230	895
230	926
230	936
231	330
231	357
231	463
231	508
231	619
231	764
231	872
231	907
231	990
232	416
232	485
232	493
232	522
232	568
232	699
232	726
232	892
234	240
234	322
234	336
234	452
234	468
234	676
234	763
234	870
234	913
234	943
234	961
235	320
235	488
235	547
235	773
235	899
235	904
236	274
236	792
236	853
236	890
237	306
237	339
237	415
237	419
237	453
237	455
237	501
237	524
237	606
238	260
238	267
238	287
238	295
238	406
238	431
238	432
238	445
238	469
238	479
238	561
238	604
238	669
238	760
238	840
238	914
238	957
239	287
239	412
239	414
239	618
239	836
239	948
239	995
240	336
240	458
240	511
240	538
240	549
240	564
240	657
240	722
240	728
240	795
241	248
241	295
241	365
241	469
241	507
241	533
241	549
241	576
241	678
241	708
241	729
241	752
241	902
241	928
242	267
242	279
242	335
242	345
242	362
242	416
242	435
242	442
242	510
242	544
242	550
242	605
242	606
242	751
242	782
242	822
242	828
242	859
243	289
243	525
243	779
243	815
243	898
244	292
244	316
244	452
244	596
244	654
244	905
244	921
245	259
245	509
245	619
245	696
245	784
245	867
246	293
246	449
246	641
246	802
248	400
248	423
248	453
248	716
248	745
248	762
248	811
248	887
248	984
250	256
250	338
250	377
250	409
250	437
250	438
250	605
250	722
250	840
250	863
250	919
251	332
251	358
251	479
251	507
251	689
251	700
251	922
251	964
252	363
252	588
252	690
252	716
253	348
253	375
253	608
253	625
253	637
253	753
254	270
254	390
254	443
254	554
254	614
254	654
254	659
254	756
254	791
254	816
255	385
255	616
256	385
256	554
256	681
256	857
256	881
257	311
257	411
257	542
257	566
257	625
257	644
257	858
257	896
257	907
257	990
258	316
258	322
258	401
258	960
259	330
259	418
259	565
259	592
259	638
259	710
259	740
259	861
260	362
260	528
260	529
260	561
260	575
260	586
260	609
260	669
260	729
260	738
260	749
260	777
260	811
260	877
260	886
260	942
260	948
262	578
262	848
263	358
263	361
263	588
263	638
263	784
263	785
263	884
264	331
264	700
264	743
264	790
264	841
265	294
265	311
265	322
265	352
265	482
265	539
265	676
265	695
265	712
265	717
265	750
265	931
265	933
266	486
266	499
266	513
266	545
266	656
266	854
266	880
266	885
266	943
267	304
267	750
267	789
267	850
267	914
267	931
267	942
267	945
268	356
268	425
268	515
268	528
268	609
268	618
268	808
268	911
269	570
269	584
269	963
270	374
270	381
270	482
270	501
270	535
270	538
270	553
270	575
270	629
270	711
270	782
270	807
270	847
270	902
270	925
270	937
270	951
270	961
270	976
271	274
271	349
271	406
271	579
271	593
271	634
271	647
271	760
271	809
271	845
271	874
271	919
271	990
272	351
272	383
272	417
272	421
272	495
272	549
272	862
272	913
272	933
272	941
272	971
272	997
273	331
273	477
273	594
273	994
274	282
274	289
274	352
274	482
274	545
274	609
274	617
274	629
274	682
274	684
274	688
274	712
274	807
274	941
275	289
275	527
275	581
275	784
275	832
275	927
275	988
276	282
276	378
276	591
276	658
276	795
276	809
276	896
276	909
276	951
278	554
278	819
278	863
278	944
278	980
279	304
279	374
279	421
279	522
279	561
279	635
279	676
279	751
279	828
279	886
279	896
279	919
279	945
280	697
281	713
281	829
281	837
281	979
282	406
282	544
282	575
282	591
282	609
282	624
282	627
282	638
282	780
282	862
282	931
282	943
283	578
283	986
284	725
284	806
285	324
285	412
285	428
285	599
285	675
285	678
285	738
285	785
285	914
286	385
286	414
286	428
286	435
286	579
286	591
286	863
286	867
286	879
286	977
286	984
287	345
287	431
287	432
287	528
287	555
287	561
287	591
287	609
287	729
287	745
287	749
287	752
287	932
287	962
288	314
288	463
288	721
288	775
289	352
289	575
289	629
289	648
289	653
289	658
289	741
289	832
289	951
289	956
290	641
292	322
292	352
292	489
292	590
292	608
292	653
292	723
293	312
293	342
293	565
293	686
293	691
293	707
293	966
294	335
294	349
294	352
294	544
294	549
294	627
294	712
294	799
294	821
294	822
294	914
294	919
294	925
294	964
295	347
295	419
295	536
295	674
295	741
295	743
295	777
295	782
295	913
295	948
295	961
296	307
296	389
296	560
296	735
296	851
296	992
297	548
297	551
297	554
297	758
297	765
298	310
298	396
298	498
298	501
298	590
298	637
298	679
298	706
298	834
298	847
298	950
298	974
298	978
298	996
299	415
299	437
299	510
299	511
299	518
299	551
299	635
300	393
300	450
300	549
301	541
301	548
301	715
301	774
301	918
301	947
301	952
301	995
302	371
302	619
303	387
303	420
303	485
303	531
303	895
303	978
304	536
304	555
304	747
304	760
304	793
304	825
304	859
305	343
305	443
305	452
305	505
305	651
305	668
305	831
305	836
305	870
306	319
306	564
306	606
306	690
306	708
306	762
306	782
306	796
306	811
306	984
307	434
308	352
308	357
308	463
308	525
308	605
308	644
308	698
308	702
308	740
308	907
308	926
308	978
308	997
309	430
309	523
309	542
309	545
309	624
309	725
309	764
309	885
309	908
310	436
310	544
310	561
310	607
310	644
310	656
310	692
310	698
310	712
310	739
310	763
310	789
310	858
310	912
310	976
310	993
311	345
311	361
311	387
311	416
311	571
311	651
311	682
311	799
311	832
311	843
311	892
311	978
312	334
312	655
312	658
312	790
312	935
313	455
313	488
313	645
313	689
313	703
313	707
313	935
313	954
313	990
314	550
314	598
314	644
314	726
314	731
314	786
314	860
315	331
315	457
315	490
315	783
316	480
316	517
316	654
316	706
316	713
316	725
316	781
316	917
317	361
317	395
317	424
317	435
317	462
317	558
317	577
317	689
317	700
317	703
317	705
317	860
317	867
318	496
318	630
318	646
318	776
318	986
319	356
319	428
319	620
319	622
319	749
319	754
319	795
319	873
319	894
319	962
320	396
320	499
320	525
320	535
320	563
320	568
320	864
320	885
321	410
321	439
321	497
321	624
321	655
321	898
321	935
322	368
322	390
322	733
322	770
322	807
322	820
322	873
322	886
322	974
323	949
323	985
324	510
324	528
324	553
324	591
324	598
324	648
324	653
324	675
324	696
324	701
324	884
324	896
324	904
324	919
324	942
324	945
325	693
326	346
326	570
326	746
326	938
327	576
327	605
327	722
327	778
327	953
327	980
328	471
328	476
328	701
328	931
329	548
330	421
330	549
330	605
330	627
330	629
330	635
330	676
330	763
330	913
331	362
331	424
331	475
331	506
331	600
331	690
331	701
331	796
331	942
332	705
332	780
332	798
332	841
332	856
333	623
333	977
334	457
334	499
334	513
334	997
335	347
335	507
335	539
335	556
335	583
335	618
335	627
335	675
335	719
335	751
335	803
335	832
335	846
335	896
335	951
336	534
336	585
336	756
336	836
337	853
338	502
338	554
338	852
338	863
338	879
338	894
338	962
338	984
339	601
339	618
339	796
339	871
339	993
340	419
340	506
340	518
340	755
340	833
340	894
342	465
343	458
343	586
343	651
343	658
343	717
343	751
343	774
343	807
343	836
343	881
343	943
344	360
344	471
344	497
345	359
345	425
345	522
345	550
345	598
345	644
345	780
345	850
345	868
345	964
346	438
346	794
346	985
347	393
347	466
347	571
347	576
347	738
347	761
347	828
347	852
347	964
347	984
348	628
348	712
348	741
349	369
349	417
349	452
349	466
349	676
349	695
349	832
349	868
349	874
349	925
349	933
349	951
349	991
350	673
350	813
350	955
350	974
351	352
351	475
351	482
351	538
351	549
351	706
351	719
351	803
351	868
351	933
351	991
352	379
352	396
352	417
352	545
352	593
352	684
352	821
352	847
352	868
353	356
353	528
353	536
353	618
353	638
353	686
353	745
353	783
353	811
353	877
354	602
355	595
356	450
356	579
356	613
356	617
356	701
356	738
356	745
357	470
357	485
357	486
357	492
357	891
357	954
358	448
358	519
358	524
358	680
358	928
358	963
359	392
359	475
359	489
359	747
359	810
359	825
359	830
359	847
359	880
359	923
360	471
360	497
360	567
360	726
360	771
360	954
361	448
361	801
362	479
362	507
362	629
362	708
362	749
362	768
362	886
362	948
362	962
363	457
363	461
363	481
363	507
363	550
363	689
363	691
363	922
363	983
363	993
364	441
364	682
364	972
365	406
365	442
365	482
365	495
365	576
365	586
365	599
365	604
365	629
365	631
365	686
365	715
365	738
365	964
366	419
366	479
366	743
366	796
366	867
367	464
367	496
367	825
368	548
368	753
368	836
369	517
369	545
369	695
369	858
369	882
369	971
372	440
372	560
372	566
372	625
372	723
372	792
372	893
373	566
373	585
373	621
373	633
373	634
373	753
373	807
373	845
373	931
373	941
374	423
374	501
374	533
374	618
374	896
375	578
375	595
376	878
376	908
377	428
377	479
377	555
377	669
377	693
378	511
378	609
378	627
378	648
378	943
378	960
379	446
379	476
379	516
379	523
379	651
379	699
379	761
379	805
379	827
379	990
381	436
381	749
381	785
381	845
381	846
381	888
381	942
381	964
381	990
382	579
382	693
382	817
382	894
383	387
383	392
383	396
383	406
383	455
383	525
383	645
383	812
383	857
383	891
383	892
383	896
384	416
384	481
384	593
384	599
384	657
384	739
384	799
384	830
384	951
385	432
385	458
385	579
385	605
385	787
385	793
385	866
385	909
385	944
386	415
386	687
387	438
387	457
387	498
387	540
387	542
387	847
387	855
387	876
387	923
387	978
388	569
388	611
388	623
388	714
389	769
389	901
390	468
390	631
390	642
390	658
390	663
390	770
390	777
390	974
391	418
392	466
392	510
392	553
392	557
392	624
392	750
392	764
392	773
392	804
392	810
392	825
392	846
392	868
392	926
392	936
393	414
393	505
393	585
393	614
393	657
393	722
393	836
393	919
393	929
393	953
394	408
394	616
394	626
394	757
395	424
395	711
395	743
395	768
395	824
395	861
396	475
396	499
396	659
396	733
396	821
396	843
397	448
397	775
397	798
398	524
399	710
400	422
400	424
400	425
400	435
400	455
400	469
400	510
400	572
400	849
400	871
400	902
400	904
401	480
401	608
402	725
402	826
402	890
403	441
403	921
404	498
404	592
404	930
405	511
405	536
405	551
405	738
405	962
405	977
406	417
406	495
406	539
406	586
406	627
406	658
406	672
406	727
406	751
406	753
406	847
406	911
406	918
407	424
407	439
407	492
407	498
407	557
407	583
407	653
407	698
407	703
407	834
407	902
408	450
408	552
408	622
409	453
409	469
409	510
409	528
409	561
409	613
409	887
409	911
410	490
410	508
410	580
410	624
410	667
410	731
410	861
410	864
411	446
411	668
411	704
411	971
411	978
412	554
412	586
412	631
412	685
412	845
412	919
412	944
412	984
413	769
414	658
414	944
414	960
415	427
415	811
415	833
416	501
416	525
416	538
416	675
416	804
416	850
416	859
416	868
416	884
416	919
417	549
417	629
417	634
417	651
417	741
417	751
417	753
417	820
417	832
417	925
417	937
417	961
417	974
418	471
418	661
418	784
419	620
419	716
419	788
419	879
420	446
420	593
420	602
420	625
420	777
420	824
420	849
420	996
421	548
421	549
421	684
421	719
421	741
421	845
421	941
421	950
422	450
422	479
422	605
422	700
422	743
422	761
422	785
422	846
422	859
422	877
423	635
423	772
423	916
424	469
424	574
425	564
425	587
425	620
425	729
425	745
425	762
425	840
426	465
427	479
427	601
427	636
427	796
428	450
428	530
428	555
428	879
429	569
429	842
429	980
430	489
430	521
430	699
430	740
431	633
431	774
431	914
431	942
431	948
432	953
432	965
433	540
433	651
433	706
433	725
433	858
433	971
434	632
434	970
435	510
435	686
435	690
435	743
435	761
435	849
435	887
436	490
436	519
436	609
436	925
437	474
437	757
437	962
438	498
438	558
438	580
438	647
438	655
438	825
438	907
438	926
439	647
439	674
439	731
439	740
439	990
440	704
440	853
442	561
442	604
442	657
442	750
442	764
442	845
442	884
442	941
443	482
443	534
443	621
443	659
443	717
443	821
443	913
444	451
444	455
444	549
444	550
444	675
444	789
444	799
444	868
444	886
444	957
445	579
445	693
445	852
446	475
446	485
446	498
446	501
446	522
446	538
446	593
446	598
446	656
446	672
446	706
446	740
446	804
446	868
446	923
446	931
446	956
446	964
446	976
446	991
447	655
448	679
448	861
448	904
448	930
448	939
448	954
449	985
450	587
450	738
450	768
450	863
450	866
450	909
450	932
451	457
451	475
451	506
451	515
451	577
451	597
451	783
451	887
452	534
452	539
452	634
452	682
452	741
452	753
452	955
453	479
453	716
453	768
453	961
453	981
454	581
454	938
455	617
455	627
455	638
455	689
455	762
455	785
455	789
455	812
455	886
455	938
456	480
456	517
456	873
456	882
457	550
457	553
457	644
457	680
457	700
457	701
457	705
457	922
457	928
458	532
458	693
458	729
458	866
458	879
458	953
459	570
459	867
459	963
460	650
460	927
461	721
461	742
461	767
462	686
462	743
463	540
463	593
463	698
463	711
463	747
463	805
463	810
464	607
465	730
465	735
465	901
466	488
466	529
466	547
466	557
466	624
466	656
466	667
466	679
466	860
466	976
466	993
467	897
468	480
468	621
468	652
468	770
468	829
468	870
468	882
469	690
469	942
470	486
470	520
470	864
470	895
470	900
470	912
470	997
475	488
475	593
475	657
475	739
475	830
475	855
475	939
476	486
476	490
476	550
476	553
476	583
476	647
476	692
476	731
476	824
476	846
476	939
476	983
477	570
477	594
477	610
477	643
477	662
477	787
477	796
477	856
477	994
478	977
479	507
479	539
479	587
479	599
479	686
479	690
479	716
479	812
479	911
480	505
480	741
481	490
481	583
481	624
481	644
481	647
481	696
481	703
481	746
481	748
481	867
481	888
481	939
482	495
482	517
482	820
482	889
482	892
482	996
483	920
484	654
484	713
484	719
484	720
484	882
484	913
485	568
485	590
485	663
485	868
486	492
486	644
486	645
486	773
486	841
486	860
486	861
486	872
486	900
486	912
486	935
488	492
488	593
488	739
488	740
488	773
488	825
488	854
489	545
489	885
490	520
490	557
490	598
490	679
490	790
490	983
490	990
491	746
491	903
492	513
492	538
492	692
492	696
492	804
492	876
492	880
492	891
492	936
493	523
493	656
493	684
493	810
493	827
493	830
493	839
493	843
493	891
493	956
494	497
495	534
495	542
495	629
495	631
495	657
495	667
495	684
495	804
495	830
495	834
495	873
495	884
495	955
496	839
497	527
497	674
497	721
497	993
498	799
498	804
498	825
498	868
498	884
498	892
498	956
498	957
499	563
499	691
501	522
501	544
501	555
501	633
501	676
501	780
501	799
501	859
501	961
501	974
502	811
502	871
502	887
503	582
503	595
504	525
504	661
504	667
504	703
504	726
504	740
505	585
505	642
505	657
505	763
505	950
506	509
506	564
506	638
506	811
506	867
506	886
506	922
506	942
507	544
507	588
507	638
507	647
507	678
507	824
507	888
507	902
508	607
508	731
508	798
508	805
508	839
508	847
508	864
509	692
509	696
509	707
509	718
509	784
509	888
509	993
510	522
510	634
510	690
510	739
510	761
510	807
510	902
510	929
510	948
510	961
511	586
511	732
511	752
511	828
511	909
511	929
511	943
511	953
511	980
513	839
513	855
513	895
513	990
513	996
514	790
514	898
515	577
515	600
515	620
515	669
515	743
515	808
515	894
515	897
515	915
515	962
515	994
516	845
516	847
516	855
516	892
516	956
517	663
517	712
518	597
518	599
518	601
518	734
518	915
519	527
519	773
519	775
519	895
520	550
520	647
520	680
520	721
520	768
520	790
520	810
520	900
520	926
520	993
521	899
522	544
522	553
522	571
522	658
522	785
522	832
522	850
522	904
522	944
522	951
522	964
523	677
523	731
523	747
523	749
523	810
523	846
523	855
523	964
524	938
525	632
525	846
525	855
525	858
525	926
525	957
526	963
526	989
527	801
527	841
528	536
528	705
528	738
528	749
528	823
529	619
529	936
530	618
530	865
530	962
531	535
531	815
532	569
532	599
533	591
533	609
533	657
533	749
533	751
533	867
533	942
534	548
534	642
534	727
534	853
534	874
534	961
534	978
535	538
535	820
535	868
535	956
535	964
535	983
536	564
536	572
536	603
536	640
536	729
536	782
536	793
536	877
537	603
537	623
537	772
537	977
538	630
538	926
538	937
538	939
538	971
539	549
539	629
539	760
539	799
539	821
540	566
540	602
540	864
540	876
540	882
540	936
540	937
540	997
541	614
541	652
541	672
541	823
541	917
541	952
541	995
542	545
542	688
542	760
542	781
542	803
542	832
542	873
542	996
544	553
544	571
544	664
544	750
544	859
544	913
544	920
545	590
545	725
545	739
545	805
545	834
545	854
547	630
547	632
547	706
547	781
547	804
547	843
547	847
547	937
548	657
548	727
548	831
549	628
549	648
549	663
549	684
549	721
549	751
549	753
549	816
549	832
549	870
549	890
550	739
550	782
550	859
550	876
550	911
550	912
550	939
550	950
550	964
550	996
551	618
551	620
551	732
551	909
551	929
551	995
552	981
553	598
553	678
553	711
553	782
553	789
553	832
553	850
554	579
555	561
555	564
555	606
555	609
555	617
555	685
555	698
555	780
555	793
555	863
556	564
556	635
556	807
556	884
556	891
556	904
556	915
556	950
557	679
557	696
557	739
558	588
558	675
558	708
558	846
558	902
558	942
560	776
560	873
561	618
561	820
561	821
561	932
561	950
562	871
563	676
563	858
563	873
564	701
564	793
564	867
564	887
564	888
564	948
565	691
565	696
565	789
565	802
565	838
565	935
566	904
567	691
567	990
568	590
568	677
568	706
568	815
568	847
568	855
568	893
568	937
569	687
569	758
570	636
570	643
571	733
571	873
571	904
571	931
572	574
572	638
572	700
572	749
572	785
572	796
572	877
572	922
574	593
574	606
574	745
574	750
574	768
574	780
574	811
575	586
575	627
575	629
575	711
575	760
575	888
576	586
576	627
576	795
576	836
576	840
576	845
576	925
576	932
577	638
577	762
577	932
577	948
578	596
579	620
579	819
580	667
581	588
581	861
581	891
581	928
583	647
583	655
583	664
583	675
583	700
583	721
583	750
583	796
583	822
583	846
583	939
583	950
583	996
584	724
584	994
585	604
585	688
585	733
585	753
585	763
585	777
585	809
585	845
585	913
585	974
586	682
586	733
586	749
586	943
587	690
587	703
587	749
587	852
587	881
587	942
588	689
588	747
588	950
589	624
589	736
589	748
590	815
590	835
590	891
591	605
591	669
591	819
591	944
592	954
593	598
593	653
593	692
593	712
593	850
593	900
593	907
593	926
593	976
594	605
594	833
594	924
594	963
596	853
597	965
598	679
598	804
598	845
598	873
598	974
599	606
599	635
599	729
599	734
599	752
599	793
599	953
599	984
600	664
600	811
600	948
601	787
601	887
602	741
602	809
603	881
604	682
604	774
604	778
604	807
604	813
604	840
604	926
604	932
604	944
604	964
605	627
605	629
605	840
605	932
605	953
605	985
606	656
606	762
606	774
606	780
606	811
606	852
606	863
606	902
607	748
608	713
608	741
608	806
608	979
609	774
609	799
609	859
609	870
609	955
610	636
610	817
611	914
612	660
612	713
612	717
612	719
612	760
612	933
613	808
614	672
614	836
614	891
614	896
614	913
614	960
616	944
617	676
617	795
617	836
617	920
617	947
617	969
618	729
618	749
618	761
618	777
618	852
618	932
619	699
619	731
620	669
620	808
620	962
621	631
621	820
622	685
622	999
623	754
624	645
624	667
624	696
624	726
624	854
625	630
625	936
625	971
625	978
626	687
626	965
627	631
627	657
627	712
627	732
627	914
627	933
627	974
628	648
628	720
629	669
629	676
629	753
629	760
629	918
629	974
630	677
630	923
630	978
631	712
631	733
631	751
631	763
631	821
631	950
632	974
633	692
633	807
633	821
633	840
633	845
633	886
633	933
633	964
634	820
634	931
634	948
635	669
635	762
635	866
636	922
637	741
638	689
638	751
638	762
638	922
638	948
639	742
639	746
640	752
640	866
642	712
642	781
642	820
642	884
642	890
642	941
644	703
644	707
644	764
644	904
644	935
645	647
645	691
645	730
645	876
647	678
647	721
647	799
647	900
647	993
648	682
648	752
648	795
648	862
648	920
648	929
648	931
648	943
649	952
650	689
651	684
651	688
651	751
651	778
651	828
651	918
653	684
653	782
653	812
653	832
653	868
653	939
654	719
654	723
654	863
655	773
655	876
655	885
655	983
656	698
656	816
656	885
657	750
657	807
657	902
657	922
657	925
658	682
658	688
658	722
658	741
658	753
658	799
658	820
658	943
658	974
659	870
659	874
659	917
659	978
660	675
660	840
660	919
660	929
660	931
660	951
660	961
660	975
661	773
661	779
661	885
662	963
663	682
663	719
663	723
663	858
663	873
663	913
663	957
664	767
664	872
664	888
664	918
667	721
667	726
667	805
667	997
669	722
669	793
669	852
669	962
671	769
671	906
672	778
672	920
673	688
673	715
674	923
675	703
675	767
675	834
675	841
675	874
675	904
675	939
676	751
676	820
676	991
677	706
677	937
679	698
679	703
679	825
679	904
680	775
680	954
681	752
681	754
681	969
682	688
682	770
682	816
682	820
682	941
684	712
684	713
684	832
684	918
684	933
685	783
685	819
685	942
686	716
686	729
686	789
686	877
686	896
686	948
686	964
687	819
687	881
688	845
688	873
689	701
689	812
690	743
690	877
690	886
691	779
691	798
691	820
691	855
691	935
692	696
692	711
692	718
692	721
692	747
692	834
692	886
692	976
693	708
694	709
694	715
694	758
695	702
695	712
695	741
695	782
695	799
695	830
695	858
695	943
695	951
695	955
696	789
696	868
696	948
696	956
696	993
698	750
698	886
698	896
698	936
699	970
700	711
700	744
700	808
700	825
700	928
701	729
701	780
701	849
701	861
701	867
701	900
701	902
701	964
702	825
702	839
702	843
702	868
702	971
703	731
703	747
703	764
703	773
703	859
703	904
703	990
706	804
706	848
707	747
707	789
707	939
707	983
708	749
708	886
708	894
708	922
708	945
711	733
711	745
711	840
712	830
712	882
712	925
712	947
713	873
713	917
714	952
715	722
715	754
715	842
715	920
716	887
717	816
717	820
717	932
717	952
719	846
719	873
720	862
721	745
721	764
721	846
722	902
722	947
722	953
723	725
723	890
723	957
723	971
725	835
725	970
726	731
726	834
726	858
726	880
727	947
728	831
728	919
728	971
728	972
729	738
729	886
729	942
729	953
731	834
731	872
731	964
732	778
733	919
733	925
733	974
734	738
734	808
734	871
734	915
734	994
735	893
736	990
738	950
739	747
739	764
739	891
739	976
740	773
740	895
740	936
740	990
741	766
741	831
742	794
742	938
743	767
743	877
744	796
744	928
745	857
745	942
747	748
747	786
747	793
747	798
747	860
747	864
749	809
749	886
749	896
749	933
750	761
750	812
750	859
750	861
750	884
750	904
750	948
750	964
751	820
751	874
751	914
751	925
751	976
752	793
752	840
752	932
752	984
753	785
753	920
753	961
753	976
754	881
754	916
755	965
756	951
759	814
760	809
760	914
760	931
760	943
760	955
760	956
761	902
761	911
762	768
762	796
762	849
762	914
762	922
763	846
764	846
764	859
764	860
764	891
764	983
765	944
765	969
766	781
766	855
766	882
766	919
767	824
767	888
767	955
767	983
767	993
768	811
768	877
768	945
768	948
768	993
769	893
769	906
769	908
770	781
770	816
770	955
770	972
772	863
772	947
773	827
773	855
774	819
774	881
775	928
775	985
777	857
777	862
777	925
777	929
777	942
777	951
778	836
779	838
779	936
780	812
780	840
780	866
780	942
780	948
780	984
782	828
782	845
782	933
783	944
784	954
785	808
785	868
786	805
786	827
786	926
789	861
789	873
789	948
792	853
792	978
793	896
793	902
793	953
794	801
794	954
795	995
797	798
798	983
798	993
799	925
799	944
803	845
803	854
803	971
804	825
804	834
804	892
804	993
805	855
805	864
807	832
807	857
807	943
808	930
808	948
810	854
810	976
811	828
811	894
812	850
812	874
813	942
816	870
816	919
816	933
817	958
820	896
820	904
821	853
821	854
821	868
821	874
821	941
821	976
822	824
822	939
822	983
823	832
823	914
823	916
824	939
825	900
825	907
825	926
825	996
828	955
828	961
830	933
831	947
832	933
832	951
832	974
833	897
834	912
834	950
835	878
835	906
835	970
836	861
836	960
836	974
838	864
840	866
840	909
840	953
841	860
843	846
843	859
843	926
845	925
845	961
845	991
846	849
846	864
846	891
846	964
846	983
847	854
847	858
847	873
847	956
847	996
848	892
848	971
849	859
849	861
850	885
850	896
850	919
851	901
851	967
852	867
853	979
854	885
854	951
854	978
854	997
857	863
857	909
857	953
859	868
859	886
859	948
859	988
860	895
860	907
860	935
861	876
861	928
862	873
865	897
865	994
868	884
868	891
868	896
872	891
872	912
872	937
873	925
873	935
873	991
874	951
876	888
876	935
877	922
880	892
880	895
880	928
880	931
880	939
884	964
885	923
885	936
886	904
887	922
887	948
889	942
890	978
891	954
892	906
892	926
895	936
895	992
896	951
896	976
899	986
900	928
902	904
902	942
907	912
907	997
909	975
912	990
913	917
914	974
917	952
918	919
918	991
918	997
923	950
923	956
925	941
925	974
926	990
927	928
928	954
928	985
937	957
938	994
941	974
943	956
944	980
945	981
951	955
951	964
952	977
954	985
956	996
956	997
961	991
964	978
969	977
975	980
981	999
983	997
990	997
