0	99
0	103
0	198
0	233
0	560
0	720
0	796
0	952
0	975
1	10
1	238
1	331
1	481
1	740
1	757
2	14
2	39
2	180
2	249
2	494
2	509
2	601
2	648
2	883
3	15
3	19
3	91
3	100
3	137
3	224
3	268
3	316
3	336
3	361
3	511
3	525
3	550
3	602
3	606
3	689
3	820
3	956
3	959
3	990
4	424
4	583
6	131
6	333
6	939
7	43
7	131
7	142
7	164
7	340
7	488
7	558
7	698
7	756
7	812
7	813
7	855
7	887
8	171
8	187
8	226
8	241
8	249
8	279
8	408
8	504
8	539
8	633
8	638
8	772
8	826
8	828
8	840
8	889
8	908
8	995
9	80
9	883
10	548
10	650
10	713
10	992
11	361
11	402
11	551
11	585
11	600
11	692
11	710
11	779
11	940
12	62
12	141
12	217
12	271
12	275
12	690
12	837
12	997
13	147
13	268
13	307
13	457
13	513
13	907
14	39
14	71
14	144
14	159
14	657
14	721
15	55
15	68
15	100
15	106
15	238
15	286
15	393
15	421
15	520
15	544
15	549
15	550
15	633
15	706
15	898
15	952
16	38
16	45
16	115
16	207
16	422
16	483
16	907
17	22
17	132
17	264
17	313
17	316
17	355
17	437
17	503
17	527
17	576
17	598
17	820
17	893
17	945
17	951
17	969
18	454
19	23
19	131
19	144
19	147
19	187
19	284
19	340
19	355
19	382
19	384
19	396
19	485
19	494
19	564
19	595
19	644
19	767
19	862
20	86
20	89
20	126
20	159
20	244
20	316
20	341
20	381
20	387
20	405
20	409
20	418
20	474
20	634
20	819
20	834
20	960
20	980
21	799
22	138
22	175
22	183
22	277
22	335
22	460
22	564
22	627
22	707
22	782
22	904
22	959
22	972
23	46
23	91
23	164
23	168
23	187
23	266
23	284
23	312
23	485
23	530
23	536
23	598
23	601
23	614
23	751
23	756
23	929
24	63
24	186
24	398
24	401
24	402
24	486
24	673
24	686
24	935
25	77
25	106
25	181
25	202
25	248
25	338
25	366
25	375
25	421
25	431
25	442
25	543
25	712
25	804
25	817
25	836
25	915
26	33
26	54
26	127
26	135
26	228
26	285
26	450
26	545
26	696
27	46
27	68
27	137
27	240
27	300
27	361
27	381
27	403
27	466
27	544
27	592
27	606
27	614
27	706
27	722
27	942
28	349
28	913
29	92
29	100
29	122
29	229
29	422
29	489
29	492
29	525
29	590
29	722
29	772
29	820
29	868
29	905
29	922
30	169
30	179
30	285
30	330
30	542
30	624
30	653
31	124
31	336
31	618
31	632
31	709
31	713
32	76
32	235
32	263
32	487
32	657
32	801
32	883
33	67
33	181
33	188
33	202
33	542
33	576
33	620
33	631
33	637
33	687
33	704
33	809
33	904
34	166
35	36
35	52
35	203
35	241
35	360
35	523
35	737
35	761
35	890
37	121
37	170
37	247
37	263
37	316
37	380
37	387
37	417
37	435
37	550
37	851
38	115
38	204
38	483
38	548
38	560
38	683
38	794
38	884
39	161
39	177
39	320
39	349
39	507
39	517
39	657
39	710
39	721
39	761
39	810
40	58
40	91
40	212
40	295
40	393
40	545
40	605
40	658
40	666
40	694
40	787
40	828
40	889
40	944
41	93
41	194
41	257
41	410
41	427
41	442
41	576
41	587
41	674
41	742
43	99
43	187
43	209
43	276
43	345
43	530
43	639
43	796
43	887
43	981
44	299
44	615
44	739
45	239
45	339
45	415
45	745
45	773
45	911
46	86
46	159
46	163
46	168
46	177
46	264
46	277
46	281
46	324
46	328
46	405
46	407
46	446
46	455
46	466
46	492
46	510
46	577
46	692
46	707
46	756
46	810
46	872
46	903
46	926
47	82
47	97
47	172
47	254
47	409
47	474
47	486
47	649
47	803
48	198
48	281
48	290
48	341
48	361
48	443
48	468
48	636
48	796
48	835
48	861
48	865
48	886
48	888
48	941
48	964
49	107
49	175
49	178
49	353
49	395
49	472
49	616
49	675
49	727
49	733
49	748
49	945
49	961
49	966
50	63
50	270
50	555
50	563
50	619
50	705
50	843
51	86
51	132
51	154
51	230
51	352
51	355
51	531
51	634
51	713
51	858
52	360
53	68
53	122
53	137
53	138
53	187
53	189
53	236
53	268
53	312
53	338
53	400
53	417
53	430
53	501
53	545
53	560
53	593
53	598
53	644
53	655
53	738
53	785
53	821
53	972
53	981
54	312
54	330
54	516
54	554
54	565
54	576
54	610
54	634
54	701
54	962
54	977
55	68
55	72
55	77
55	172
55	191
55	214
55	220
55	267
55	301
55	421
55	595
55	598
55	600
55	617
55	804
55	834
55	880
55	888
55	991
56	230
56	534
56	690
56	723
56	772
56	797
56	829
56	837
56	866
56	930
56	954
57	157
57	378
57	438
57	441
57	664
57	774
58	111
58	116
58	139
58	178
58	238
58	258
58	407
58	409
58	431
58	545
58	790
58	819
58	852
59	146
59	171
59	247
59	267
59	305
59	355
59	501
59	531
59	551
59	598
59	698
59	747
59	858
59	929
59	955
59	983
60	191
60	301
60	358
60	386
60	405
60	431
60	614
60	617
60	682
60	689
60	692
60	999
61	96
61	129
61	199
61	359
61	617
61	700
61	733
61	898
61	928
62	116
62	156
62	178
62	179
62	325
62	787
62	896
62	935
63	254
63	301
63	563
65	155
65	191
65	201
65	448
65	681
65	718
66	89
66	121
66	295
66	373
66	380
66	387
66	435
66	477
66	588
66	826
66	869
66	877
66	929
67	77
67	83
67	138
67	150
67	172
67	183
67	359
67	476
67	520
67	705
67	789
67	798
67	804
67	865
67	910
67	967
68	214
68	220
68	399
68	417
68	424
68	573
68	600
68	649
68	705
68	712
68	782
68	804
68	857
68	915
68	946
68	985
68	993
69	390
69	589
69	984
70	144
70	187
70	211
70	234
70	241
70	355
70	384
70	592
70	645
70	731
70	852
70	860
70	901
70	973
70	990
71	189
71	226
71	265
71	278
71	316
71	382
71	501
71	518
71	570
71	601
71	765
71	818
71	838
71	839
71	862
71	864
71	885
71	932
72	95
72	218
72	229
72	252
72	329
72	393
72	421
72	426
72	537
72	543
72	693
72	865
72	966
73	556
74	96
74	197
74	471
74	705
75	293
76	148
76	433
76	453
76	872
77	183
77	248
77	388
77	391
77	439
77	573
77	684
77	863
78	465
78	842
79	133
79	217
79	226
79	241
79	249
79	265
79	317
79	592
79	601
79	818
79	826
79	879
80	660
80	743
80	754
80	760
81	250
81	599
81	704
81	966
82	202
83	249
83	359
83	587
83	631
83	725
83	910
83	980
85	103
85	185
85	280
85	333
85	436
85	447
85	695
85	830
86	89
86	100
86	124
86	163
86	286
86	341
86	509
86	531
86	710
86	715
86	791
86	967
86	975
87	189
87	252
87	329
87	439
87	448
87	471
87	779
88	93
88	105
88	138
88	203
88	242
88	345
88	346
88	407
88	540
88	570
88	571
88	644
88	785
88	789
88	828
88	860
88	999
89	122
89	137
89	212
89	224
89	267
89	268
89	358
89	359
89	363
89	400
89	418
89	431
89	588
89	627
89	634
89	639
89	810
89	904
90	500
90	609
90	728
90	950
91	237
91	258
91	323
91	358
91	412
91	496
91	550
91	873
91	888
91	951
92	100
92	101
92	153
92	266
92	280
92	339
92	391
92	405
92	459
92	466
92	720
92	722
92	757
92	926
93	111
93	346
93	392
93	431
93	460
93	565
93	576
93	609
93	631
93	653
93	704
93	793
93	831
93	851
93	935
93	944
94	181
94	472
94	508
94	519
94	653
94	815
94	962
94	994
95	153
95	199
95	224
95	256
95	388
95	413
95	472
95	490
95	547
95	596
95	859
95	943
95	966
96	256
96	364
96	395
96	425
96	472
96	532
96	622
96	670
97	172
97	323
97	486
97	667
97	691
97	702
97	705
97	863
97	915
97	993
98	249
98	258
98	278
98	380
98	400
98	407
98	638
98	715
98	785
98	789
98	837
98	838
98	840
98	877
98	909
98	956
99	355
99	408
99	446
99	485
99	767
99	783
99	813
99	855
99	868
99	887
99	893
100	154
100	157
100	247
100	280
100	286
100	585
100	602
100	614
100	667
100	747
100	812
100	886
100	989
101	415
101	419
101	555
101	595
101	632
101	671
101	929
102	170
102	300
102	317
102	350
102	373
102	497
102	498
102	544
102	828
102	848
102	962
103	112
103	124
103	326
103	355
103	405
103	445
103	446
103	506
103	509
103	531
103	603
103	618
103	682
103	698
103	796
103	822
103	992
104	273
104	368
104	541
104	646
105	114
105	122
105	418
105	462
105	486
105	510
105	636
105	644
105	647
105	689
105	712
105	793
105	916
105	952
105	966
106	150
106	175
106	259
106	305
106	346
106	371
106	693
106	733
106	759
106	804
106	821
106	985
107	579
107	777
108	458
108	556
109	128
109	135
109	137
109	139
109	248
109	264
109	364
109	381
109	491
109	516
109	644
109	695
109	730
109	821
109	836
109	935
110	125
110	152
110	156
110	284
110	470
110	554
110	582
110	611
110	628
110	690
110	766
110	832
111	127
111	135
111	139
111	140
111	224
111	293
111	369
111	425
111	498
111	519
111	540
111	704
111	766
111	809
111	838
111	846
111	874
112	131
112	342
112	381
112	384
112	445
112	453
112	494
112	517
112	553
112	767
112	813
113	261
113	354
114	200
114	442
114	566
114	622
114	691
114	746
114	993
115	304
115	446
115	469
115	679
115	992
116	178
116	189
116	228
116	486
116	516
116	564
116	620
116	704
116	790
116	838
119	148
119	190
119	428
119	870
120	376
120	397
120	591
120	632
120	673
121	242
121	421
121	437
121	492
121	494
121	765
121	856
121	862
121	893
121	904
121	981
121	990
122	328
122	351
122	403
122	491
122	492
122	563
122	614
122	692
122	835
122	876
122	916
122	942
123	134
123	138
123	152
123	366
123	381
123	469
123	542
123	616
123	627
123	633
123	707
123	765
123	803
123	904
123	935
123	956
124	443
124	506
124	647
124	720
124	865
124	992
125	184
125	187
125	222
125	226
125	373
125	383
125	485
125	512
125	571
125	578
125	605
125	612
125	789
125	838
125	881
125	897
125	901
125	903
126	163
126	168
126	222
126	242
126	316
126	341
126	459
126	492
126	582
126	796
126	990
127	129
127	295
127	631
127	674
127	831
127	866
128	236
128	537
128	574
128	600
128	614
128	634
128	706
128	724
128	727
128	730
128	798
128	839
128	929
128	999
129	237
129	450
129	479
129	781
129	790
130	211
130	212
130	320
130	324
130	396
130	496
130	523
130	552
130	553
130	694
130	778
130	837
130	942
131	163
131	276
131	326
131	333
131	505
131	527
131	573
131	593
131	682
131	749
131	867
132	180
132	320
132	582
132	653
132	784
132	853
132	872
132	953
133	262
133	330
133	445
133	482
133	523
133	612
133	623
133	997
134	135
134	139
134	189
134	350
134	405
134	497
134	504
134	644
134	670
134	705
134	738
135	139
135	158
135	258
135	359
135	421
135	574
135	576
135	634
135	653
135	791
135	874
135	876
135	985
136	249
136	302
136	354
136	383
136	539
136	723
136	818
137	240
137	259
137	268
137	358
137	520
137	625
137	655
137	767
137	855
137	953
137	959
138	176
138	256
138	312
138	403
138	545
138	605
138	625
138	644
138	804
138	821
138	869
139	189
139	359
139	369
139	479
139	545
139	670
139	688
139	831
140	231
140	435
140	576
140	732
140	871
140	962
141	176
141	184
141	275
141	366
141	535
141	611
141	612
141	723
141	766
141	856
141	901
141	919
141	923
141	930
141	931
142	379
143	220
143	448
143	609
143	702
143	777
143	824
144	180
144	234
144	348
144	396
144	431
144	437
144	552
144	625
144	802
144	867
145	222
145	234
145	416
145	552
145	765
145	909
146	168
146	266
146	341
146	351
146	372
146	443
146	513
146	636
146	720
146	747
146	791
147	151
147	154
147	411
147	440
147	529
147	558
147	614
147	682
147	708
147	796
147	812
147	845
147	989
147	992
148	180
148	315
148	317
148	383
148	437
148	611
148	648
148	768
148	870
148	920
149	252
149	254
149	403
149	412
149	736
149	746
149	906
150	158
150	300
150	464
150	564
150	581
150	587
150	622
150	746
150	777
150	790
150	944
151	190
151	441
151	468
151	664
151	703
152	196
152	203
152	275
152	380
152	612
152	639
152	688
152	701
152	716
152	832
152	864
152	954
153	218
153	220
153	361
153	393
153	490
153	525
153	555
153	563
153	839
153	845
153	868
153	876
153	904
154	281
154	303
154	307
154	335
154	408
154	440
154	445
154	446
154	506
154	511
154	661
154	786
154	860
154	967
155	197
155	397
155	857
155	863
156	258
156	275
156	300
156	345
156	380
156	431
156	571
156	761
156	765
156	782
156	789
156	810
156	995
157	207
157	255
157	335
157	446
157	483
157	505
157	577
157	593
157	709
157	783
157	830
157	964
158	170
158	337
158	409
158	427
158	439
158	442
158	581
158	779
158	906
158	943
158	944
158	985
159	264
159	274
159	290
159	313
159	503
159	530
159	708
159	751
159	755
159	992
160	404
160	538
160	979
161	835
161	964
162	190
162	209
162	314
163	168
163	272
163	415
163	443
163	447
163	457
163	749
163	783
163	956
163	995
164	396
164	503
164	618
164	741
164	751
164	789
164	796
164	827
164	835
164	933
164	960
164	964
164	967
164	971
164	975
164	978
165	170
165	275
165	295
165	300
165	316
165	363
165	382
165	460
165	512
165	571
165	688
165	732
165	748
165	785
165	818
165	826
165	928
165	930
166	231
166	435
166	690
166	896
166	988
167	280
167	335
167	352
167	356
167	398
167	537
167	551
167	632
168	455
168	506
168	511
168	602
168	689
168	694
168	709
168	751
168	756
168	971
169	181
169	337
169	350
169	359
169	450
169	477
169	544
169	695
169	742
169	772
169	828
169	832
169	944
170	229
170	272
170	312
170	540
170	610
170	732
170	851
170	862
170	877
171	212
171	268
171	346
171	386
171	403
171	469
171	488
171	496
171	692
171	698
171	707
171	715
171	725
171	783
171	793
171	834
171	942
171	946
172	214
172	257
172	301
172	305
172	346
172	439
172	442
172	547
172	763
172	824
173	202
173	350
173	944
174	321
174	357
174	377
174	878
174	897
175	229
175	338
175	480
175	496
175	605
175	625
175	633
175	655
175	696
175	781
175	782
175	866
175	903
175	921
175	944
176	212
176	272
176	382
176	469
176	552
176	601
176	612
176	623
176	819
176	881
176	901
176	908
176	927
177	209
177	368
177	506
177	541
177	872
177	891
177	987
178	321
178	330
178	366
178	634
178	696
178	704
178	707
178	787
178	851
179	357
179	420
179	871
180	196
180	215
180	342
180	469
180	592
180	643
180	890
181	257
181	350
181	359
181	670
181	701
181	742
181	866
182	335
182	679
183	580
183	674
183	727
183	748
183	798
183	898
183	946
184	217
184	278
184	315
184	380
184	482
184	559
184	787
184	851
184	901
185	334
185	494
185	511
185	650
185	657
185	708
186	286
186	372
186	397
186	399
186	412
186	489
187	222
187	453
187	469
187	689
187	852
187	889
188	477
188	479
188	519
188	588
188	663
188	742
188	781
188	815
188	831
189	381
189	583
189	605
189	641
189	789
189	866
189	910
189	959
190	262
190	263
190	314
190	433
190	557
190	924
191	233
191	361
191	415
191	606
191	636
191	746
191	875
191	876
191	916
191	941
191	952
191	972
192	275
192	586
192	817
192	898
193	299
193	586
193	943
194	257
194	519
194	583
194	775
194	944
195	591
196	369
196	723
196	764
196	789
196	813
197	200
197	426
197	591
197	691
197	844
197	912
199	356
199	474
199	551
199	562
199	580
199	617
199	732
199	777
199	952
200	484
200	586
200	622
200	843
200	993
201	270
201	370
201	388
201	398
201	467
201	563
201	803
201	967
202	257
202	425
202	448
202	474
202	635
202	670
202	763
203	242
203	553
203	690
203	797
203	826
203	877
203	930
204	548
204	934
206	342
206	517
206	772
206	976
207	255
207	259
207	292
207	438
207	507
207	614
207	636
207	745
207	916
207	964
207	992
208	294
209	324
209	503
209	513
209	603
209	618
209	648
210	339
210	365
210	911
210	926
211	274
211	275
211	278
211	300
211	578
211	627
211	826
211	885
211	901
211	909
211	981
212	221
212	690
212	707
212	821
212	826
212	864
212	955
213	335
213	444
213	456
213	551
213	630
213	636
213	642
213	773
213	868
213	880
214	287
214	301
214	303
214	346
214	585
214	606
214	655
214	686
214	705
214	727
214	863
214	873
214	915
214	994
215	262
215	332
215	367
215	416
215	417
215	539
215	853
217	278
217	316
217	766
217	787
217	879
217	908
217	932
218	237
218	449
218	462
218	715
219	223
219	231
219	250
219	406
219	846
220	237
220	301
220	362
220	490
220	514
220	537
220	574
220	727
220	777
220	788
220	807
220	946
220	991
221	249
221	262
221	363
221	382
221	386
221	418
221	469
221	504
221	564
221	767
221	789
221	898
221	954
221	960
222	234
222	262
222	317
222	383
222	437
222	612
222	731
222	765
222	853
222	860
222	901
222	932
222	965
223	637
223	652
223	653
223	808
223	815
224	236
224	336
224	496
224	573
224	600
224	633
224	684
224	695
224	712
224	730
224	790
224	928
224	960
224	971
224	999
226	317
226	387
226	396
226	504
226	545
226	593
226	606
226	634
226	738
226	765
226	787
226	860
226	864
226	879
226	881
226	909
226	918
226	930
226	956
226	981
227	266
227	549
227	580
227	803
227	850
227	949
227	964
228	295
228	392
228	540
228	781
228	877
228	935
229	259
229	287
229	329
229	393
229	633
230	284
230	431
230	510
230	545
230	592
230	784
230	860
230	954
230	999
231	260
231	321
231	420
231	475
231	599
231	663
232	648
232	679
232	762
232	784
232	842
233	255
233	403
233	456
233	489
233	513
233	520
233	630
233	820
233	905
233	937
234	241
234	262
234	611
234	848
235	433
235	659
236	237
236	256
236	312
236	394
236	424
236	544
236	550
236	599
236	605
236	644
236	705
236	712
236	733
236	871
236	975
237	329
237	431
237	520
237	564
237	583
237	748
237	785
237	821
237	839
237	869
237	898
237	903
238	247
238	268
238	361
238	391
238	520
238	632
238	903
238	952
238	959
238	991
240	267
240	359
240	446
240	625
240	725
240	873
240	935
240	959
240	964
240	972
241	344
241	345
241	384
241	400
241	616
241	711
241	810
241	872
242	321
242	367
242	382
242	445
242	498
242	571
242	723
242	764
242	785
242	853
242	909
242	954
243	663
243	806
243	833
243	871
243	977
244	277
244	336
244	361
244	418
244	457
244	485
244	530
244	645
244	694
244	720
244	755
244	783
244	887
244	893
244	956
244	960
244	969
245	277
245	331
245	396
245	415
245	422
245	466
245	520
245	595
245	647
245	712
245	733
245	850
245	959
245	991
247	573
247	625
247	647
247	715
247	955
248	413
248	427
248	442
248	490
248	501
248	543
248	574
248	684
248	700
248	746
248	748
248	824
248	869
248	967
248	985
249	271
249	410
249	417
249	478
249	482
249	601
249	643
249	790
249	856
249	997
250	417
250	516
250	994
252	474
252	501
252	843
252	857
252	943
252	993
253	372
253	549
253	868
253	900
253	917
254	297
254	375
254	402
254	486
255	304
255	352
255	376
255	511
255	757
255	773
255	788
255	905
256	301
256	398
256	442
256	474
256	486
256	497
256	520
256	691
256	702
256	748
256	779
257	542
257	587
257	675
257	700
257	702
258	366
258	405
258	424
258	545
258	625
258	738
258	785
258	819
258	836
258	848
258	869
258	901
258	977
259	286
259	351
259	426
259	549
259	803
259	868
259	915
259	929
260	278
261	662
262	310
262	322
262	453
262	552
262	601
262	665
262	784
263	324
263	368
263	463
263	559
263	611
263	870
263	881
263	891
264	445
264	466
264	531
264	550
264	564
264	582
264	689
264	767
264	960
265	384
265	518
265	749
265	778
266	456
266	756
266	916
267	363
267	422
267	501
267	782
267	791
267	804
267	876
267	904
267	985
268	290
268	359
268	391
268	501
268	577
268	689
268	749
268	782
268	865
268	955
268	990
270	388
270	490
270	563
270	805
271	554
271	613
271	628
272	344
272	417
272	575
272	694
272	731
272	856
272	881
272	885
272	902
272	995
273	340
273	939
274	310
274	315
274	382
274	400
274	408
274	417
274	572
274	625
274	645
274	716
274	731
274	755
274	889
274	983
275	315
275	317
275	410
275	623
275	628
275	645
275	652
275	716
275	832
275	860
275	895
275	901
276	507
276	522
276	998
277	281
277	336
277	341
277	393
277	418
277	491
277	647
277	667
277	689
277	715
277	748
277	789
277	886
277	918
277	929
277	956
278	300
278	312
278	382
278	496
278	512
278	570
278	572
278	611
278	623
278	766
278	785
278	790
278	848
278	889
278	951
279	623
279	760
279	881
279	932
279	997
280	489
280	577
280	617
280	770
280	850
280	917
281	307
281	340
281	397
281	491
281	496
281	510
281	713
281	756
281	783
281	959
281	975
282	301
282	419
282	574
282	655
282	661
282	805
282	946
283	365
283	685
283	884
284	391
284	441
284	531
284	572
284	749
284	755
284	889
285	599
285	831
285	848
285	929
285	962
286	328
286	331
286	356
286	415
286	422
286	488
286	489
286	517
286	525
286	549
286	602
286	632
286	647
286	865
286	967
286	989
287	303
287	520
287	537
287	544
287	586
287	692
287	807
287	820
287	917
288	452
288	475
289	419
289	581
289	700
290	317
290	341
290	353
290	501
290	570
290	634
290	644
290	695
290	875
290	949
290	973
290	983
292	591
293	371
293	547
294	717
294	948
295	312
295	641
295	687
295	688
295	787
295	829
295	896
295	904
295	910
296	322
296	410
297	474
297	514
297	950
298	416
298	814
299	419
299	763
300	539
300	571
300	658
300	706
300	790
300	838
300	965
301	337
301	496
301	520
301	573
301	627
301	655
301	746
301	779
301	845
302	690
302	754
302	761
302	797
302	849
302	927
302	930
302	979
303	375
303	403
303	415
303	537
303	857
303	876
303	991
304	473
304	590
304	745
304	926
305	338
305	353
305	490
305	491
305	543
305	586
305	635
305	674
305	702
305	712
305	775
305	865
305	928
305	946
306	799
307	353
307	505
307	506
307	593
307	713
307	755
307	770
307	887
308	348
308	847
308	920
308	923
310	499
310	890
310	930
311	334
311	842
312	346
312	380
312	387
312	400
312	417
312	564
312	605
312	658
312	738
312	790
312	821
312	829
312	878
312	901
312	909
312	935
312	960
312	980
313	320
313	344
313	440
313	531
313	657
313	755
313	867
314	349
314	433
314	679
314	756
315	359
315	460
315	477
315	504
315	535
315	545
315	554
315	578
315	688
315	764
315	828
315	878
316	382
316	396
316	408
316	415
316	431
316	485
316	645
316	731
316	765
316	791
316	834
316	848
316	867
316	901
316	945
316	959
316	983
317	382
317	430
317	463
317	553
317	592
317	645
317	694
317	889
317	920
317	932
320	326
320	665
320	735
320	822
320	858
320	867
320	937
320	995
321	392
321	497
321	523
321	610
321	631
321	670
321	896
321	923
321	962
321	965
322	701
323	501
323	537
323	600
323	632
323	661
323	770
323	804
323	832
323	929
323	969
323	971
323	991
324	396
324	437
324	463
324	470
324	553
324	592
324	616
324	638
324	648
324	908
324	945
324	953
324	973
325	420
325	732
325	871
325	899
326	429
326	438
326	485
326	506
326	558
326	858
326	872
327	342
327	463
327	487
327	531
327	541
327	648
327	706
327	842
328	491
328	501
328	585
328	647
328	689
328	757
328	773
328	888
328	967
328	989
329	337
329	375
329	566
329	606
329	905
329	915
330	460
330	570
330	627
330	670
330	701
330	764
330	785
330	848
330	879
330	988
331	782
332	616
332	818
332	837
332	890
332	954
333	495
333	560
333	664
333	714
333	796
333	887
333	959
333	978
334	440
334	468
334	513
334	536
335	436
335	577
335	617
335	647
335	708
335	791
335	831
335	918
335	941
335	949
335	951
335	971
335	975
336	503
336	661
336	694
336	708
336	721
336	751
336	834
336	976
336	990
337	439
337	596
338	356
338	413
338	427
338	501
338	727
338	730
338	733
338	746
338	860
338	903
338	960
339	466
339	489
339	632
339	640
339	820
339	868
340	355
340	445
340	447
340	494
340	511
340	618
340	741
340	767
340	772
340	812
340	858
340	931
340	934
341	466
341	602
341	783
341	956
341	964
341	973
342	495
342	506
342	802
344	345
344	363
344	430
344	437
344	494
344	506
344	530
344	735
344	840
344	931
345	368
345	504
345	572
345	608
345	695
345	731
345	813
345	826
345	852
345	860
345	885
345	958
346	405
346	469
346	627
346	634
346	733
346	848
346	902
346	910
348	482
348	523
348	891
348	932
349	603
349	934
350	387
350	566
350	587
350	633
350	670
350	700
350	738
350	781
350	798
350	966
351	356
351	403
351	415
351	459
351	501
351	757
351	865
351	941
352	551
352	630
352	749
352	788
352	905
352	964
353	396
353	405
353	501
353	510
353	574
353	614
353	712
353	720
353	791
353	820
353	886
353	888
353	942
354	478
354	766
355	446
355	530
355	553
355	598
355	602
355	618
355	708
355	989
356	466
356	549
356	604
356	642
356	745
356	788
356	850
356	861
356	952
356	969
356	972
356	975
357	594
357	766
357	787
357	849
357	965
357	979
358	520
358	644
358	789
358	804
358	821
358	839
358	935
358	942
358	952
358	955
359	361
359	424
359	544
359	550
359	583
359	588
359	733
359	935
360	478
360	524
360	930
361	422
361	432
361	525
361	573
361	595
361	606
361	617
361	692
361	757
361	793
361	845
361	876
361	926
362	549
362	580
362	803
362	844
362	863
362	914
362	917
362	993
363	400
363	414
363	510
363	570
363	821
363	889
363	908
363	928
363	951
363	955
363	981
364	424
364	655
364	836
364	874
364	898
365	462
365	630
365	678
365	750
366	424
366	610
366	631
366	732
366	779
366	935
367	380
367	482
367	847
368	428
368	953
369	639
369	663
369	806
369	930
369	977
369	996
370	486
370	691
370	861
370	914
371	395
371	471
371	596
371	824
372	388
372	875
372	911
372	917
373	748
374	464
374	484
375	412
375	415
375	426
375	580
375	667
375	670
375	686
375	692
375	730
375	845
375	968
376	590
376	774
376	900
376	911
376	949
377	785
378	714
378	740
378	825
378	907
378	933
379	774
380	460
380	478
380	716
381	387
381	418
381	431
381	496
381	512
381	616
381	627
381	644
382	386
382	503
382	592
382	639
382	695
382	860
382	893
382	960
382	983
383	400
383	523
383	530
383	552
383	751
383	797
383	810
383	856
383	885
383	932
383	947
384	403
384	430
384	455
384	494
384	725
384	767
384	768
384	945
384	953
385	528
385	998
386	403
386	405
386	501
386	506
386	617
386	655
386	793
386	796
386	941
386	971
387	410
387	439
387	605
387	701
387	738
387	869
387	889
387	904
387	935
388	412
388	422
388	537
388	655
388	868
388	875
388	926
389	654
390	584
391	432
391	443
391	510
391	578
391	616
391	625
391	751
392	576
392	598
392	599
392	808
392	919
393	402
393	421
393	490
393	606
393	793
393	803
393	845
393	880
393	917
393	928
393	940
395	543
395	587
395	674
395	704
395	921
396	582
396	601
396	789
396	814
396	864
396	885
396	893
396	967
397	451
397	462
397	490
397	630
397	669
397	671
398	491
398	525
398	549
398	555
398	669
398	863
398	949
399	474
399	859
400	575
400	588
400	608
400	616
400	648
400	721
400	765
400	838
400	839
400	852
400	879
400	905
400	945
400	959
400	972
402	412
402	439
402	467
402	845
402	967
403	491
403	627
403	655
403	782
403	798
403	873
403	916
403	967
403	981
403	991
404	478
404	552
404	909
404	919
404	932
405	466
405	510
405	627
405	834
405	940
405	960
405	985
405	999
406	594
407	417
407	504
407	572
407	643
407	690
407	818
407	834
407	852
407	856
407	904
407	930
408	491
408	571
408	627
408	658
408	694
408	825
408	889
408	901
409	414
409	472
409	516
409	732
409	871
409	921
409	951
410	417
410	418
410	564
410	605
410	645
410	819
410	898
410	960
410	965
410	980
411	513
411	522
411	664
411	978
412	490
412	563
412	655
412	929
413	419
413	545
413	725
413	730
413	807
413	817
413	964
414	535
414	540
414	616
414	789
414	828
414	848
414	871
414	877
415	422
415	722
415	782
415	917
415	992
416	697
417	504
417	570
417	575
417	583
417	616
417	627
417	764
417	785
417	789
417	848
417	862
417	869
417	904
418	457
418	488
418	511
418	598
418	628
418	708
418	731
418	821
418	834
418	893
418	929
418	951
418	960
419	427
419	532
419	579
419	583
419	777
419	817
419	906
420	519
420	610
420	620
420	701
420	806
420	935
421	551
421	747
421	817
421	820
421	916
422	436
422	456
422	489
422	525
422	551
422	580
422	585
422	595
422	706
422	730
422	926
422	949
423	566
424	519
424	540
424	565
424	676
424	733
424	824
424	869
424	901
425	448
425	788
426	491
426	500
426	604
426	857
427	469
427	471
427	587
427	752
427	966
429	714
430	494
430	527
430	592
430	598
430	645
430	694
430	707
430	731
430	975
431	443
431	505
431	510
431	756
431	764
431	893
431	928
431	955
431	956
431	980
432	440
432	558
432	603
433	629
433	646
433	703
433	744
435	475
435	554
435	565
435	610
435	701
435	902
435	988
436	459
436	488
436	506
436	595
436	689
436	695
436	978
436	981
436	990
437	503
437	505
437	695
437	735
437	772
437	872
438	558
438	709
438	710
438	762
438	867
439	476
439	674
439	693
439	730
439	781
439	935
440	495
440	762
440	812
440	858
440	934
441	511
441	881
442	476
442	543
442	544
442	606
442	655
442	674
442	684
442	704
442	817
442	834
442	874
442	944
442	985
443	607
443	614
443	636
443	638
443	682
443	683
443	689
443	692
443	749
443	793
443	868
443	972
444	669
444	926
445	459
445	571
445	709
445	749
445	855
445	918
445	975
446	506
446	509
446	625
446	667
446	793
446	796
446	913
446	949
446	967
447	560
447	632
447	642
447	710
447	796
447	839
447	893
447	929
447	975
448	474
448	486
448	586
448	775
448	859
448	906
448	950
449	466
449	649
449	722
449	886
450	476
450	477
450	479
450	532
450	587
450	944
450	988
451	567
451	580
451	602
451	669
451	722
451	850
451	861
451	911
452	871
452	896
453	461
453	465
453	513
453	517
453	553
453	772
453	870
453	920
454	495
455	577
455	607
455	682
455	713
455	791
455	908
455	952
455	975
456	488
456	722
456	868
456	880
457	510
457	598
457	682
457	689
457	712
457	749
457	855
457	955
457	981
458	665
458	735
458	801
459	466
459	493
459	506
459	509
459	511
459	577
459	614
459	618
459	694
459	741
459	783
459	945
459	981
460	546
460	564
460	578
460	716
460	965
460	983
461	466
461	618
461	698
461	706
461	745
461	770
461	972
461	989
461	990
461	999
462	525
462	551
462	562
462	788
462	912
462	917
462	926
463	582
463	881
463	953
464	596
464	950
465	510
465	801
465	937
466	491
466	686
466	695
466	807
466	876
466	942
466	967
467	500
467	804
467	805
467	857
468	481
468	507
468	729
468	840
468	931
468	938
469	550
469	639
469	748
469	798
469	802
469	944
469	956
469	959
470	505
470	582
470	723
470	826
470	860
470	872
470	995
471	824
472	628
472	675
472	684
472	708
472	738
472	748
472	817
472	871
473	529
473	907
474	484
474	993
475	559
475	620
476	581
476	627
476	727
477	540
477	675
477	696
477	704
478	954
479	982
480	622
481	722
482	512
482	523
482	939
483	493
483	650
483	992
484	596
484	728
484	968
485	826
485	872
485	886
485	887
485	978
485	995
486	500
486	649
486	845
487	924
487	934
488	491
488	607
488	749
488	850
488	975
489	580
489	595
489	726
489	786
489	827
489	844
489	868
489	922
490	563
490	763
490	779
490	873
490	971
491	525
491	617
491	692
491	788
491	835
491	875
491	916
491	970
491	981
492	578
492	602
492	632
492	706
492	741
492	770
492	839
492	959
493	669
493	911
493	971
494	496
494	518
494	530
494	541
494	627
494	657
494	772
494	778
494	813
494	872
495	548
495	618
495	729
495	778
496	510
496	520
496	572
496	600
496	625
496	644
496	677
496	682
496	689
496	695
496	706
496	715
496	747
496	864
496	873
496	959
496	999
497	576
497	578
497	610
497	631
497	639
497	732
497	997
498	504
498	578
498	738
498	790
498	819
498	821
498	832
498	996
500	776
500	805
500	857
500	894
501	633
501	807
501	928
501	929
501	942
503	508
503	645
503	839
503	862
503	889
504	645
504	845
504	954
505	601
505	698
505	755
505	784
505	931
505	955
505	981
506	509
506	531
506	577
506	755
506	796
506	835
506	975
507	517
508	588
508	610
508	631
508	658
508	696
508	836
508	902
509	595
509	667
509	710
509	875
510	564
510	608
510	834
510	879
510	889
510	951
510	969
510	990
511	741
511	747
511	784
511	796
511	822
511	887
512	608
512	612
512	690
512	790
512	899
513	629
513	812
513	887
514	537
514	906
516	639
516	748
516	749
516	798
516	831
516	999
517	603
517	629
517	657
517	842
517	870
517	891
518	557
518	731
518	768
518	772
518	778
518	855
518	893
519	526
519	565
519	599
519	666
519	675
519	785
519	821
519	828
520	543
520	588
520	804
520	815
520	866
520	888
520	942
520	971
521	651
521	762
522	560
522	998
523	524
523	797
523	847
524	677
525	757
525	865
525	886
525	942
526	542
526	587
526	635
526	670
526	696
526	700
526	704
526	781
527	541
527	710
527	772
527	801
527	830
527	953
527	956
529	986
530	638
530	791
530	813
530	872
530	951
531	558
531	601
531	603
531	647
531	657
531	713
531	716
531	741
531	755
531	822
532	596
532	702
532	759
532	800
532	943
534	719
535	849
535	899
535	919
536	636
536	640
536	783
536	786
536	825
536	868
536	876
536	941
536	949
537	655
537	722
537	782
537	888
537	917
537	940
538	554
538	663
538	687
538	847
538	979
540	587
540	634
540	653
540	676
540	732
540	999
541	643
541	778
541	802
541	976
542	621
542	670
542	696
542	899
543	544
543	585
543	655
543	684
543	686
543	705
543	730
543	807
543	942
543	952
544	674
544	777
544	779
544	915
545	571
545	605
545	706
545	725
545	738
545	748
545	798
545	828
545	865
545	928
545	962
546	701
547	676
547	730
547	836
547	961
547	968
548	692
549	820
549	917
549	952
550	725
550	767
550	873
550	904
550	978
550	991
551	585
551	607
551	835
551	855
551	873
551	964
551	993
552	608
552	723
552	840
552	849
553	682
553	695
553	708
553	867
553	931
553	934
554	787
554	790
555	726
555	734
555	746
555	876
555	917
556	892
557	927
558	657
558	698
559	965
559	996
560	632
560	709
560	729
560	770
560	796
560	887
560	941
560	969
563	859
564	571
564	725
564	836
564	838
565	644
565	652
565	653
565	838
565	980
566	617
566	635
566	739
566	800
567	912
568	587
568	752
569	591
570	572
570	588
570	616
570	645
570	832
570	860
570	864
570	866
571	582
571	639
571	860
572	638
572	706
572	751
572	819
572	873
572	960
572	996
573	580
573	617
573	691
573	788
573	873
573	898
574	705
574	746
574	914
574	943
575	658
575	694
575	706
575	838
575	864
575	881
575	899
576	605
576	644
576	748
576	962
577	617
577	640
577	671
577	941
577	949
577	967
578	608
578	639
578	892
578	895
578	909
579	727
579	800
579	943
579	946
580	617
580	850
580	900
580	917
581	609
581	759
582	607
582	813
582	889
582	939
583	670
583	706
583	742
583	809
583	944
583	981
585	636
585	916
585	941
586	681
586	746
586	946
587	653
588	641
588	652
588	653
588	852
588	997
589	982
590	750
590	757
590	911
590	986
591	672
592	810
592	852
592	870
592	889
592	945
592	954
592	983
593	638
593	812
593	858
593	927
593	939
594	610
594	994
594	996
595	667
595	707
595	788
595	791
595	798
595	886
595	991
596	752
598	605
598	695
598	706
598	888
598	955
598	956
599	631
599	639
599	781
599	828
599	831
600	617
600	727
600	798
600	804
600	866
600	875
601	608
601	704
601	818
601	853
601	860
601	960
602	607
602	636
602	725
602	756
602	788
602	873
602	886
602	916
602	981
603	770
603	778
603	873
604	640
604	844
604	993
605	644
605	690
605	942
606	655
606	712
606	820
606	967
607	647
607	682
607	708
607	715
607	725
607	747
607	756
607	820
607	834
607	876
608	645
608	688
608	716
608	723
608	764
608	768
608	852
608	901
610	666
610	895
610	984
611	665
612	784
612	879
613	878
613	879
613	996
614	905
614	916
614	959
614	981
616	638
616	723
616	731
616	862
616	885
616	889
616	980
617	647
617	845
617	916
617	993
618	822
618	842
619	776
620	716
620	769
620	831
620	962
620	977
622	684
622	700
622	804
623	737
623	761
623	814
623	920
623	930
625	725
625	773
625	783
625	819
625	903
626	734
627	733
627	873
627	904
627	910
627	945
627	954
627	960
628	860
628	881
628	899
630	691
630	876
630	911
630	916
630	926
631	633
631	637
631	682
631	860
631	935
631	944
631	988
631	996
632	640
632	650
632	835
632	900
632	949
633	695
633	798
633	817
633	820
633	848
633	866
633	899
633	921
633	935
633	942
633	972
634	658
634	712
634	727
634	836
634	983
635	715
635	809
636	794
636	848
636	876
636	941
637	641
637	815
637	902
638	684
638	731
638	735
638	768
638	866
638	889
638	983
639	666
639	732
639	819
639	862
639	893
639	898
640	684
640	709
640	734
640	773
640	850
640	876
640	981
640	992
641	666
641	764
641	824
641	828
641	832
641	851
641	935
642	692
642	726
642	868
643	648
643	665
643	731
643	737
643	768
643	920
643	958
644	793
644	866
644	955
645	765
645	783
645	852
645	953
645	973
647	694
647	835
647	865
647	969
648	790
648	834
648	840
649	966
650	709
650	740
650	907
650	970
651	913
651	998
652	670
652	696
653	663
653	701
655	824
657	813
657	978
658	707
658	716
658	785
658	819
658	866
658	869
658	899
660	958
661	708
661	710
661	770
661	796
661	971
661	989
663	996
664	709
664	762
664	774
665	735
665	797
665	883
665	920
665	931
666	785
666	819
666	919
666	988
666	996
667	708
667	729
667	749
667	756
667	783
667	855
667	893
667	929
667	949
669	861
669	911
669	915
669	917
669	969
670	696
670	781
670	838
670	960
671	722
671	967
673	850
673	868
674	730
674	903
674	967
674	985
676	746
676	857
677	761
677	814
677	890
677	958
678	825
678	970
679	802
679	842
681	776
682	715
682	755
682	872
682	959
682	971
684	705
684	712
684	752
684	782
684	869
684	915
684	943
684	962
684	985
685	884
686	844
686	861
686	876
687	955
688	690
688	764
688	785
688	787
688	851
688	877
688	895
689	692
689	756
689	765
689	804
689	855
689	876
689	887
689	905
689	931
689	952
689	959
690	832
690	932
690	995
690	997
691	746
691	805
692	835
692	852
692	985
693	746
693	782
693	961
693	966
694	723
694	725
694	826
694	856
694	864
694	951
695	755
695	784
695	813
695	893
695	945
695	956
695	990
696	781
696	809
698	789
698	981
701	831
701	965
702	777
702	824
702	836
702	906
704	727
704	809
705	807
705	915
705	946
705	966
705	972
706	834
706	839
706	904
706	951
706	983
707	729
707	893
707	901
707	929
707	934
707	955
708	749
708	812
708	858
709	731
709	770
709	855
709	971
709	978
710	751
710	767
710	786
712	727
712	730
712	748
712	765
712	845
712	898
712	943
713	729
713	796
714	774
715	720
715	756
715	793
715	820
715	825
715	834
715	929
716	769
716	919
716	951
717	870
720	745
720	825
720	929
721	802
721	813
721	837
721	872
721	931
722	845
722	886
722	894
723	797
723	895
723	908
723	965
723	997
724	806
725	747
725	798
725	904
725	955
725	966
726	900
726	905
727	838
727	869
727	874
727	885
727	903
727	991
728	854
730	746
730	824
730	836
730	888
730	921
731	747
731	756
731	837
731	908
731	945
732	828
733	782
733	824
734	811
734	911
735	790
735	810
735	840
735	973
737	862
737	923
737	958
738	828
738	878
738	904
741	767
741	822
741	972
742	972
743	760
744	830
744	913
744	976
746	751
746	946
747	791
747	793
747	893
747	956
747	964
749	755
749	858
749	905
749	941
749	951
749	967
749	975
750	912
751	796
751	873
751	978
756	834
756	940
756	952
756	990
757	793
757	803
757	918
759	807
759	961
761	768
761	860
761	881
761	885
762	778
762	933
762	992
764	832
764	851
765	852
765	895
765	928
765	965
765	983
766	919
766	932
766	979
766	996
767	855
767	934
768	772
768	810
768	951
768	958
769	902
769	977
769	979
769	982
772	853
772	951
772	995
773	868
773	905
775	844
775	906
775	968
777	866
777	880
777	966
778	918
779	817
779	888
779	915
779	946
781	798
781	943
782	798
783	978
784	860
784	893
784	990
785	790
785	832
785	848
786	926
786	975
787	871
787	895
787	899
787	997
788	820
788	863
788	905
788	917
789	942
790	798
790	869
791	864
791	983
793	967
794	992
796	822
796	886
796	918
797	829
797	847
797	879
797	932
798	813
798	995
799	808
801	924
802	837
802	890
803	844
804	834
804	839
804	865
804	952
805	857
805	868
810	901
811	905
811	912
812	978
813	934
817	874
818	829
818	930
819	838
819	860
819	904
820	824
820	876
820	942
820	955
820	967
821	899
822	981
825	969
826	960
828	851
828	930
828	973
829	832
831	851
832	838
832	877
832	981
832	997
834	898
834	910
834	946
835	905
835	916
835	926
835	941
836	921
837	860
837	920
837	934
838	848
838	904
838	918
838	959
838	960
838	991
838	999
839	865
839	928
839	967
839	972
839	990
840	883
840	939
840	947
844	850
844	875
844	894
844	914
845	940
847	891
847	920
847	947
848	855
848	908
849	930
851	856
851	877
851	996
852	853
852	879
855	872
855	876
855	881
856	885
856	897
856	995
857	993
858	879
858	981
860	901
860	935
862	864
862	869
862	901
862	953
863	894
864	865
864	960
864	990
865	901
865	929
865	940
865	942
865	967
866	872
866	875
866	956
866	981
866	985
869	877
869	910
869	928
869	943
869	962
871	977
871	979
872	931
873	928
873	967
873	969
874	910
874	966
875	916
879	895
879	904
879	995
880	967
880	978
881	954
883	958
884	907
884	963
885	909
885	960
886	951
886	959
887	918
888	967
889	980
890	920
890	954
891	945
892	927
892	954
893	897
893	990
894	968
898	902
898	910
898	943
899	988
900	968
900	986
902	972
903	928
903	949
904	910
904	965
905	916
906	916
906	993
907	963
909	954
913	938
916	967
916	971
917	941
920	953
920	973
921	929
923	958
923	997
926	989
928	929
928	972
929	972
931	947
931	969
933	941
933	992
934	937
934	987
937	951
937	956
937	987
939	987
945	973
945	980
952	971
952	972
955	960
956	981
956	983
956	990
956	999
959	983
960	983
962	996
966	991
967	990
968	993
973	990
975	978
977	996
