0	11
0	192
0	250
0	497
0	565
0	747
0	853
0	875
1	278
1	395
1	407
1	504
1	506
1	636
1	820
1	912
1	971
2	6
2	139
2	371
2	415
2	419
2	542
2	809
2	927
3	42
3	168
3	284
3	525
3	576
3	582
3	597
3	748
3	755
3	950
3	966
3	979
4	37
4	48
4	58
4	94
4	307
4	548
4	706
4	720
6	90
6	205
6	216
6	232
6	265
6	623
6	883
7	65
7	110
7	142
7	276
7	306
7	314
7	528
7	685
7	753
7	754
7	765
7	800
7	908
7	986
8	298
8	484
8	556
8	715
8	798
8	808
8	888
9	106
9	244
9	263
9	270
9	287
9	374
9	400
9	410
9	433
9	473
9	478
9	505
9	576
9	586
9	640
9	652
9	949
10	595
11	28
11	59
11	75
11	111
11	211
11	282
11	316
11	332
11	449
11	539
11	646
11	653
11	665
11	672
11	728
11	740
11	784
11	835
11	931
11	958
12	39
12	113
12	282
12	284
12	353
12	358
12	412
12	451
12	505
12	689
12	702
12	877
13	15
13	64
13	80
13	83
13	136
13	163
13	165
13	186
13	237
13	276
13	409
13	468
13	556
13	571
13	586
13	637
13	741
13	859
13	895
13	915
13	937
13	974
13	982
14	124
14	212
14	226
14	462
14	472
14	588
14	802
14	970
15	26
15	84
15	96
15	200
15	238
15	316
15	325
15	343
15	366
15	367
15	637
15	641
15	815
15	844
15	871
15	873
16	66
16	126
16	167
16	424
16	504
16	510
16	537
16	555
16	635
16	652
16	681
16	774
16	980
16	982
17	65
17	437
17	458
17	571
17	576
17	660
17	739
17	758
17	953
18	40
18	45
18	59
18	66
18	113
18	211
18	350
18	384
18	442
18	482
18	558
18	652
18	672
18	693
18	697
18	779
19	23
19	122
19	159
19	182
19	212
19	226
19	278
19	297
19	424
19	550
19	628
19	727
19	757
19	852
19	894
19	961
19	973
20	28
20	59
20	121
20	122
20	165
20	238
20	284
20	350
20	469
20	478
20	488
20	597
20	616
20	624
20	641
20	892
20	902
20	931
20	970
21	33
21	185
21	423
21	482
21	854
22	133
22	181
22	244
22	279
22	324
22	342
22	449
22	455
22	702
22	709
22	799
22	879
22	943
22	950
23	138
23	195
23	317
23	337
23	535
23	580
23	710
23	826
23	834
23	954
24	860
25	26
25	108
25	207
25	617
25	666
25	736
25	767
25	795
25	897
25	898
26	57
26	113
26	162
26	170
26	209
26	392
26	726
26	759
26	760
26	770
27	239
28	40
28	102
28	103
28	113
28	237
28	358
28	452
28	502
28	624
28	726
28	755
28	915
28	935
29	59
29	102
29	287
29	412
29	436
29	469
29	555
29	698
29	843
29	892
29	965
29	990
30	73
30	321
30	976
31	57
31	129
31	202
31	329
31	372
31	432
31	827
31	839
32	130
32	172
32	269
32	335
32	378
32	615
33	328
33	705
33	853
34	98
34	307
34	462
34	762
34	798
35	147
36	202
36	220
36	285
36	398
36	602
36	667
36	850
36	859
36	869
37	136
37	186
37	245
37	342
37	394
37	645
37	702
37	845
37	883
37	919
38	136
38	159
38	244
38	338
38	366
38	385
38	438
38	455
38	474
38	530
38	576
38	672
38	689
38	691
38	781
38	797
38	848
38	867
38	882
38	940
38	988
39	190
39	202
39	379
39	488
39	502
39	513
39	569
39	687
39	872
39	911
39	921
40	113
40	180
40	248
40	316
40	342
40	343
40	358
40	374
40	382
40	401
40	437
40	452
40	526
40	573
40	581
40	601
40	612
40	622
40	640
40	660
40	673
40	677
40	714
40	837
40	905
40	915
40	918
40	929
40	958
40	970
41	595
42	163
42	173
42	195
42	287
42	299
42	519
42	610
42	696
42	837
42	878
42	933
43	67
43	278
43	321
43	354
44	63
44	122
44	142
44	337
44	719
44	826
44	958
44	972
44	975
45	48
45	65
45	214
45	281
45	338
45	369
45	383
45	437
45	442
45	469
45	486
45	528
45	534
45	543
45	620
45	800
45	851
45	855
46	419
46	493
47	276
47	817
47	903
48	133
48	181
48	211
48	290
48	306
48	321
48	515
48	733
48	863
48	879
48	922
49	92
49	466
49	699
49	805
50	54
50	131
50	205
50	459
50	708
50	745
50	996
51	313
51	377
51	405
51	471
51	549
51	701
51	754
51	818
51	851
51	903
51	975
51	985
52	151
52	308
52	520
52	670
52	720
52	932
52	963
52	969
52	998
53	111
53	190
53	212
53	229
53	354
53	470
53	497
53	555
53	733
54	153
54	159
54	263
54	364
54	390
54	408
54	608
54	735
54	803
54	858
55	106
55	524
55	787
56	173
56	199
56	247
56	270
56	359
56	507
56	525
56	570
56	574
56	700
56	962
57	156
57	162
57	305
57	323
57	398
57	428
57	641
57	680
57	846
58	60
58	93
58	126
58	136
58	138
58	167
58	470
58	479
58	526
58	540
58	592
58	647
58	720
58	907
58	910
58	912
58	916
59	63
59	122
59	256
59	314
59	384
59	405
59	412
59	620
59	800
59	826
59	892
60	84
60	159
60	336
60	436
60	468
60	511
60	526
60	568
60	702
60	736
60	747
60	801
60	844
60	848
60	872
60	877
60	994
60	997
62	112
62	264
62	618
62	729
62	738
63	93
63	121
63	172
63	179
63	220
63	326
63	384
63	456
63	510
63	528
63	620
63	673
63	851
63	884
63	930
63	945
63	958
63	987
64	84
64	168
64	201
64	360
64	361
64	376
64	380
64	436
64	507
64	613
64	646
64	824
64	827
64	838
64	843
64	950
65	127
65	167
65	180
65	190
65	200
65	206
65	238
65	338
65	366
65	438
65	499
65	526
65	652
65	681
65	714
65	724
65	806
65	832
65	848
66	214
66	488
66	510
66	528
66	599
66	619
66	639
66	659
66	677
66	855
66	967
67	306
67	386
67	593
67	765
68	71
68	209
68	305
68	329
68	643
68	649
68	746
68	890
68	897
69	822
70	264
70	395
70	754
70	856
71	140
71	162
71	166
71	228
71	323
71	551
71	606
71	795
71	846
71	959
71	989
72	316
72	370
72	485
72	606
72	614
73	239
73	252
73	517
73	577
73	833
74	84
74	135
74	156
74	327
74	329
74	360
74	362
74	616
74	666
74	704
74	786
74	846
74	850
74	869
74	935
75	103
75	187
75	209
75	302
75	561
75	795
75	830
75	954
76	96
76	122
76	170
76	202
76	329
76	707
76	746
76	911
76	984
77	114
77	174
77	188
77	285
77	333
77	959
78	614
79	96
79	127
79	220
79	341
79	405
79	458
79	557
79	693
79	749
79	949
80	115
80	134
80	170
80	221
80	384
80	431
80	525
80	574
80	689
80	755
80	801
81	88
81	142
81	272
81	313
81	429
81	476
81	557
81	625
81	747
81	817
81	818
81	928
81	944
82	142
82	596
83	106
83	165
83	282
83	389
83	446
83	586
83	631
83	666
83	743
83	755
83	848
83	933
83	974
84	141
84	200
84	248
84	263
84	310
84	514
84	525
84	579
84	621
84	644
84	695
84	777
84	801
84	827
84	893
84	961
84	966
85	275
85	323
85	518
85	597
85	612
85	666
85	687
85	755
85	791
85	841
85	890
85	997
86	787
86	995
87	213
87	414
87	651
88	176
88	456
88	732
89	253
89	269
89	328
89	368
89	378
89	411
89	727
89	780
89	892
90	216
90	288
90	346
90	390
90	489
90	657
90	794
90	914
91	216
91	257
91	279
91	579
91	657
91	808
91	960
91	993
92	656
93	126
93	144
93	264
93	326
93	457
93	511
93	535
93	693
93	701
93	703
93	890
93	937
94	130
94	252
94	467
94	976
95	162
95	168
95	209
95	518
95	561
95	598
95	652
95	777
95	830
96	221
96	282
96	367
96	452
96	499
96	641
96	659
96	742
96	746
96	918
97	381
97	453
98	137
98	307
99	550
99	670
99	812
99	888
99	939
100	205
100	346
100	745
100	796
100	960
100	985
101	288
101	603
101	809
102	170
102	190
102	285
102	312
102	327
102	341
102	357
102	412
102	451
102	497
102	503
102	510
102	562
102	617
102	635
102	682
102	687
102	702
102	747
102	754
102	821
102	850
102	921
103	123
103	357
103	358
103	391
103	392
103	474
104	212
104	234
104	266
104	509
104	545
104	548
104	738
104	757
104	812
104	963
105	153
105	490
105	590
105	603
105	857
105	916
106	206
106	224
106	279
106	299
106	300
106	350
106	430
106	438
106	516
106	729
106	738
106	754
106	814
106	819
106	874
106	919
106	982
106	983
107	174
107	347
107	684
107	839
107	965
108	323
108	437
108	496
108	597
108	609
108	621
108	644
108	660
108	760
109	155
109	351
109	444
109	631
109	691
109	776
110	121
110	218
110	253
110	306
110	314
110	908
111	184
111	312
111	813
111	821
111	948
111	959
112	317
112	364
112	400
112	422
112	437
112	449
112	896
112	944
112	960
113	358
113	389
113	455
113	505
113	752
113	774
113	984
114	140
114	188
114	513
114	562
114	791
114	821
114	839
114	846
114	850
114	859
114	958
114	970
115	152
115	168
115	248
115	345
115	360
115	387
115	389
115	492
115	567
115	570
115	662
115	689
115	793
115	874
115	915
115	970
115	974
115	997
116	243
116	643
116	828
116	934
117	138
117	218
117	297
117	395
117	417
117	564
117	763
117	872
118	169
118	233
118	279
118	291
118	299
118	300
118	567
118	576
118	743
119	184
119	190
119	285
119	369
119	391
119	398
119	432
119	687
119	792
119	869
120	836
121	133
121	172
121	212
121	221
121	274
121	353
121	369
121	374
121	540
121	565
121	590
121	718
121	733
121	739
121	865
121	875
121	883
122	167
122	410
122	486
122	497
122	510
122	625
122	638
122	652
122	682
122	702
122	714
122	845
122	884
122	960
123	168
123	280
123	354
123	449
123	654
123	689
123	726
123	728
123	739
123	800
123	832
123	845
123	877
123	883
123	952
123	990
124	363
124	462
124	564
124	692
124	856
124	963
125	293
125	427
125	574
125	756
125	805
125	868
126	185
126	269
126	337
126	618
126	634
126	636
126	701
126	728
126	757
126	812
126	837
127	198
127	224
127	238
127	318
127	488
127	505
127	515
127	534
127	565
127	575
127	681
127	738
127	843
127	879
127	922
127	930
127	940
128	207
128	389
128	621
128	644
128	746
128	871
128	993
129	202
129	209
129	260
129	612
129	658
129	829
129	846
129	873
129	959
130	136
130	142
130	144
130	172
130	334
130	537
130	703
130	768
130	782
130	877
130	926
130	931
131	267
131	271
131	349
131	430
131	556
131	678
131	711
131	718
131	738
131	743
131	802
132	960
133	167
133	350
133	382
133	384
133	413
133	535
133	665
133	717
133	728
133	738
133	752
133	781
133	800
133	838
133	940
134	163
134	291
134	523
134	570
134	671
134	694
134	979
135	175
135	188
135	191
135	285
135	432
135	725
135	911
135	959
136	145
136	283
136	306
136	308
136	436
136	474
136	510
136	540
136	550
136	565
136	576
136	592
136	638
136	665
136	677
136	758
136	845
136	865
136	875
137	249
137	297
137	308
137	524
137	618
137	764
137	787
137	983
138	262
138	290
138	533
138	735
138	764
138	916
139	794
140	147
140	156
140	177
140	188
140	485
140	614
140	791
140	869
140	959
141	158
141	195
141	244
141	310
141	389
141	561
141	568
141	640
141	671
141	784
141	819
141	966
142	325
142	335
142	378
142	411
142	717
142	780
143	189
143	236
143	472
143	787
144	186
144	224
144	318
144	342
144	353
144	478
144	488
144	526
144	647
144	652
144	659
144	708
144	758
144	865
144	877
145	416
145	521
146	194
146	347
146	881
147	254
148	210
148	215
148	774
148	866
148	926
148	965
149	466
150	417
150	584
150	647
150	686
150	810
151	264
151	321
151	363
151	394
151	484
151	515
151	533
151	706
151	761
151	775
151	812
151	834
151	848
151	867
151	888
151	909
151	964
151	983
152	270
152	474
152	492
152	496
152	514
152	594
152	716
152	808
153	527
153	840
153	964
155	171
155	216
155	233
155	257
155	267
155	511
155	608
155	715
155	778
155	802
155	837
155	906
156	161
156	333
156	372
156	379
156	485
156	528
156	652
156	704
156	846
156	869
156	959
156	965
157	279
157	360
157	516
157	523
157	743
157	778
157	878
157	986
158	200
158	310
158	336
158	345
158	361
158	457
158	468
158	474
158	499
158	512
158	519
158	714
158	741
158	830
159	224
159	279
159	288
159	385
159	436
159	442
159	449
159	488
159	554
159	710
159	832
159	847
159	895
159	950
159	952
159	974
160	489
160	766
161	243
161	463
162	177
162	209
162	238
162	372
162	514
162	622
162	759
162	786
162	829
163	310
163	346
163	382
163	525
163	568
163	570
163	573
163	574
163	613
163	637
163	668
163	756
163	801
163	858
163	868
163	874
163	913
163	974
164	431
164	498
165	224
165	271
165	342
165	361
165	437
165	438
165	552
165	663
165	689
165	847
166	258
166	392
167	180
167	220
167	256
167	334
167	355
167	405
167	533
167	540
167	576
167	592
167	714
167	740
167	749
167	784
167	930
167	952
167	954
168	360
168	532
168	570
168	572
168	574
168	652
168	662
168	668
168	671
168	709
168	793
168	815
168	830
168	847
168	849
168	858
169	242
169	289
169	351
169	356
169	408
169	422
169	452
169	586
169	608
169	719
169	724
169	736
169	793
169	803
169	819
169	837
169	841
169	915
170	191
170	284
170	376
170	631
170	659
170	741
170	767
170	829
170	846
171	430
171	483
171	715
171	719
171	812
172	190
172	211
172	212
172	276
172	337
172	352
172	486
172	506
172	533
172	592
172	739
172	945
173	201
173	219
173	288
173	293
173	526
173	644
173	799
173	814
173	837
173	878
173	904
173	966
173	974
174	254
174	707
175	235
175	314
175	398
175	503
175	653
175	677
175	753
175	822
175	881
175	948
175	987
176	418
176	461
176	555
176	948
177	323
177	357
177	512
177	624
177	746
177	990
178	448
179	256
179	412
179	488
179	635
179	682
179	687
179	754
179	792
179	866
179	941
179	986
180	187
180	224
180	336
180	360
180	408
180	437
180	545
180	552
180	571
180	576
180	672
180	681
180	691
180	709
180	752
180	867
181	298
181	337
181	368
181	394
181	407
181	622
181	645
181	775
181	883
181	896
181	912
181	947
181	954
182	368
182	487
182	628
182	912
184	383
184	405
184	471
184	813
184	841
184	852
185	818
185	851
185	861
185	863
185	902
185	908
185	926
185	939
186	206
186	244
186	345
186	356
186	369
186	544
186	554
186	556
186	575
186	749
186	752
186	865
186	950
186	988
187	221
187	262
187	380
187	594
187	754
187	771
187	844
187	893
187	980
187	984
187	997
188	332
188	499
188	502
188	602
188	616
189	195
189	267
189	422
189	798
190	314
190	332
190	646
190	675
190	744
190	770
190	774
190	806
190	826
190	835
190	915
191	209
191	707
191	728
191	739
191	770
191	790
191	818
192	272
192	398
192	732
192	903
192	928
192	955
192	987
193	464
193	605
193	683
194	398
194	675
194	704
195	196
195	201
195	356
195	433
195	526
195	567
195	812
195	840
195	904
195	924
195	980
195	988
196	226
196	433
196	752
196	929
196	982
198	212
198	342
198	394
198	400
198	407
198	419
198	478
198	573
198	681
198	715
198	733
198	735
198	757
198	775
198	945
198	961
199	291
199	323
199	496
199	538
199	597
199	613
199	695
199	786
199	837
200	353
200	366
200	478
200	641
200	798
200	829
200	837
200	937
201	299
201	433
201	446
201	483
201	567
201	578
201	710
201	728
201	840
201	960
202	260
202	329
202	499
202	726
202	767
202	791
202	839
202	911
203	244
203	283
203	400
203	433
203	442
203	457
203	534
203	554
203	576
203	672
203	697
203	744
203	834
203	861
203	875
203	937
203	952
203	958
203	983
204	871
205	265
205	286
205	300
205	346
205	532
205	960
206	241
206	244
206	336
206	409
206	530
206	590
206	661
206	681
206	803
206	879
206	919
206	933
207	275
207	291
207	380
207	401
207	601
207	668
207	736
207	760
207	799
207	815
207	871
207	913
208	481
208	501
209	452
209	562
209	594
209	612
209	698
209	746
209	850
209	950
210	423
210	479
210	652
210	770
210	782
210	930
211	220
211	411
211	479
211	528
211	636
211	640
211	703
211	980
212	262
212	506
212	529
212	543
212	592
212	717
212	720
212	733
212	757
212	812
212	863
212	906
212	924
212	985
212	998
214	335
214	352
214	442
214	471
214	528
214	548
214	902
215	264
215	411
215	413
215	471
215	573
215	620
215	650
215	740
215	754
215	949
217	252
217	321
217	593
217	636
217	908
217	939
218	253
218	269
218	539
218	593
218	596
218	765
218	852
219	330
219	447
219	655
220	279
220	575
220	594
220	703
220	832
220	884
221	282
221	301
221	389
221	518
221	526
221	554
221	624
221	650
221	759
221	844
221	847
221	858
221	873
221	895
221	933
221	952
221	984
222	232
222	415
222	857
223	440
223	753
224	245
224	263
224	408
224	424
224	430
224	433
224	455
224	462
224	552
224	757
224	816
224	867
224	882
224	986
225	288
225	748
225	794
225	799
225	801
225	805
225	878
226	395
226	396
226	529
226	670
226	816
226	888
226	985
227	253
227	386
227	517
227	789
228	463
229	412
229	497
229	619
229	747
229	753
229	822
230	352
230	421
230	521
230	765
231	307
231	787
231	856
231	973
232	419
232	459
232	546
233	288
233	433
233	568
233	575
234	236
234	860
234	867
234	981
235	312
235	461
235	555
235	569
235	773
235	813
236	348
236	364
237	238
237	280
237	384
237	394
237	455
237	488
237	510
237	571
237	688
237	728
237	761
237	803
237	841
237	940
238	263
238	301
238	316
238	325
238	336
238	353
238	369
238	400
238	486
238	576
238	654
238	739
238	744
238	779
238	806
238	829
238	848
238	929
238	940
239	378
239	645
240	453
240	493
241	310
241	410
241	473
241	516
241	530
241	553
241	586
241	640
241	681
241	727
241	838
241	874
242	299
242	400
242	530
242	552
242	718
242	874
242	931
242	954
242	978
242	983
242	988
243	327
243	531
243	850
243	898
244	282
244	310
244	387
244	504
244	530
244	554
244	654
244	702
244	733
244	825
244	918
244	940
244	980
244	986
245	342
245	394
245	631
245	691
245	733
245	764
245	867
245	882
245	904
245	978
245	983
247	361
247	541
247	655
247	767
247	799
247	831
248	301
248	437
248	519
248	578
248	624
248	652
248	801
248	806
248	808
250	457
250	581
250	701
250	813
250	851
250	879
250	930
251	494
252	393
252	467
252	491
252	495
252	750
252	976
253	368
253	442
253	744
254	347
254	503
254	667
254	675
254	698
254	734
255	390
255	490
255	564
255	588
255	789
255	835
255	969
255	973
255	998
256	322
256	343
256	352
256	362
256	384
256	412
256	470
256	505
256	528
256	612
256	635
256	652
256	806
256	928
256	944
257	299
257	351
257	556
257	594
257	796
257	900
258	389
258	450
258	649
258	677
258	846
259	303
260	284
260	285
260	323
260	357
260	389
260	392
260	502
260	551
260	640
260	990
262	338
262	394
262	400
262	407
262	409
262	450
262	473
262	478
262	479
262	486
262	533
262	590
262	654
262	738
262	744
262	749
262	757
262	779
262	852
262	908
262	909
262	929
262	985
263	267
263	336
263	371
263	390
263	433
263	541
263	618
263	631
263	648
263	691
263	695
263	711
263	729
263	778
263	787
263	988
264	408
264	750
264	947
265	289
265	375
265	522
266	393
266	487
267	291
267	324
267	385
267	433
267	552
267	553
267	711
267	803
267	882
267	964
267	983
267	988
268	416
268	772
268	891
268	901
269	276
269	326
269	355
269	378
269	701
270	288
270	349
270	427
270	541
270	570
270	662
270	791
270	847
270	885
270	994
271	322
271	351
271	424
271	565
271	691
271	712
271	781
271	802
271	816
271	884
271	998
272	558
272	866
272	972
272	987
273	281
273	374
273	407
273	622
273	635
273	688
273	714
273	744
273	747
273	757
273	779
273	875
273	903
273	931
273	941
274	282
274	354
274	394
274	408
274	543
274	565
274	576
274	586
274	640
274	988
275	302
275	310
275	409
275	507
275	622
275	771
275	793
275	827
275	844
275	905
275	999
276	409
276	473
276	537
276	875
276	961
276	975
277	370
277	574
277	700
277	741
277	885
278	363
278	486
278	580
278	590
278	592
278	618
278	626
278	708
278	834
278	894
278	909
279	291
279	351
279	515
279	530
279	541
279	567
279	586
279	637
279	778
279	844
279	904
279	993
280	284
280	357
280	366
280	376
280	380
280	409
280	438
280	512
280	576
280	637
280	659
280	673
280	688
280	728
280	806
280	847
280	896
280	922
280	953
281	316
281	358
281	442
281	586
281	620
281	677
281	693
281	718
281	744
281	754
281	780
281	905
281	930
281	949
281	965
281	980
282	283
282	361
282	366
282	405
282	449
282	450
282	458
282	468
282	474
282	506
282	512
282	526
282	601
282	616
282	640
282	641
282	650
282	660
282	689
282	758
282	781
282	819
282	852
282	895
282	950
282	986
283	505
283	528
283	624
283	739
283	800
283	941
283	944
283	975
284	316
284	379
284	502
284	576
284	613
285	323
285	476
285	531
285	646
285	707
285	849
285	859
285	869
286	351
286	356
286	390
286	433
286	446
286	764
286	960
287	341
287	436
287	438
287	510
287	742
287	759
287	797
287	806
287	883
287	915
287	924
287	931
288	346
288	530
288	544
288	579
288	661
289	453
289	459
289	623
289	743
289	862
289	870
289	982
289	992
290	407
290	457
290	543
290	648
290	879
290	916
290	947
291	336
291	343
291	567
291	575
291	799
291	814
292	897
293	541
293	573
293	695
293	716
293	776
293	808
293	825
293	974
294	494
294	579
294	696
294	723
294	748
294	778
294	900
294	966
295	519
295	630
295	876
296	679
297	322
297	506
297	524
297	738
297	812
297	919
297	920
298	462
298	472
298	564
298	670
298	812
298	985
299	336
299	390
299	401
299	492
299	567
299	594
299	678
299	830
299	904
299	915
299	943
300	349
300	453
300	836
300	862
300	899
300	960
301	360
301	380
301	389
301	409
301	458
301	561
301	567
301	572
301	637
301	640
301	654
301	770
301	771
301	883
301	915
301	952
302	341
302	388
302	410
302	624
302	689
302	777
302	952
303	399
303	690
304	910
305	392
305	612
305	617
305	725
305	759
306	386
306	685
306	835
306	902
307	338
307	676
307	787
308	520
308	533
308	540
308	565
308	618
308	673
308	678
308	733
308	735
308	761
308	779
308	907
308	982
309	339
309	424
309	431
309	472
309	679
309	769
309	943
309	992
310	336
310	468
310	544
310	565
310	568
310	578
310	644
310	659
310	666
310	668
310	777
311	424
311	535
311	812
311	936
312	887
313	335
313	482
313	592
313	714
313	774
313	813
313	908
314	469
314	497
314	569
314	672
314	740
314	747
314	826
314	851
314	884
314	975
315	514
315	825
315	831
315	858
315	994
316	353
316	512
316	549
316	622
316	650
316	673
316	718
316	770
316	855
316	883
316	935
316	944
317	405
317	457
317	473
317	538
317	573
317	738
317	750
317	764
317	863
317	867
317	879
317	909
317	969
318	337
318	484
318	691
318	833
318	939
320	538
320	656
320	904
321	417
321	457
321	543
321	692
321	768
321	888
321	944
321	973
322	524
322	661
322	663
322	670
322	816
322	904
323	362
323	370
323	410
323	707
323	807
323	844
323	849
323	872
323	990
324	336
324	408
324	490
324	511
324	709
324	715
324	775
324	799
324	803
324	814
324	832
324	848
324	867
324	960
324	988
325	338
325	405
325	470
325	534
325	583
325	592
325	682
325	703
325	714
325	874
325	879
325	922
325	971
326	377
326	395
326	429
326	456
326	537
326	592
326	818
327	347
327	398
327	477
327	704
328	335
328	352
328	378
328	383
328	505
328	596
328	672
328	780
328	782
328	851
328	891
329	562
329	771
329	846
329	959
330	380
330	610
330	831
331	555
331	557
331	804
332	401
332	436
332	452
332	571
332	646
332	650
332	653
332	673
332	726
332	774
332	791
332	804
332	839
332	935
332	989
333	485
333	959
333	965
334	369
334	389
334	505
334	511
334	540
334	576
334	665
334	800
334	940
334	947
335	592
335	596
335	634
335	783
335	853
336	360
336	387
336	400
336	446
336	483
336	530
336	594
336	663
336	678
336	743
336	829
337	438
337	486
337	577
337	645
337	701
337	749
337	757
337	761
337	779
337	875
338	342
338	350
338	383
338	412
338	486
338	488
338	543
338	592
338	682
338	749
338	784
338	800
338	866
338	930
338	986
339	460
339	710
339	713
339	862
339	896
340	603
341	343
341	361
341	455
341	510
341	592
341	654
341	693
341	695
341	715
341	730
341	843
341	954
342	394
342	400
342	413
342	486
342	533
342	573
342	631
342	702
342	739
342	834
342	867
342	882
342	933
343	380
343	474
343	552
343	576
343	622
343	624
343	663
343	678
343	693
343	709
343	730
343	742
343	778
343	806
343	915
343	966
345	380
345	452
345	512
345	666
345	702
345	744
345	844
345	913
345	994
346	361
346	381
346	441
346	657
346	715
347	451
347	555
347	881
347	967
348	713
348	995
349	415
349	882
350	355
350	457
350	520
350	533
350	540
350	571
350	645
350	693
350	701
350	744
350	800
350	907
350	922
351	360
351	364
351	371
351	490
352	482
352	497
352	647
352	783
353	354
353	358
353	374
353	438
353	458
353	499
353	504
353	540
353	576
353	654
353	677
353	714
353	820
353	844
353	952
353	987
354	424
354	488
354	533
354	550
354	638
354	648
354	744
354	749
354	754
354	835
354	852
354	854
354	877
354	905
354	971
354	998
355	367
355	407
355	471
355	511
355	533
355	645
355	685
355	717
355	781
355	865
356	361
356	532
356	702
356	778
356	796
356	882
357	398
357	429
357	569
357	616
357	653
357	684
357	697
357	990
358	367
358	379
358	398
358	410
358	458
358	562
358	609
358	747
358	758
358	975
359	380
359	388
359	507
359	561
359	598
359	655
359	786
359	805
359	827
360	449
360	571
360	616
360	637
360	640
360	652
360	668
360	730
360	759
360	781
360	797
360	801
360	929
361	484
361	492
361	578
361	586
361	637
361	644
361	756
361	790
361	950
361	974
362	578
362	666
362	790
362	829
362	839
362	904
362	935
363	491
363	593
363	648
363	664
363	882
363	925
363	931
364	400
364	498
364	670
364	724
364	729
364	764
364	961
364	978
364	988
365	551
365	767
366	379
366	474
366	519
366	640
366	659
366	728
366	754
366	779
366	835
366	848
366	918
366	921
366	958
366	970
367	437
367	469
367	554
367	609
367	617
367	624
367	652
367	659
367	829
367	931
367	937
368	395
368	411
368	439
368	479
368	626
368	661
368	765
368	775
368	907
368	912
368	925
368	963
369	405
369	504
369	516
369	622
369	739
369	744
369	758
369	770
369	852
369	865
370	420
370	777
370	890
371	490
371	542
371	623
371	679
371	798
371	882
371	917
372	450
372	612
372	624
372	649
373	810
374	378
374	504
374	592
374	693
374	800
374	928
374	954
374	959
375	415
375	444
375	459
375	724
376	392
376	496
376	499
376	730
376	742
376	791
376	793
376	935
377	708
377	861
377	891
377	972
378	564
378	583
378	600
378	740
378	902
378	903
378	928
378	957
379	384
379	398
379	502
379	512
379	694
379	731
379	749
379	755
379	758
379	883
379	944
380	385
380	450
380	499
380	582
380	601
380	656
380	677
380	741
380	742
380	746
380	777
380	832
380	873
381	870
382	413
382	512
382	524
382	583
382	663
382	665
382	819
382	835
382	922
382	943
382	944
383	528
383	537
383	543
383	592
383	672
383	689
383	740
383	918
383	987
384	438
384	457
384	590
384	637
384	708
384	726
384	754
384	779
384	783
384	835
384	865
384	875
384	944
384	958
384	973
385	387
385	474
385	578
385	678
385	709
385	914
385	933
386	456
386	533
386	663
386	701
386	768
386	841
386	863
386	922
386	957
387	519
387	568
387	637
387	778
388	404
388	492
388	572
388	621
388	793
388	942
389	503
389	649
389	695
389	760
389	815
389	875
390	777
390	867
390	924
390	988
391	398
391	440
391	617
391	646
391	666
391	687
391	759
391	846
391	859
392	562
392	602
392	649
392	659
392	795
392	846
393	713
393	833
393	894
394	535
394	640
394	757
394	865
394	877
394	930
394	963
395	424
395	506
395	543
395	593
395	618
396	457
396	665
396	816
396	862
396	919
396	973
396	982
397	703
398	436
398	469
398	497
398	503
398	624
398	677
398	741
398	773
398	790
398	850
398	905
398	990
399	690
400	519
400	540
400	550
400	573
400	654
400	709
400	781
400	867
400	952
400	988
401	570
401	659
401	662
401	695
401	756
401	974
403	891
404	572
404	825
404	858
405	409
405	497
405	552
405	672
405	779
405	806
405	848
405	918
405	986
406	831
407	439
407	543
407	812
407	833
407	912
407	916
407	954
408	681
408	718
408	723
408	874
408	929
408	988
409	526
409	561
409	568
409	640
409	651
409	695
409	736
409	793
409	801
409	848
409	905
409	950
409	984
409	986
410	474
410	540
410	568
410	662
410	829
410	847
410	848
410	895
410	918
410	970
411	473
411	479
411	596
411	634
411	926
412	474
412	497
412	625
412	635
412	697
412	732
412	767
412	774
412	797
412	839
412	855
412	918
412	921
412	949
412	980
413	510
413	534
413	689
413	739
413	781
413	800
413	855
413	875
413	918
413	922
413	930
413	937
413	940
413	952
414	514
414	668
414	871
414	893
414	979
415	419
415	484
415	862
415	896
417	437
417	670
417	686
417	894
417	996
417	998
418	619
418	675
418	822
418	887
419	500
419	604
420	984
420	989
422	520
422	580
422	724
422	856
424	490
424	548
424	550
424	626
424	720
424	775
424	939
425	507
425	518
425	669
427	582
427	594
427	984
429	887
430	478
430	490
430	670
430	719
430	798
430	811
430	919
431	724
432	562
432	697
432	722
432	759
432	915
433	441
433	543
433	552
433	668
433	743
433	878
433	978
434	541
434	716
434	831
434	868
435	450
435	611
435	614
435	897
436	474
436	728
436	774
436	826
436	850
436	990
437	438
437	474
437	576
437	616
437	624
437	638
437	829
437	905
437	997
438	479
438	486
438	519
438	530
438	565
438	693
438	726
438	730
438	779
438	824
438	943
439	565
439	648
439	800
439	852
439	884
439	909
440	476
440	822
441	933
442	476
442	478
442	488
442	583
442	665
442	749
442	800
442	865
442	875
442	945
442	954
444	500
444	735
444	992
446	569
446	582
446	613
446	696
446	776
446	815
446	868
446	900
447	871
448	698
449	575
449	650
449	660
449	663
449	729
449	838
449	847
449	911
449	933
449	953
449	974
449	979
450	561
450	617
450	673
450	696
450	755
450	801
451	569
451	770
451	822
452	512
452	554
452	649
452	660
452	665
452	726
452	728
452	829
452	847
452	855
452	931
452	997
453	713
453	862
453	914
453	991
454	516
454	582
454	924
454	951
455	478
455	519
455	583
455	590
455	709
455	718
455	949
456	470
456	471
456	495
456	506
456	701
456	928
457	474
457	511
457	533
457	640
457	654
457	661
457	728
457	738
458	640
458	650
458	697
458	730
458	759
458	877
458	911
458	958
458	984
461	948
462	524
462	691
462	789
462	896
462	917
462	932
465	853
466	541
468	576
468	594
468	695
468	767
468	793
468	800
468	819
468	829
468	913
469	473
469	687
469	697
469	741
469	839
469	859
469	967
470	504
470	537
470	543
470	583
470	592
470	672
470	749
470	891
470	975
471	497
471	540
471	558
471	672
471	866
471	895
472	500
472	588
472	713
472	856
473	505
473	583
473	701
473	865
473	903
473	916
473	945
473	971
474	488
474	534
474	549
474	561
474	571
474	576
474	622
474	660
474	689
474	771
474	805
474	867
475	637
475	657
475	677
475	771
475	796
475	800
475	809
475	904
475	994
476	804
476	813
476	822
476	955
477	609
477	667
478	486
478	515
478	525
478	535
478	545
478	571
478	640
478	717
478	879
478	916
479	647
480	897
482	701
482	732
482	818
482	902
483	519
483	711
484	681
484	692
484	712
484	729
484	762
484	811
484	909
484	973
484	998
485	619
486	488
486	540
486	590
486	678
486	706
486	709
486	715
486	800
486	907
486	953
486	985
487	591
487	976
488	637
488	682
488	691
488	754
488	774
488	797
488	847
488	851
488	935
490	515
490	691
490	711
490	960
490	993
492	518
492	561
492	578
492	777
492	970
492	978
494	579
494	716
494	870
495	607
495	772
496	561
496	568
496	572
496	694
496	716
497	576
497	599
497	625
497	806
497	866
497	940
497	944
499	502
499	594
499	637
499	660
499	688
499	695
499	742
499	771
499	781
499	837
499	847
499	952
502	512
502	582
502	616
502	622
502	649
502	666
502	687
502	790
502	966
502	975
503	667
503	770
503	846
503	921
503	931
504	535
504	543
504	553
504	631
504	647
504	692
504	742
504	922
504	954
505	594
505	622
505	806
505	826
505	843
506	626
506	670
506	998
507	570
507	613
507	677
507	695
507	736
507	858
507	911
507	974
507	979
509	553
509	787
510	539
510	583
510	733
510	792
510	850
511	539
511	590
511	618
511	645
511	703
511	916
511	930
512	571
512	594
512	660
512	726
512	730
512	858
512	966
513	557
513	672
513	682
513	792
513	892
513	941
514	572
514	671
514	695
514	984
515	575
515	728
515	775
515	814
515	882
516	523
516	552
516	610
516	631
516	715
516	943
516	962
516	978
517	577
517	627
518	568
518	598
518	655
518	825
519	575
519	771
519	819
519	847
519	915
519	958
519	990
520	708
520	762
520	764
520	916
522	547
522	914
523	538
523	711
524	645
524	661
524	856
524	917
525	572
525	594
525	613
525	660
525	695
525	801
525	966
526	578
526	637
526	640
526	781
526	933
526	943
526	979
527	623
527	799
527	909
528	535
528	581
528	645
528	664
528	739
528	747
528	755
529	543
529	663
529	679
529	762
529	787
530	567
530	717
530	771
530	801
530	874
530	974
531	606
531	731
531	734
531	898
532	610
533	761
533	784
533	806
533	971
534	590
534	637
534	703
534	749
534	774
534	781
534	940
535	539
535	543
535	553
535	588
535	593
535	636
535	647
535	764
535	812
535	835
535	907
535	912
535	961
535	971
536	699
537	564
537	645
537	765
537	851
537	855
538	568
538	736
538	962
539	620
539	635
539	775
539	922
539	947
540	552
540	565
540	631
540	720
540	877
540	879
540	884
540	916
540	933
540	954
541	748
543	581
543	586
543	592
543	703
543	718
543	739
543	775
543	800
543	838
543	903
543	912
544	766
545	550
545	628
545	636
545	670
545	894
545	909
546	860
546	981
546	995
546	996
547	603
548	556
548	592
548	647
548	852
549	646
549	652
549	771
549	790
549	795
549	818
549	855
549	884
549	911
549	931
549	953
549	958
549	985
550	764
550	969
551	649
551	697
551	859
552	565
552	609
552	636
552	659
552	681
552	743
552	832
552	918
552	919
553	556
553	623
553	691
553	710
553	713
553	738
553	798
554	594
554	631
554	650
554	714
554	826
554	847
554	875
554	884
554	931
556	711
556	729
556	752
556	896
556	963
557	558
557	698
557	732
557	737
557	751
557	941
557	955
558	620
558	682
558	949
560	577
560	901
561	621
561	655
561	668
561	786
561	793
561	801
561	825
561	827
561	838
561	871
562	602
562	759
562	807
562	935
564	750
564	789
564	888
564	912
564	963
565	754
565	826
565	835
565	845
565	865
565	916
566	731
566	737
567	839
567	919
568	572
568	586
568	668
568	689
568	741
568	921
568	994
569	756
569	887
569	931
569	965
570	572
570	617
570	655
570	668
570	760
570	827
570	844
570	942
571	576
571	599
571	640
571	673
571	915
571	930
571	940
572	613
572	621
572	952
572	974
572	997
573	581
573	640
573	708
573	738
573	761
573	814
573	865
573	896
574	578
574	700
574	736
575	578
575	681
575	694
575	695
575	720
575	776
575	808
575	837
575	840
575	895
575	933
575	964
576	631
576	638
576	640
576	650
576	672
576	755
576	800
577	763
577	938
578	736
578	801
578	837
578	858
579	700
579	879
580	724
580	834
580	940
581	645
581	715
581	739
581	744
581	749
581	820
581	835
581	884
581	918
581	971
583	592
583	664
583	928
585	860
586	637
586	663
586	742
586	819
586	867
586	877
586	930
586	952
586	986
588	727
588	916
589	669
589	830
589	942
590	618
590	717
590	835
590	937
591	763
591	925
592	647
592	958
593	863
594	637
594	714
594	718
594	741
594	793
594	829
594	835
594	970
594	974
596	647
596	891
596	957
597	694
597	746
597	760
597	827
598	621
598	630
598	644
598	815
598	893
598	913
598	993
599	654
599	702
599	742
599	747
599	770
599	806
599	916
599	980
600	732
600	853
600	854
601	641
601	652
601	942
602	704
602	731
602	777
602	829
602	849
602	959
606	611
608	750
608	800
608	978
608	986
609	698
609	872
609	945
610	793
610	799
610	870
610	878
610	904
610	943
611	630
611	643
612	795
613	671
613	696
613	709
613	805
613	966
614	825
614	827
614	830
615	634
615	765
615	891
616	730
616	742
616	795
616	797
616	846
616	850
616	887
616	921
616	986
617	755
617	829
617	869
617	872
617	999
618	645
618	719
618	735
618	812
618	865
618	973
619	967
620	635
620	665
621	767
621	815
622	659
622	660
622	663
622	678
622	755
622	756
622	758
622	777
622	797
622	846
622	873
622	883
622	918
624	665
624	726
624	742
624	791
624	884
624	893
624	984
625	749
625	774
625	965
625	972
625	980
626	894
627	901
627	938
628	670
628	761
630	977
631	681
631	691
631	695
631	706
631	727
631	739
631	865
631	874
631	933
632	992
634	861
634	903
634	925
634	957
635	639
635	709
635	784
635	797
635	800
635	835
635	851
635	967
636	706
636	775
636	909
636	971
637	673
637	838
637	915
637	974
637	984
637	986
638	672
638	841
638	892
638	895
638	930
639	779
639	813
639	821
639	892
639	912
639	967
640	641
640	659
640	718
640	843
640	847
640	848
640	867
640	921
641	660
641	791
641	850
641	874
641	984
641	999
644	755
644	791
644	846
644	913
644	979
645	800
645	826
645	961
646	675
646	698
646	751
646	844
646	869
646	959
647	672
647	855
647	972
648	757
648	874
648	969
648	985
649	730
649	746
649	755
649	786
650	701
650	733
650	761
650	841
650	921
652	695
652	728
652	738
652	851
652	875
652	884
652	935
652	958
653	666
653	730
653	742
653	815
653	839
654	708
654	709
654	829
654	832
654	834
654	865
654	875
654	954
655	700
655	950
656	748
657	831
657	962
659	671
659	677
659	694
659	714
659	837
659	838
659	841
659	874
659	918
660	671
660	693
660	718
660	915
660	921
661	670
661	761
661	879
661	919
661	964
661	983
662	689
662	694
662	758
662	776
662	777
662	994
663	673
663	693
663	703
663	918
663	933
664	851
664	902
665	708
665	726
665	729
665	800
665	803
665	848
665	851
665	918
665	926
665	980
666	678
666	689
666	742
666	849
666	984
666	999
667	697
667	773
668	671
668	815
668	819
668	825
668	994
669	876
670	802
670	812
670	888
670	969
671	716
671	736
671	858
671	904
671	950
672	884
672	958
672	980
672	990
673	710
673	877
673	883
673	958
674	762
674	842
675	737
675	990
676	787
676	856
676	963
677	718
677	742
677	744
677	793
677	804
677	806
677	847
677	865
677	905
677	937
678	808
679	712
680	707
680	734
680	965
680	967
681	708
681	845
681	877
681	879
681	945
682	747
682	754
682	821
682	835
682	958
682	972
684	821
684	881
684	948
685	864
685	902
685	916
686	864
686	910
687	771
687	850
687	869
687	980
687	984
688	695
688	726
688	754
688	767
688	781
688	786
688	790
688	829
688	837
688	847
688	953
689	835
689	915
691	749
691	761
691	800
691	802
691	933
691	943
691	947
691	983
692	735
692	757
692	837
693	754
693	779
694	696
694	815
694	827
694	950
694	954
695	755
695	918
696	786
696	801
696	984
696	994
697	725
698	725
699	716
700	748
700	868
700	878
700	885
701	949
702	728
702	835
702	986
703	714
703	726
703	728
703	949
704	869
705	853
706	757
706	947
707	849
707	921
708	811
708	907
709	758
709	865
709	867
709	921
709	929
709	940
709	952
709	966
710	924
710	943
710	960
711	729
711	778
711	840
711	879
711	882
712	882
713	769
713	775
714	718
714	752
714	754
714	818
714	852
714	884
714	918
714	941
715	717
715	879
715	907
715	919
715	954
715	982
716	858
716	878
716	885
716	979
717	738
717	856
718	742
718	779
718	790
718	832
718	844
718	845
719	802
719	983
721	991
722	771
723	900
724	802
724	816
724	874
724	882
724	982
724	986
725	959
725	965
726	730
726	742
726	747
726	814
726	843
726	921
727	735
727	798
727	932
727	985
728	742
728	744
728	779
728	819
728	895
728	918
729	960
730	829
730	921
731	807
731	846
731	959
732	928
732	948
733	816
733	845
735	882
735	906
736	767
736	786
736	801
736	808
736	872
736	878
736	970
736	979
737	753
737	813
738	757
738	811
738	834
738	877
738	964
738	985
739	779
739	806
739	980
740	747
740	866
740	919
740	928
741	771
741	793
741	859
741	918
741	953
742	758
742	848
742	890
743	832
743	837
743	924
743	943
743	988
744	781
744	806
744	835
744	875
744	933
744	940
745	787
746	883
746	999
747	784
747	908
747	918
747	944
747	949
748	962
749	835
749	930
749	945
749	990
750	789
750	879
750	896
751	813
752	929
753	972
754	773
754	797
754	843
754	855
754	892
755	756
755	801
756	801
756	918
756	989
757	816
757	845
757	916
757	922
757	947
758	791
758	829
758	918
758	984
759	958
759	997
760	786
760	815
760	829
760	838
760	890
761	856
764	812
764	888
764	896
765	782
766	796
766	993
767	795
767	890
767	905
767	921
768	909
768	925
770	781
770	850
770	859
770	984
771	807
771	921
771	999
773	790
773	979
774	832
774	903
774	907
774	945
774	958
775	834
775	845
775	879
776	808
776	873
776	942
776	994
777	793
777	825
777	942
777	950
777	966
777	970
777	974
778	832
778	840
778	847
778	878
778	904
779	781
779	843
779	845
779	852
779	980
779	985
781	800
781	819
781	835
781	882
781	929
781	986
782	926
783	851
783	866
783	957
784	785
784	792
784	902
784	921
784	952
786	819
786	838
786	844
786	858
786	873
786	913
786	997
789	806
790	791
790	821
790	931
790	944
791	806
791	913
791	999
792	892
793	827
793	858
794	962
794	979
794	993
795	829
796	808
797	873
797	875
797	971
797	988
798	916
798	947
799	831
799	870
799	929
800	848
800	865
800	877
801	847
801	974
802	896
802	954
803	858
803	919
803	954
803	988
805	868
805	900
805	904
806	877
806	895
806	970
807	890
808	904
811	816
811	865
811	896
811	906
811	932
812	939
812	954
813	948
813	975
815	830
815	844
815	884
816	841
817	853
818	852
818	866
818	975
819	847
819	871
819	962
820	925
820	961
820	971
822	881
823	992
825	837
825	858
825	913
825	950
827	838
829	847
829	859
829	984
829	999
830	890
831	868
831	951
832	978
832	986
833	925
834	865
834	877
834	879
834	896
834	954
835	841
835	891
835	895
836	968
837	858
837	874
838	895
838	945
838	953
838	990
840	929
840	952
841	865
841	922
841	929
841	940
841	952
843	918
843	941
843	944
844	872
844	994
845	906
845	982
846	850
846	872
846	941
846	959
846	997
847	974
849	850
850	859
850	967
851	903
851	972
853	955
854	949
855	873
855	905
856	956
856	976
857	992
858	913
858	979
859	921
859	990
861	875
861	957
863	906
865	958
865	971
865	979
866	926
866	944
866	957
867	929
867	945
869	931
872	984
874	943
875	902
875	945
875	978
877	879
877	953
878	904
879	906
879	922
879	982
881	887
882	906
882	973
882	978
882	993
884	990
888	998
889	965
890	984
891	957
892	953
895	930
895	931
895	937
895	953
895	982
896	906
896	920
896	985
900	914
900	951
900	962
900	966
902	972
903	975
905	915
905	937
905	990
906	983
908	957
909	937
911	935
912	952
914	960
914	988
915	924
915	970
916	947
916	954
916	985
917	964
917	983
918	970
919	986
921	940
928	975
929	947
929	953
929	986
930	937
930	945
931	935
931	990
937	940
939	940
941	945
944	975
947	961
948	967
952	982
953	999
962	974
965	970
965	989
969	983
969	998
970	999
973	985
984	999
