0	183
0	354
0	437
0	493
0	533
0	620
0	632
0	646
0	689
0	727
0	810
0	948
1	111
1	289
1	373
1	482
1	545
1	551
1	585
1	641
1	771
1	817
1	825
1	849
1	961
2	18
2	169
2	264
2	313
2	396
2	428
2	481
2	569
2	719
2	757
2	761
2	799
2	869
2	940
2	998
3	194
3	482
4	118
4	137
4	142
4	434
4	473
4	541
4	797
4	912
5	166
5	182
5	195
5	238
5	345
5	396
5	405
5	449
5	546
5	583
5	660
5	691
5	825
5	874
5	896
6	157
6	203
6	221
6	361
6	387
6	404
6	420
6	453
6	468
6	510
6	623
6	752
6	788
6	813
6	831
6	840
6	858
6	948
6	983
7	10
7	58
7	95
7	550
8	111
8	113
8	171
8	195
8	270
8	443
8	447
8	525
8	571
8	590
8	630
8	713
8	747
8	794
8	914
9	52
9	76
9	108
9	142
9	209
9	269
9	284
9	527
9	826
9	968
9	989
10	969
10	976
11	66
11	174
11	321
11	383
11	402
11	421
11	437
11	451
11	485
11	491
11	521
11	534
11	574
11	766
11	810
12	63
12	144
12	217
12	229
12	247
12	271
12	372
12	388
12	518
12	604
12	680
12	712
12	757
12	809
12	960
13	162
13	289
13	656
13	818
13	838
13	885
13	984
14	23
14	82
14	204
14	210
14	228
14	349
14	410
14	414
14	478
14	520
14	600
14	620
14	634
14	727
14	834
14	861
14	887
15	211
15	389
15	441
15	611
15	622
15	633
15	947
15	989
16	110
16	133
16	605
16	805
18	83
18	105
18	156
18	240
18	356
18	401
18	443
18	451
18	511
18	568
18	609
18	662
18	690
18	707
18	738
19	110
19	208
19	317
19	419
19	463
19	475
19	664
19	901
20	470
20	611
20	651
20	972
21	26
21	132
21	202
21	247
21	319
21	438
21	522
21	575
21	691
21	765
22	90
22	103
22	145
22	418
22	472
22	562
22	590
22	624
22	652
22	800
22	815
22	833
22	924
23	221
23	227
23	229
23	287
23	293
23	346
23	375
23	410
23	693
23	853
24	114
24	178
24	204
24	248
24	290
24	356
24	404
24	704
24	895
24	975
24	983
25	141
25	157
25	169
25	267
25	278
25	281
25	284
25	451
25	535
25	590
25	656
25	721
25	748
25	777
25	860
25	973
25	995
26	63
26	193
26	226
26	390
26	407
26	416
26	597
26	806
26	855
26	888
27	56
27	68
27	70
27	88
27	178
27	262
27	386
27	515
27	547
27	571
27	624
27	826
27	839
27	956
28	176
28	197
28	226
28	648
28	878
29	47
29	96
29	164
29	202
29	207
29	339
29	366
29	485
29	522
29	536
29	551
29	564
29	765
29	828
29	849
29	856
29	884
29	894
29	999
30	112
30	421
30	485
30	511
30	642
30	702
30	732
30	745
30	788
30	810
30	914
30	931
31	268
31	546
31	796
31	830
31	906
32	49
32	89
32	155
32	189
32	192
32	213
32	230
32	401
32	433
32	444
32	474
32	568
32	644
32	687
32	794
32	897
32	927
32	973
33	119
33	778
34	272
34	313
34	351
34	368
34	372
34	375
34	388
34	494
34	580
34	679
34	687
34	785
34	838
34	880
34	925
35	266
35	583
35	588
35	615
35	641
35	758
35	817
35	838
35	862
35	867
35	874
36	94
36	190
36	232
36	348
36	748
36	859
36	918
36	991
37	138
37	355
37	632
37	700
38	91
38	95
38	493
38	650
39	83
39	134
39	143
39	149
39	157
39	206
39	503
39	534
39	542
39	745
39	790
39	861
39	903
39	954
40	169
40	209
40	269
40	401
40	675
40	691
40	713
40	724
40	862
41	269
41	456
41	611
41	684
41	724
41	784
41	794
41	798
42	64
42	96
42	140
42	165
42	449
42	470
42	628
42	843
43	200
43	574
43	588
43	664
43	709
43	752
43	945
44	345
44	350
44	376
44	389
44	508
44	532
44	586
44	675
44	744
44	755
44	886
44	902
44	941
46	287
46	436
46	468
46	732
46	813
46	853
47	351
47	360
47	368
47	434
47	518
47	567
47	758
47	785
48	57
48	168
48	176
48	212
48	351
48	369
48	561
48	631
48	866
48	873
49	63
49	353
49	473
49	546
49	701
49	906
49	982
50	502
51	70
51	103
51	169
51	317
51	326
51	442
51	446
51	472
51	577
51	815
51	839
51	939
52	68
52	70
52	234
52	345
52	350
52	378
52	663
52	675
52	819
52	833
52	933
52	956
53	144
53	169
53	220
53	357
53	568
53	580
53	606
53	660
53	690
53	771
53	811
53	852
53	906
54	89
55	165
55	180
55	498
56	88
56	90
56	105
56	240
56	262
56	267
56	313
56	443
56	516
56	547
56	574
56	653
56	741
57	272
57	440
57	466
57	631
57	678
57	806
57	857
58	95
58	123
58	352
58	355
58	369
58	544
58	554
58	837
58	953
59	173
59	300
59	352
59	465
59	888
60	187
60	192
60	545
60	564
60	668
60	848
60	911
60	917
61	743
62	102
62	139
62	457
62	469
62	681
62	688
63	105
63	153
63	172
63	319
63	371
63	405
63	420
63	437
63	537
63	677
63	731
63	818
63	866
63	915
63	942
64	239
64	245
64	495
64	729
64	984
64	988
65	127
65	128
65	182
65	338
65	424
65	441
65	731
66	349
66	402
66	405
66	468
66	671
66	723
66	791
66	853
66	858
66	868
66	880
68	70
68	116
68	280
68	285
68	309
68	460
68	479
68	503
68	582
68	627
68	674
68	694
68	991
69	132
69	197
69	253
70	103
70	281
70	331
70	436
70	497
70	510
70	654
70	666
70	674
70	995
71	256
71	306
71	366
71	513
71	960
72	93
72	144
72	151
72	176
72	204
72	217
72	227
72	228
72	229
72	243
72	257
72	487
72	634
72	671
72	754
72	793
72	810
74	281
74	624
74	686
74	777
75	509
75	523
76	146
76	220
76	224
76	240
76	289
76	321
76	402
76	574
76	653
76	693
76	719
76	818
76	853
76	864
76	885
76	896
77	144
77	305
77	313
77	326
77	428
77	451
77	652
77	691
77	794
77	825
77	853
77	856
77	973
78	141
78	200
78	232
78	240
78	273
78	280
78	367
78	397
78	514
78	527
78	562
78	569
78	608
78	609
78	697
78	738
78	800
78	941
78	991
79	486
80	169
80	208
80	216
80	246
80	262
80	269
80	270
80	307
80	367
80	516
80	574
80	663
80	743
80	826
80	927
80	962
80	994
81	196
81	417
81	754
82	204
82	361
82	454
82	467
82	545
82	584
82	614
82	702
82	711
82	781
82	810
82	836
82	881
82	954
82	963
83	157
83	201
83	203
83	208
83	468
83	652
83	726
83	766
83	833
83	874
83	876
83	879
83	943
84	114
84	343
84	347
84	436
84	454
84	468
84	584
84	605
84	643
84	676
84	723
84	726
84	752
84	815
85	90
85	105
85	222
85	224
85	485
85	504
85	567
85	623
85	638
85	643
85	853
85	927
86	108
86	134
86	182
86	240
86	271
86	273
86	567
86	578
86	662
86	671
86	713
86	859
86	860
86	869
86	924
86	998
88	172
88	200
88	239
88	309
88	347
88	472
88	521
88	571
88	649
88	803
88	815
88	833
89	104
89	117
89	218
89	338
89	368
89	535
89	648
89	884
89	967
90	150
90	284
90	288
90	326
90	341
90	342
90	358
90	419
90	420
90	433
90	494
90	634
90	654
90	738
90	905
90	973
91	291
91	576
91	993
93	176
93	218
93	398
93	413
93	441
93	518
93	792
93	850
94	190
94	448
94	549
94	720
94	744
95	196
95	520
95	632
95	935
96	225
96	230
96	311
96	498
96	585
96	615
96	730
96	758
96	859
97	166
97	217
97	299
97	319
97	373
97	535
97	555
97	761
97	796
97	818
97	852
97	885
97	899
97	905
98	308
98	711
98	943
99	102
99	177
99	363
99	582
99	626
99	688
99	729
99	886
99	918
100	518
100	680
100	931
101	466
101	900
102	263
102	397
102	457
102	469
102	658
102	729
102	773
102	798
102	841
102	918
102	949
103	181
103	222
103	234
103	280
103	738
103	819
103	893
104	144
104	146
104	176
104	243
104	305
104	398
104	487
104	631
104	667
104	670
104	694
104	736
104	896
104	911
104	920
105	141
105	149
105	383
105	401
105	448
105	449
105	511
105	521
105	598
105	702
105	748
105	927
105	962
105	977
106	112
106	285
106	724
106	892
107	160
108	131
108	141
108	157
108	178
108	270
108	284
108	315
108	401
108	511
108	516
108	568
108	574
108	587
108	589
108	623
108	656
108	687
108	826
109	124
109	573
109	834
109	840
110	259
110	750
110	903
111	189
111	251
111	371
111	373
111	396
111	441
111	481
111	518
111	531
111	662
111	765
111	874
112	179
112	290
112	504
112	590
112	643
112	879
113	146
113	153
113	268
113	304
113	395
113	435
113	541
113	625
113	654
113	697
113	765
113	937
114	133
114	346
114	387
114	404
114	723
114	751
114	788
114	790
114	810
114	879
114	903
114	934
114	943
115	320
115	325
115	534
115	572
115	598
115	804
116	215
116	374
116	430
116	471
116	515
116	777
116	901
117	207
117	362
117	546
117	613
117	668
117	785
117	926
117	955
117	967
117	992
118	140
118	213
118	546
118	764
118	822
120	137
120	142
120	551
120	597
120	606
120	609
120	786
120	851
120	906
123	227
123	383
123	533
123	745
123	813
123	881
124	531
124	727
124	810
125	186
125	294
125	714
125	892
125	910
125	921
126	165
126	506
126	735
126	778
127	233
127	488
127	551
127	758
127	873
130	145
130	178
130	200
130	206
130	324
130	404
130	516
130	707
130	709
130	808
130	934
130	940
131	146
131	171
131	339
131	347
131	390
131	485
131	565
131	807
131	818
131	885
131	920
131	982
132	142
132	407
132	878
132	951
132	982
133	145
133	147
133	496
133	605
133	803
133	889
133	965
134	157
134	172
134	267
134	404
134	433
134	643
134	708
134	738
134	800
134	881
135	450
135	505
135	632
135	953
136	142
136	214
136	269
136	350
136	397
136	449
136	525
136	589
136	697
136	740
136	822
136	859
136	949
136	958
136	977
137	185
137	236
137	407
137	477
137	659
137	847
137	867
138	600
138	632
138	640
138	680
138	904
139	181
139	215
140	211
140	238
140	435
140	470
140	491
140	513
140	596
140	817
140	912
140	923
141	146
141	169
141	266
141	284
141	331
141	350
141	356
141	386
141	412
141	448
141	527
141	593
141	612
141	662
141	675
141	794
141	827
141	864
141	933
141	957
142	153
142	474
142	522
142	577
142	630
142	641
142	660
142	687
142	747
142	811
142	864
142	905
142	937
143	222
143	271
143	341
143	504
143	571
143	589
143	591
143	737
143	752
143	853
143	891
143	962
144	201
144	223
144	271
144	284
144	299
144	536
144	546
144	575
144	793
144	828
144	868
144	880
144	896
145	320
145	373
145	534
145	565
145	586
145	653
145	682
145	692
145	717
145	788
145	940
145	949
145	983
146	179
146	209
146	304
146	317
146	351
146	353
146	396
146	404
146	443
146	478
146	485
146	530
146	537
146	613
146	648
146	748
146	799
146	807
147	431
147	759
149	203
149	246
149	315
149	321
149	420
149	428
149	433
149	446
149	525
149	530
149	534
149	569
149	586
149	836
149	849
149	891
149	925
150	287
150	324
150	445
150	505
150	510
150	643
150	883
150	903
150	944
150	975
151	352
151	369
151	377
151	552
151	821
151	866
152	335
152	658
153	155
153	166
153	207
153	236
153	339
153	641
153	713
153	771
153	773
154	496
154	620
154	721
155	182
155	588
155	694
155	710
155	765
155	771
156	203
156	222
156	379
156	389
156	462
156	615
156	619
156	627
156	649
156	656
156	703
156	896
157	315
157	419
157	534
157	678
157	821
157	876
157	940
157	954
158	440
158	537
158	951
158	997
159	769
159	918
160	916
161	338
161	667
161	668
161	695
161	920
162	171
162	178
162	285
162	321
162	375
162	404
162	414
162	419
162	504
162	505
162	562
162	586
162	605
162	653
162	682
162	717
162	745
162	800
162	804
162	853
163	370
163	461
164	228
164	299
164	362
164	583
164	614
164	634
164	641
164	790
164	831
164	887
165	621
166	207
166	339
166	373
166	462
166	687
166	690
166	758
166	842
166	867
166	937
167	177
167	282
167	374
167	582
167	725
168	170
168	218
168	749
168	850
169	222
169	281
169	350
169	449
169	525
169	526
169	569
169	603
169	687
169	703
169	762
170	173
170	196
170	915
171	217
171	220
171	224
171	284
171	349
171	402
171	574
171	602
171	762
171	799
171	825
171	850
171	991
172	178
172	199
172	222
172	345
172	414
172	567
172	674
172	693
172	717
172	929
172	948
173	413
173	670
173	699
173	809
174	191
174	326
174	346
174	383
174	412
174	432
174	437
174	531
174	708
174	728
174	853
174	883
174	963
176	202
176	220
176	440
176	592
176	663
176	670
176	715
176	856
176	898
176	920
176	967
177	215
177	335
177	408
177	523
177	581
177	705
177	773
178	383
178	569
178	574
178	643
178	693
178	777
178	801
178	815
178	842
178	868
178	940
179	304
179	401
179	478
179	596
179	628
179	641
179	697
179	744
179	797
179	862
179	867
179	886
180	211
180	266
180	397
180	460
180	491
180	514
180	548
180	724
180	886
180	912
181	262
181	423
181	495
181	514
181	515
181	582
181	618
181	665
181	693
181	729
181	798
182	304
182	353
182	474
182	546
182	568
182	606
182	687
182	856
183	293
183	343
183	421
183	534
183	584
183	640
183	646
183	723
183	799
183	821
183	963
184	424
185	440
186	308
186	419
186	833
186	872
187	390
187	424
188	241
188	544
188	554
188	572
188	754
188	846
188	899
189	238
189	358
189	386
189	443
189	568
189	578
189	580
189	747
189	790
189	828
189	905
189	957
190	285
190	365
190	743
191	249
191	647
191	732
191	757
191	804
191	813
192	731
192	757
192	772
192	806
192	850
193	482
193	535
193	631
193	856
193	920
194	254
194	336
194	907
194	928
195	210
195	223
195	225
195	240
195	353
195	474
195	478
195	548
195	585
195	641
195	690
195	740
195	851
195	955
195	967
196	393
196	489
196	544
196	552
196	632
196	890
196	904
197	212
197	300
197	561
197	878
198	910
199	655
199	748
200	262
200	342
200	448
200	476
200	485
200	534
200	547
200	562
200	603
200	652
200	674
200	679
200	691
200	703
200	738
200	777
200	818
200	949
200	962
200	973
200	991
201	257
201	271
201	349
201	375
201	451
201	607
201	642
201	709
201	722
201	790
201	799
201	821
201	899
201	913
201	946
202	233
202	271
202	272
202	351
202	407
202	522
202	623
202	670
202	694
202	736
202	762
202	856
202	900
202	920
202	942
202	951
202	967
203	273
203	386
203	387
203	421
203	533
203	567
203	693
203	738
203	793
203	799
203	948
204	218
204	358
204	400
204	410
204	531
204	568
204	587
204	634
204	670
204	691
204	727
204	790
204	791
204	836
204	844
205	803
205	965
206	414
206	419
206	431
206	454
206	501
206	682
206	821
206	876
206	957
207	272
207	372
207	396
207	444
207	517
207	679
207	694
207	765
207	955
207	967
207	982
208	472
208	571
208	605
208	652
208	841
208	936
208	939
209	476
209	579
209	626
209	665
209	679
209	773
209	819
209	842
210	251
210	293
210	313
210	369
210	372
210	422
210	447
210	572
210	780
210	791
210	894
210	899
211	363
211	406
211	495
211	581
211	583
211	773
211	862
211	918
212	413
212	466
212	787
212	888
212	953
213	473
213	735
213	764
214	234
214	277
214	317
214	508
214	511
214	562
214	578
214	654
214	883
214	886
214	933
214	956
215	471
215	475
215	685
215	725
215	733
215	826
216	460
216	546
216	609
216	611
216	724
216	744
216	755
217	221
217	315
217	400
217	505
217	580
217	589
217	615
217	630
217	680
217	722
217	726
217	869
217	978
217	998
218	247
218	330
218	417
218	437
218	816
218	880
218	884
219	550
220	385
220	575
220	588
220	607
220	793
220	812
220	825
220	896
221	278
221	315
221	421
221	437
221	605
221	652
221	680
222	358
222	383
222	404
222	428
222	433
222	468
222	476
222	481
222	518
222	521
222	547
222	562
222	693
222	860
222	983
222	999
223	305
223	362
223	441
223	487
223	522
223	541
223	602
223	604
223	630
223	712
223	715
223	781
223	811
223	961
224	326
224	447
224	474
224	481
224	504
224	536
224	653
224	719
224	828
224	864
224	973
224	998
225	268
225	269
225	399
225	609
225	673
225	687
225	786
225	847
225	851
226	434
226	473
226	482
226	906
227	251
227	290
227	436
227	543
227	571
227	595
227	614
227	726
227	727
227	790
227	840
227	879
228	414
228	481
228	588
228	614
228	727
228	793
228	993
229	299
229	480
229	512
229	754
230	353
230	462
230	514
230	644
230	797
230	822
230	847
230	937
231	280
231	342
231	548
231	724
231	871
232	266
232	280
232	285
232	290
232	314
232	317
232	342
232	504
232	526
232	579
232	654
232	784
232	893
233	425
233	670
233	742
233	888
234	356
234	394
234	471
234	684
234	729
234	755
234	949
235	353
235	495
235	508
235	514
235	530
235	585
235	611
235	628
235	747
235	755
236	337
236	695
236	992
237	516
237	534
237	669
237	745
237	913
238	255
238	280
238	289
238	435
238	472
238	565
238	773
238	984
238	994
239	349
239	394
239	449
239	472
239	479
239	521
239	525
239	532
239	612
239	627
239	649
239	671
239	719
239	748
239	777
239	833
239	962
240	401
240	443
240	530
240	588
240	604
240	607
240	609
240	641
240	656
240	724
240	729
240	740
240	842
240	851
240	874
240	902
240	964
240	968
241	316
241	493
241	552
241	632
241	931
241	953
242	297
242	441
242	487
242	500
242	575
242	807
242	909
243	297
243	322
243	416
243	525
243	712
243	731
243	884
243	894
243	900
243	911
245	304
245	661
245	673
245	918
245	947
246	571
246	591
246	615
246	876
246	968
247	357
247	507
247	525
247	592
247	809
247	961
248	299
248	343
248	612
248	708
248	752
248	875
249	426
250	845
250	882
251	287
251	357
251	388
251	422
251	452
251	497
251	528
251	533
251	780
251	807
251	810
251	909
251	913
252	347
252	587
252	603
252	682
252	693
252	902
252	971
253	258
253	772
254	444
254	596
254	906
254	992
255	548
255	769
256	258
256	679
256	730
256	843
257	402
257	437
257	575
257	585
257	623
257	900
257	937
257	998
258	588
258	701
258	830
258	928
259	711
259	943
260	699
260	742
261	267
261	280
261	285
261	307
261	688
261	798
261	893
261	949
261	956
261	996
262	342
262	401
262	446
262	478
262	607
262	662
262	673
262	738
262	748
262	871
263	382
263	870
263	988
264	315
264	342
264	345
264	346
264	349
264	386
264	494
264	497
264	505
264	584
264	587
264	593
264	800
264	804
264	827
264	836
264	862
265	495
265	625
265	659
265	730
265	822
265	862
266	309
266	311
266	334
266	994
267	308
267	378
267	426
267	605
267	726
267	940
267	995
268	843
268	937
268	947
269	304
269	311
269	654
269	688
269	697
269	705
269	713
269	794
269	871
270	332
270	343
270	371
270	562
270	571
270	655
270	697
270	748
270	777
270	826
270	962
270	999
271	289
271	301
271	388
271	405
271	479
271	525
271	710
271	792
271	868
271	881
271	957
272	299
272	405
272	441
272	536
272	652
272	670
272	712
272	898
272	911
272	942
273	350
273	443
273	448
273	641
273	654
273	761
273	924
273	933
273	958
274	291
274	316
274	355
274	361
274	632
274	646
274	953
275	910
276	832
276	901
277	348
277	892
278	293
278	421
278	468
278	584
278	589
278	595
278	702
278	708
278	788
278	840
278	934
279	870
280	350
280	389
280	474
280	582
280	654
280	673
280	784
280	871
280	942
280	964
281	326
281	360
281	419
281	454
281	547
281	577
281	654
281	664
281	881
281	939
281	968
281	995
282	418
282	492
282	524
282	952
283	324
283	547
283	638
283	676
283	709
283	774
283	879
284	394
284	422
284	433
284	485
284	504
284	511
284	530
284	574
284	623
284	762
284	794
284	818
285	334
285	342
285	423
285	516
287	312
287	316
287	431
287	547
287	572
287	576
287	584
287	600
287	875
287	899
288	325
288	437
288	604
288	700
288	790
288	791
288	853
288	899
289	321
289	341
289	396
289	433
289	602
289	793
289	794
289	810
289	868
289	896
289	961
290	343
290	404
290	426
290	813
290	895
290	934
291	489
292	524
293	543
293	727
293	788
293	875
293	948
293	963
293	978
294	510
294	617
294	686
295	402
295	405
295	450
295	461
295	634
295	772
295	781
295	793
295	887
295	913
297	330
297	352
297	500
297	552
297	592
297	715
297	946
298	309
298	419
298	471
298	516
298	627
298	693
298	901
298	968
299	321
299	373
299	433
299	437
299	545
299	580
299	697
299	700
299	804
299	853
299	900
299	954
300	536
300	561
300	792
300	850
300	899
300	900
301	355
301	680
301	754
301	846
302	696
302	872
302	892
304	396
304	505
304	522
304	555
304	565
304	609
304	660
304	765
305	357
305	372
305	383
305	583
305	736
305	801
305	866
305	967
306	311
306	415
306	499
306	635
306	778
306	823
306	907
307	516
307	571
307	603
307	652
307	755
307	826
307	872
307	973
307	991
308	463
308	617
309	456
309	469
309	654
309	936
310	410
310	721
310	728
310	790
310	976
311	408
311	606
311	705
311	707
311	724
311	820
312	437
312	630
312	637
312	825
312	887
313	476
313	494
313	574
313	630
313	642
313	902
314	334
314	356
314	367
314	386
314	389
314	446
314	571
314	608
314	654
314	673
314	675
314	724
314	962
314	991
315	326
315	402
315	451
315	534
315	669
315	726
315	827
315	836
315	838
315	860
315	902
315	948
315	964
315	999
316	391
316	410
316	428
316	669
317	334
317	386
317	476
317	517
317	624
317	675
317	738
317	744
317	748
317	815
317	883
318	496
318	584
318	610
319	396
319	402
319	448
319	555
319	580
319	691
319	740
319	852
319	867
319	891
319	896
319	905
320	721
321	462
321	485
321	504
321	567
321	574
321	603
321	642
321	671
321	691
321	719
321	766
321	838
322	330
322	799
322	812
322	856
322	891
323	591
323	604
323	759
324	343
324	752
324	801
324	827
324	895
324	971
324	978
325	341
325	358
325	375
325	433
325	443
325	494
325	587
325	589
325	595
325	757
325	810
325	827
325	880
326	447
326	619
326	726
326	777
326	804
326	840
326	983
326	999
327	368
327	742
327	855
329	524
330	405
330	480
330	500
330	512
330	754
330	837
330	909
330	993
331	571
331	577
331	666
331	674
331	777
331	968
332	446
332	532
332	627
332	666
332	777
332	939
332	973
333	594
333	633
333	672
333	795
334	411
334	479
334	495
334	526
334	560
334	729
334	983
335	952
336	701
337	339
337	366
337	701
337	817
337	848
338	440
338	551
338	951
339	351
339	362
339	372
339	434
339	441
339	517
339	530
339	667
339	736
339	771
339	959
339	961
340	477
340	716
340	959
341	414
341	543
341	595
341	788
341	853
341	876
341	879
342	401
342	476
342	526
342	578
342	596
342	627
342	675
342	761
342	859
342	949
342	964
343	421
343	638
343	643
343	717
343	803
343	872
343	983
343	993
345	356
345	371
345	448
345	675
345	682
345	784
345	815
345	819
345	892
345	936
345	977
346	358
346	429
346	481
346	543
346	580
346	614
346	649
346	808
346	964
346	971
347	394
347	476
347	481
347	483
347	484
347	487
347	547
347	649
347	674
347	705
347	989
348	526
348	549
348	560
348	756
349	402
349	568
349	604
349	619
349	680
349	741
349	766
349	807
349	876
349	899
349	909
350	360
350	472
350	476
350	542
350	654
350	833
350	941
351	438
351	522
351	630
351	687
351	758
351	811
351	920
352	480
352	699
352	904
352	997
353	460
353	474
353	679
353	740
353	982
354	533
354	887
355	377
355	890
356	578
356	641
356	674
356	691
356	991
357	393
357	402
357	575
357	589
357	614
357	619
357	704
357	809
357	885
357	896
357	942
358	428
358	496
358	510
358	521
358	595
358	652
358	983
360	484
360	485
360	555
360	562
360	577
360	641
360	653
360	656
360	678
360	748
360	883
360	902
360	905
360	957
360	973
360	995
361	533
361	608
361	821
361	915
361	934
362	371
362	438
362	535
362	555
362	648
362	660
362	694
362	825
362	951
363	509
363	616
363	622
365	430
365	901
366	541
366	737
366	778
366	822
366	907
367	386
367	389
367	495
367	673
367	687
367	761
367	771
367	852
368	372
368	407
368	427
368	613
368	920
369	391
369	405
369	452
369	502
369	505
369	588
369	722
369	833
370	699
370	742
371	443
371	478
371	481
371	644
371	747
371	794
371	826
371	862
371	902
371	933
371	942
371	962
372	375
372	441
372	483
372	485
372	528
372	568
372	575
372	592
372	896
372	897
372	937
372	942
372	951
373	517
373	528
373	535
373	558
373	771
373	793
373	807
373	868
373	891
373	951
373	989
374	376
374	582
374	626
374	665
375	402
375	410
375	412
375	422
375	595
375	614
375	642
375	646
375	702
375	940
375	948
376	645
376	820
377	465
377	512
377	809
377	884
377	914
378	496
378	676
378	709
378	726
378	831
379	399
379	401
379	596
380	397
380	423
380	456
380	582
380	713
382	578
382	685
383	505
383	526
383	589
383	654
383	691
383	838
383	840
383	853
383	868
385	444
385	522
385	710
385	715
385	793
385	874
385	884
386	443
386	447
386	454
386	476
386	484
386	528
386	654
386	719
386	868
386	924
386	937
387	505
387	525
387	595
387	614
387	652
387	721
387	840
388	402
388	474
388	545
388	588
388	678
388	699
388	880
388	897
388	953
389	547
389	590
389	593
389	662
389	675
389	924
390	398
390	440
390	849
390	855
390	955
390	961
390	986
391	632
391	976
392	491
392	548
392	594
392	778
392	912
393	997
394	476
394	516
394	543
394	571
394	748
394	800
394	901
394	930
395	580
395	606
395	667
395	852
396	480
396	528
396	535
396	678
396	710
396	807
396	825
396	874
396	905
396	951
397	406
397	548
397	684
397	773
397	789
399	446
399	527
399	615
399	673
399	713
399	738
399	813
399	825
400	452
400	487
400	531
400	700
400	781
400	812
400	884
400	913
401	443
401	583
401	611
401	623
401	641
401	673
401	769
401	786
401	862
401	941
402	422
402	479
402	508
402	604
402	652
402	998
404	608
404	762
404	895
404	971
404	973
405	433
405	494
405	548
405	630
405	642
405	751
405	799
405	838
405	881
406	498
406	506
406	560
406	651
406	773
406	912
407	551
407	828
407	842
407	955
407	958
407	998
408	594
408	615
408	673
408	769
408	786
408	797
408	851
409	529
409	539
410	587
410	620
410	666
410	726
410	741
410	788
410	790
410	836
411	658
411	744
411	773
412	494
412	510
412	595
412	925
412	934
412	971
412	973
413	894
414	534
414	709
414	943
415	716
415	764
415	822
416	522
416	540
416	561
416	701
417	441
417	888
417	932
418	529
418	739
418	945
419	732
419	803
419	860
419	877
419	883
419	968
420	574
420	630
420	766
420	804
421	428
421	501
421	605
421	642
421	788
421	838
421	883
421	971
422	437
422	438
422	487
422	630
422	708
422	780
422	781
422	791
422	881
422	948
422	954
423	442
423	471
423	560
423	688
423	744
423	750
424	473
425	537
425	700
425	850
425	856
426	706
426	774
427	561
427	776
428	433
428	584
428	653
428	741
428	869
428	881
428	902
428	905
428	998
429	686
429	692
429	774
430	832
430	893
430	996
431	451
431	497
431	534
431	706
431	752
431	934
432	542
432	647
432	766
432	791
432	803
432	840
432	860
433	447
433	481
433	505
433	543
433	545
433	643
433	784
433	844
433	853
433	948
434	499
434	513
434	644
434	648
434	659
434	906
434	938
434	955
435	491
435	820
435	874
435	885
435	912
436	501
436	503
436	706
436	858
436	944
437	533
437	620
437	630
437	745
437	844
437	853
437	963
438	641
438	772
438	787
438	811
438	849
438	898
439	959
439	987
440	535
440	575
440	850
440	856
440	909
441	451
441	535
441	608
441	731
441	757
441	787
441	961
442	618
442	964
443	462
443	642
443	662
443	687
443	707
443	713
443	842
443	905
443	933
443	947
443	994
444	451
444	564
444	601
444	625
444	817
444	886
444	905
444	982
445	682
445	746
445	944
446	516
446	748
446	859
446	939
447	543
447	660
447	678
447	827
447	927
447	973
448	514
448	615
448	656
448	663
448	669
448	794
448	903
448	927
448	957
449	484
449	521
449	608
449	623
449	671
449	949
450	465
450	550
451	494
451	634
451	702
451	757
451	876
451	964
452	670
452	687
452	780
452	781
452	900
452	904
452	913
452	932
452	953
453	600
454	709
454	883
454	933
454	939
454	949
454	956
456	490
456	688
456	703
456	761
456	864
456	980
457	688
457	886
457	980
458	824
459	840
460	796
460	886
460	906
461	487
461	787
462	494
462	585
462	588
462	690
462	748
462	926
463	529
463	774
463	863
463	872
463	892
465	500
465	792
465	997
466	537
466	540
466	561
467	544
467	669
467	935
468	501
468	619
468	638
468	721
468	844
468	963
469	673
469	724
469	936
470	498
470	616
470	629
471	526
471	618
471	798
471	956
472	503
472	532
472	590
472	593
472	624
472	704
472	714
472	864
472	936
472	939
473	482
473	490
473	662
473	668
473	843
473	982
474	527
474	618
474	644
474	687
474	807
474	851
474	937
475	579
475	725
475	744
475	773
475	841
475	865
476	504
476	521
476	608
476	703
476	807
476	859
476	973
476	989
476	999
477	636
477	677
477	701
477	950
478	479
478	514
478	608
478	628
478	642
478	807
478	809
479	483
479	484
479	515
479	655
479	738
479	766
480	575
480	580
480	592
480	634
480	731
480	754
480	810
481	483
481	505
481	511
481	607
481	757
481	766
481	839
481	957
482	679
482	796
482	848
482	867
482	897
483	485
483	528
483	578
483	585
483	623
483	656
483	663
483	691
483	710
483	874
483	902
483	911
483	989
484	514
484	526
484	567
484	693
484	757
484	933
485	521
485	565
485	607
485	671
485	852
485	961
486	510
486	647
486	676
486	692
486	831
487	565
487	575
487	592
487	749
487	812
487	880
487	896
487	900
487	946
490	599
490	659
490	735
490	960
491	509
491	541
491	628
491	796
491	972
493	554
493	650
493	689
493	834
493	837
493	935
494	507
494	536
494	600
494	607
494	615
494	745
494	793
494	874
494	900
495	516
495	697
495	755
495	862
495	918
495	923
496	692
496	889
496	929
497	572
497	587
497	619
497	634
497	790
497	904
497	913
498	661
498	737
499	527
499	716
499	843
500	507
500	699
500	749
500	813
500	997
501	505
501	595
501	682
501	804
501	879
501	983
502	592
502	712
503	624
503	643
503	704
503	748
503	777
503	863
503	893
503	962
503	995
504	574
504	577
504	603
504	623
504	653
504	655
504	666
504	860
504	927
504	947
504	973
504	983
505	571
505	589
505	623
505	624
505	652
505	653
505	766
505	876
505	900
505	925
505	940
505	962
505	989
505	998
505	999
506	635
506	673
506	730
506	797
506	820
507	592
507	699
507	731
507	809
508	527
508	532
508	565
508	755
508	826
508	859
508	864
508	874
508	885
508	886
508	984
509	705
509	773
510	586
510	605
510	709
510	721
510	863
510	913
510	978
511	662
511	807
511	825
511	902
511	927
511	962
511	973
512	522
512	837
513	541
513	611
513	659
513	665
513	716
513	786
513	830
513	917
513	960
514	548
514	612
514	712
514	765
514	796
514	865
514	925
515	686
515	784
515	933
516	590
516	674
516	927
516	941
516	995
517	568
517	671
517	710
517	815
517	905
517	926
518	575
518	866
518	881
518	884
518	953
519	966
520	587
520	680
520	745
520	875
521	654
521	662
521	748
521	818
521	826
521	957
522	536
522	555
522	602
522	667
522	687
522	856
522	961
524	549
524	559
524	582
525	567
525	569
525	652
525	653
525	654
525	663
525	671
525	741
525	762
525	804
525	899
525	934
525	975
526	589
526	673
526	684
526	941
527	606
527	641
527	994
528	565
528	588
528	607
528	613
528	660
528	710
528	715
528	719
528	731
528	848
528	868
528	909
529	557
529	664
529	921
530	558
530	609
530	665
530	691
530	985
531	699
531	751
531	816
531	853
531	875
532	590
532	603
532	750
532	945
532	983
533	614
533	708
533	836
533	963
534	543
534	585
534	693
534	721
534	748
534	813
535	710
535	719
535	738
535	780
535	828
535	849
535	891
535	897
536	585
536	650
536	712
536	731
536	765
536	891
536	942
536	989
537	670
538	824
538	877
539	901
541	797
541	822
542	971
543	595
543	653
543	710
543	853
543	876
543	904
543	954
543	971
544	637
544	834
544	846
544	953
545	653
545	715
545	741
545	809
545	810
545	899
545	964
545	999
546	585
546	758
546	849
546	867
546	992
547	590
547	627
547	674
547	703
547	833
548	606
548	684
548	747
548	964
548	991
549	996
551	564
551	907
553	635
553	830
555	669
555	670
555	710
555	784
555	884
555	891
556	760
557	910
557	941
558	660
558	690
558	691
558	712
558	807
558	838
558	891
558	900
558	951
559	784
560	685
560	918
561	597
562	627
562	638
562	649
562	674
562	968
563	564
563	636
563	906
564	568
564	625
564	771
564	867
564	906
564	937
565	607
565	641
565	662
565	713
565	843
565	868
565	927
565	957
565	962
565	991
566	997
567	577
567	612
567	623
567	750
567	860
567	940
567	998
568	652
568	663
568	730
568	758
568	896
569	649
569	654
569	703
569	757
569	810
569	940
569	961
571	654
571	674
571	827
571	863
571	876
571	962
572	640
572	963
573	981
574	649
574	656
574	666
574	673
574	693
574	726
574	757
574	827
574	876
574	954
574	973
575	604
575	715
575	719
575	731
575	787
575	880
575	915
575	946
575	961
576	595
576	887
577	578
577	642
577	649
577	748
577	860
577	933
578	584
578	663
578	666
578	679
578	713
578	738
578	748
578	826
578	939
578	949
578	958
579	684
580	607
580	687
580	726
580	793
580	799
580	810
581	651
583	611
583	615
583	625
583	687
583	786
583	898
583	937
584	595
584	723
584	752
584	813
584	880
584	948
585	666
585	687
585	690
585	811
585	851
585	898
585	905
586	591
586	612
586	643
586	777
586	801
586	940
586	999
587	807
587	812
587	838
587	963
588	694
588	736
588	818
588	825
588	852
588	951
588	957
589	701
589	800
589	872
589	940
589	943
589	948
589	954
590	815
590	839
591	708
591	711
591	836
591	963
592	715
592	787
592	866
592	867
592	884
592	896
593	596
593	656
593	703
593	748
593	815
593	842
593	859
595	638
595	643
595	676
595	790
595	904
595	943
595	957
595	963
595	971
596	947
596	949
597	613
597	770
597	867
598	603
598	692
598	889
600	804
600	816
600	887
601	611
601	641
601	665
601	713
601	937
602	613
602	926
603	624
603	762
603	800
603	819
603	860
603	940
603	962
604	623
604	634
604	723
604	741
604	842
604	852
604	853
604	860
604	897
604	998
605	647
605	702
605	999
606	758
606	817
607	719
607	748
607	791
607	807
607	826
607	869
607	874
608	615
608	654
608	740
608	747
608	806
608	862
608	957
608	973
608	994
609	740
609	905
609	911
609	989
610	970
611	615
611	707
611	982
612	862
612	864
612	957
613	670
613	785
613	878
614	619
614	721
614	788
614	792
614	821
614	940
614	948
615	740
615	761
615	905
615	989
616	730
617	863
618	673
618	684
618	688
618	725
619	702
619	836
619	869
619	895
619	934
619	994
620	780
620	900
620	955
620	963
622	629
622	730
622	864
622	959
622	960
623	654
623	703
623	719
623	815
623	902
623	964
623	977
624	656
624	674
624	724
624	777
624	860
625	629
625	644
626	798
626	918
626	924
626	958
627	649
627	739
627	761
627	865
627	876
628	679
628	687
628	786
628	886
629	701
629	817
630	634
630	790
630	880
630	909
631	678
631	770
631	856
631	866
631	873
631	920
632	846
632	913
633	789
634	900
634	904
634	913
635	659
635	960
636	830
636	855
637	694
637	700
637	834
637	846
637	861
637	914
638	721
638	879
639	645
640	804
640	876
641	691
641	734
641	736
641	794
641	825
641	851
641	871
641	874
641	964
642	652
642	741
642	799
642	925
643	800
643	840
643	844
644	818
644	848
644	849
646	808
647	944
647	954
648	873
648	951
648	964
649	671
649	682
649	693
649	723
649	839
649	853
649	940
649	983
649	991
652	654
652	663
652	702
652	766
652	807
652	827
652	868
653	666
653	693
653	724
653	736
653	748
653	819
653	827
653	946
654	671
654	675
654	786
654	957
654	973
655	826
655	864
655	958
655	984
656	662
656	740
656	762
656	794
656	939
658	684
658	841
659	907
659	938
660	679
660	691
660	736
660	758
660	765
660	828
660	897
660	967
661	724
661	769
661	912
662	667
662	691
662	697
662	703
662	724
662	747
662	804
662	828
662	842
662	849
662	885
662	905
662	989
662	991
663	710
663	762
663	827
663	869
663	980
664	686
664	704
665	886
666	702
666	815
666	827
666	869
666	934
667	678
667	712
667	888
669	821
669	833
669	891
669	909
670	868
671	691
671	719
671	762
671	807
671	853
671	864
672	724
673	684
673	738
673	747
673	851
673	885
673	994
674	821
675	738
675	941
675	944
675	977
675	996
676	815
676	945
676	968
677	855
677	898
677	942
678	757
678	822
678	891
679	818
679	959
679	992
680	948
682	801
682	934
682	957
682	968
682	971
683	720
683	872
684	737
684	796
684	798
684	941
684	991
685	918
686	692
686	759
686	860
686	863
687	740
687	771
687	920
688	703
688	729
688	841
689	834
690	765
690	849
690	884
690	905
691	757
691	868
691	885
691	957
691	961
691	964
692	704
693	766
693	826
693	860
693	927
693	934
693	954
693	962
694	757
694	765
694	874
694	885
694	898
694	955
695	712
696	718
697	713
697	794
697	862
697	918
697	949
698	733
699	809
699	932
700	754
700	935
700	953
701	902
701	982
702	726
703	738
703	761
703	773
703	933
704	800
704	883
704	945
704	983
706	721
706	813
707	761
707	796
707	862
707	902
707	924
707	925
708	861
708	999
709	813
709	889
709	921
709	934
709	943
710	757
710	762
710	781
710	864
710	955
711	934
712	731
712	793
713	862
713	871
713	949
714	995
715	731
715	828
715	951
715	993
717	723
717	801
717	978
719	748
719	825
719	957
719	998
721	800
721	883
721	971
722	780
722	840
722	880
722	885
722	954
723	752
723	840
723	895
723	900
723	943
723	963
724	725
724	991
725	798
725	980
726	747
726	788
726	813
726	827
726	850
726	879
726	909
726	983
727	887
727	971
728	766
728	804
728	840
728	948
729	773
729	991
730	796
730	912
730	959
731	874
731	896
732	774
732	929
733	952
734	856
736	811
736	828
736	937
737	769
737	988
738	819
738	859
738	918
738	996
740	786
740	841
740	852
740	898
740	967
741	780
741	791
741	934
742	779
743	744
743	784
743	901
744	798
744	841
744	949
745	790
745	804
745	957
745	983
747	864
747	994
748	847
748	885
748	902
748	927
748	967
748	977
749	967
750	901
751	899
754	915
754	993
755	865
755	941
755	991
756	980
757	766
757	800
757	807
757	853
758	847
758	923
759	889
761	762
761	786
762	811
762	838
762	864
764	797
764	848
765	951
767	976
771	786
771	849
771	885
771	891
772	787
772	792
772	852
772	884
773	798
773	918
773	994
777	929
777	940
778	820
779	916
780	799
780	810
780	836
780	853
780	866
780	899
781	834
781	891
784	956
784	973
785	849
785	878
786	843
786	871
786	923
787	809
787	856
787	896
787	897
787	920
788	859
788	895
788	953
788	999
790	813
790	821
790	934
790	954
790	971
791	821
791	840
791	900
792	837
793	799
793	891
793	911
794	853
794	885
794	925
794	933
797	822
797	923
799	849
799	880
799	942
799	964
800	819
800	860
801	944
801	978
804	895
804	948
805	882
805	930
807	838
807	934
807	942
808	840
808	944
808	973
809	849
810	879
810	880
810	900
811	866
811	881
811	961
812	866
812	946
813	840
813	853
815	819
816	935
816	946
816	993
817	874
817	957
818	852
818	891
818	905
818	957
819	939
821	913
826	927
826	977
827	838
827	869
827	876
828	849
833	968
833	973
834	935
834	953
835	943
836	963
838	868
838	896
838	961
839	863
839	883
840	844
840	903
842	886
842	912
842	964
843	859
844	963
844	999
846	890
847	951
848	917
849	874
849	891
851	958
852	869
852	891
852	967
853	925
856	866
856	967
859	864
859	927
859	933
859	957
860	864
860	881
860	939
862	918
862	937
862	941
862	991
864	894
864	941
864	957
865	941
866	942
867	982
868	885
868	909
869	925
873	986
874	937
876	940
876	954
877	949
880	909
880	946
880	997
881	900
883	983
883	999
884	888
884	891
884	961
885	924
885	925
885	937
885	957
887	894
893	949
894	915
895	963
897	911
898	920
898	946
899	940
899	997
900	909
902	983
902	995
905	933
905	958
906	923
906	937
906	950
906	992
913	946
913	993
915	932
924	949
924	964
925	940
927	980
929	944
931	935
934	963
936	956
937	967
938	959
939	973
940	983
940	999
942	967
946	967
949	984
951	961
954	968
954	983
955	959
958	975
962	977
963	976
963	977
963	983
984	991
991	994
991	996
