0	5
0	134
0	169
0	232
0	250
0	455
0	477
0	478
0	500
0	578
0	633
0	651
0	762
0	795
0	809
0	843
1	95
1	317
1	335
1	390
1	524
1	545
1	689
1	776
1	853
1	902
2	18
2	70
2	98
2	105
2	140
2	188
2	191
2	192
2	214
2	347
2	451
2	545
2	570
2	616
2	703
2	711
2	733
2	734
2	787
2	898
2	902
2	943
2	970
2	974
3	4
3	37
3	78
3	113
3	256
3	300
3	352
3	510
3	617
3	737
3	777
3	815
3	817
3	868
3	869
3	891
3	931
3	934
4	69
4	204
4	237
4	340
4	348
4	553
4	616
4	884
4	896
4	928
4	934
4	950
5	63
5	138
5	205
5	386
5	452
5	525
5	653
5	675
5	844
5	849
5	892
5	896
5	929
6	24
6	148
6	151
6	200
6	209
6	211
6	243
6	269
6	337
6	363
6	505
6	574
6	587
6	597
6	713
6	742
6	784
6	835
6	886
6	933
7	29
7	91
7	142
7	154
7	207
7	215
7	284
7	330
7	375
7	519
7	610
7	661
7	792
8	299
8	325
8	456
8	548
8	843
8	908
8	938
9	75
9	284
9	324
9	388
9	524
9	528
9	535
9	664
9	706
9	717
9	728
9	755
9	787
9	802
9	811
9	842
9	915
9	918
9	957
10	59
10	533
10	561
10	673
10	850
10	968
11	305
11	328
11	402
11	612
11	647
11	728
11	837
11	848
11	953
11	970
11	988
12	33
12	199
12	332
12	531
12	860
13	23
13	212
13	289
13	430
13	453
13	515
13	544
13	552
13	951
14	237
14	248
14	312
14	400
14	475
14	657
14	669
14	862
14	867
14	887
14	996
15	168
15	376
15	622
15	653
15	700
15	754
15	993
16	227
16	330
16	366
16	467
16	488
16	517
16	608
16	755
16	792
16	913
16	928
18	34
18	89
18	127
18	210
18	278
18	280
18	364
18	397
18	451
18	479
18	490
18	556
18	730
18	744
19	149
19	214
20	466
20	613
20	773
21	200
21	259
21	261
21	320
21	465
21	587
21	611
21	681
21	713
21	788
21	831
21	837
21	953
21	972
21	982
21	990
22	105
22	190
22	192
22	197
22	266
22	328
22	338
22	364
22	540
22	545
22	597
22	728
22	885
23	144
23	162
23	211
23	340
23	628
23	639
23	654
23	694
23	810
23	909
24	65
24	243
24	260
24	371
24	378
24	547
24	586
24	662
24	679
24	749
24	772
25	225
25	367
25	822
25	978
26	125
26	494
27	154
27	259
27	304
27	344
27	437
27	496
27	559
27	629
27	632
28	49
28	351
28	660
28	685
28	750
29	45
29	167
29	241
29	368
29	384
29	481
29	486
29	627
29	767
29	894
29	941
30	121
30	149
30	211
30	519
30	559
30	658
30	692
30	898
31	93
31	107
31	127
31	304
31	395
31	612
31	772
31	903
31	925
31	970
31	988
32	75
32	283
32	295
32	424
32	642
32	667
32	802
32	875
32	945
32	992
33	58
33	143
33	466
33	502
33	506
33	609
33	724
33	847
34	105
34	270
34	281
34	338
34	357
34	514
34	720
34	772
34	784
35	54
35	119
35	185
35	221
35	223
35	264
35	360
35	400
35	408
35	446
35	641
35	669
35	672
35	697
35	724
35	919
36	146
36	791
36	925
37	150
37	287
37	300
37	333
37	496
37	647
37	764
37	777
37	798
37	903
37	916
38	186
38	188
38	189
38	210
38	261
38	281
38	311
38	509
38	519
38	574
38	664
38	682
38	808
38	868
38	918
38	928
38	933
39	404
40	81
40	115
40	166
40	553
40	678
40	941
41	232
41	843
42	100
42	109
42	294
42	614
42	733
42	901
42	917
42	971
43	47
43	73
43	504
43	621
43	930
44	98
44	113
44	162
44	172
44	388
44	441
44	480
44	489
44	509
44	556
44	602
44	630
44	649
44	740
44	839
44	841
44	911
44	942
44	946
44	952
44	957
45	53
45	187
45	365
45	498
45	696
45	858
45	899
46	121
46	124
46	195
46	269
46	364
46	412
46	479
46	537
46	580
46	581
46	647
46	823
46	917
47	67
47	107
47	289
47	437
47	594
47	677
47	761
47	903
47	917
47	949
48	117
48	321
48	793
48	872
49	800
50	168
50	287
50	626
50	651
51	91
51	92
51	97
51	128
51	250
51	263
51	511
51	534
51	540
51	717
51	744
51	868
51	883
51	915
51	946
52	98
52	106
52	189
52	204
52	333
52	454
52	692
52	724
52	774
52	787
52	808
52	831
52	835
52	863
52	883
52	977
53	61
53	115
53	277
53	400
53	422
53	517
53	535
53	600
53	623
53	627
53	657
53	799
54	143
54	160
54	207
54	269
54	375
54	405
54	657
54	672
54	894
54	926
54	941
54	950
54	977
55	134
55	181
55	806
55	843
56	336
57	130
57	218
57	557
57	684
57	892
57	899
58	244
58	332
58	377
58	518
58	574
58	630
58	997
59	998
60	437
60	465
60	594
61	97
61	139
61	154
61	401
61	481
61	486
61	657
61	748
61	751
61	844
62	123
62	252
62	258
62	472
62	512
62	568
62	670
62	769
62	785
62	937
63	68
63	337
63	467
63	598
63	608
63	675
63	876
63	915
63	928
63	971
63	993
64	322
64	347
64	410
64	532
64	670
64	694
64	828
64	865
64	965
65	84
65	132
65	200
65	206
65	287
65	538
65	574
65	751
65	817
65	933
65	953
65	988
66	75
66	142
66	162
66	199
66	251
66	324
66	354
66	605
66	649
66	667
66	715
66	740
66	741
66	937
66	998
66	999
67	178
67	191
67	203
67	363
67	379
67	387
67	693
67	759
68	106
68	113
68	488
68	679
68	742
68	856
68	928
68	956
68	987
69	188
69	269
69	322
69	411
69	454
69	587
69	598
69	608
69	679
69	744
69	758
69	794
69	808
69	833
69	863
69	915
69	920
69	934
69	956
69	972
70	176
70	190
70	322
70	357
70	435
70	493
70	639
70	682
70	760
70	831
70	859
70	952
70	969
72	152
72	448
72	871
73	76
74	153
74	282
74	407
74	424
74	506
74	521
74	601
74	642
74	687
74	695
74	717
74	736
74	739
74	818
74	847
74	935
74	948
74	964
74	987
75	91
75	244
75	247
75	271
75	431
75	466
75	514
75	518
75	534
75	610
75	630
75	706
75	833
75	842
75	942
75	950
76	138
76	166
76	285
76	381
76	565
77	320
77	339
77	371
77	434
77	614
77	692
77	713
77	788
77	903
78	91
78	288
78	333
78	499
78	574
78	592
78	603
78	643
78	676
78	738
78	751
78	866
78	913
78	920
78	934
80	184
80	256
80	265
80	306
80	411
80	427
80	570
80	639
81	122
81	249
81	502
81	627
81	642
81	783
81	847
81	860
82	117
82	276
82	390
82	710
82	819
82	828
84	206
84	548
84	598
84	869
84	891
85	214
85	337
85	402
85	426
85	433
85	606
85	632
85	728
85	874
85	886
86	137
86	958
89	144
89	162
89	251
89	301
89	307
89	342
89	409
89	451
89	515
89	605
89	639
89	670
89	683
89	729
90	258
90	375
90	472
90	667
90	732
91	142
91	193
91	220
91	374
91	405
91	519
91	521
91	531
91	610
91	617
91	641
91	650
91	756
91	787
91	859
91	950
91	977
92	199
92	223
92	408
92	560
92	630
92	642
92	697
92	715
92	860
92	935
93	100
93	121
93	149
93	335
93	397
93	505
93	526
93	537
93	540
93	693
93	711
93	728
93	812
93	903
95	317
95	555
95	803
97	128
97	216
97	256
97	312
97	356
97	401
97	481
97	534
97	603
97	667
97	671
97	757
97	841
97	856
97	918
97	977
98	106
98	261
98	269
98	361
98	777
98	859
98	875
99	161
99	180
99	334
99	455
99	494
99	498
99	525
99	538
99	574
99	608
99	856
100	304
100	320
100	385
100	402
100	644
100	647
100	684
100	788
100	874
100	903
100	917
102	239
102	298
102	338
102	342
102	511
102	549
102	552
102	654
102	674
102	757
102	765
102	813
102	838
102	868
102	905
102	970
103	123
103	147
103	512
103	660
104	125
104	646
105	289
105	295
105	298
105	411
105	559
105	570
105	658
105	682
105	743
105	746
105	765
105	772
105	826
105	930
105	992
106	200
106	243
106	287
106	394
106	569
106	570
106	758
106	798
106	866
106	888
106	992
107	192
107	335
107	404
107	412
107	457
107	527
107	871
107	948
107	970
107	988
108	172
108	243
108	255
108	357
108	654
108	717
108	813
109	433
109	465
109	612
109	614
109	714
109	764
109	837
109	882
109	885
109	943
110	160
110	290
110	360
110	398
110	499
110	519
110	627
110	680
110	724
110	894
111	276
111	463
112	162
112	239
112	251
112	353
112	678
112	701
112	707
112	738
112	750
112	880
112	909
113	200
113	218
113	300
113	528
113	662
113	757
113	823
113	888
113	914
114	146
114	170
114	246
114	278
114	544
114	573
114	580
114	625
114	735
114	864
115	167
115	187
115	296
115	554
115	602
115	867
115	941
116	219
116	247
116	374
116	442
116	503
116	576
116	717
116	769
116	800
116	818
116	957
116	984
117	179
117	221
117	244
117	649
117	706
117	879
117	935
118	148
118	200
118	238
118	337
118	948
119	167
119	185
119	237
119	290
119	330
119	602
119	604
119	609
119	672
119	805
119	894
120	757
121	156
121	172
121	216
121	281
121	311
121	366
121	465
121	591
121	650
121	664
121	774
121	787
121	792
121	823
121	863
121	868
121	883
121	928
121	946
121	980
122	153
122	296
122	738
123	601
124	175
124	221
124	411
124	493
124	553
124	557
124	648
124	760
124	777
124	872
124	894
124	957
125	130
125	807
126	558
127	140
127	191
127	202
127	209
127	387
127	402
127	501
127	526
127	551
127	733
127	743
127	760
127	883
127	902
127	956
128	223
128	258
128	309
128	312
128	322
128	327
128	405
128	446
128	477
128	519
128	589
128	703
128	748
128	852
128	950
128	967
128	987
129	202
129	209
129	211
129	212
129	328
129	770
129	812
129	905
129	914
129	988
130	230
130	550
130	653
131	135
131	140
131	163
131	197
131	433
131	546
132	313
132	334
132	365
132	608
132	688
132	759
132	772
132	795
132	809
132	863
132	920
133	822
134	376
134	399
134	520
134	633
134	731
134	843
135	140
135	203
135	411
135	429
135	975
136	262
136	271
136	311
136	312
136	332
136	466
136	560
136	575
136	905
136	962
137	368
137	829
138	647
138	754
138	820
139	159
139	201
139	286
139	309
139	330
139	406
139	415
139	521
139	756
139	805
139	844
139	919
140	197
140	211
140	238
140	246
140	412
140	485
140	654
140	760
140	765
141	976
142	143
142	172
142	199
142	428
142	431
142	474
142	509
142	549
142	649
142	790
142	818
142	857
142	861
142	904
143	176
143	247
143	712
143	872
144	251
144	338
144	435
144	487
144	515
144	719
144	734
144	766
144	802
144	974
145	253
145	429
145	681
146	317
147	179
147	346
147	442
147	851
148	191
148	477
148	837
148	885
149	448
149	507
149	540
149	546
149	564
149	624
149	640
149	679
149	746
149	808
149	855
149	917
149	933
150	191
150	422
150	675
150	688
150	700
150	759
150	831
150	868
150	916
150	929
150	938
151	200
151	211
151	304
151	328
151	742
151	831
151	922
151	943
152	620
152	966
153	240
153	247
153	283
153	351
153	424
153	568
153	649
153	667
153	697
153	715
153	942
154	256
154	290
154	360
154	405
154	408
154	503
154	650
154	671
154	680
154	684
154	692
154	696
154	751
154	783
154	799
154	841
155	406
155	991
156	215
156	256
156	348
156	511
156	547
156	608
156	662
156	682
156	796
156	811
156	987
157	186
158	859
158	877
158	964
159	167
159	384
159	475
159	672
159	724
159	829
159	899
159	919
159	995
160	193
160	223
160	446
160	521
160	534
160	609
160	643
160	748
160	926
161	227
161	230
161	356
161	478
161	516
161	517
161	651
161	684
161	795
161	844
161	866
161	910
162	176
162	240
162	281
162	354
162	377
162	459
162	615
162	846
163	429
163	457
163	487
163	832
165	183
165	667
165	881
165	978
166	269
166	376
166	578
166	592
166	650
166	755
166	897
167	657
168	565
168	633
168	754
169	285
169	456
169	477
169	588
169	608
169	908
169	938
170	242
170	350
170	694
170	975
171	739
172	176
172	177
172	271
172	401
172	556
172	592
172	602
172	682
172	833
172	935
172	939
172	977
173	293
173	396
173	451
173	555
173	566
173	682
173	710
173	855
173	970
173	982
174	178
174	182
174	238
174	304
174	433
174	620
174	943
175	176
175	281
175	307
175	340
175	380
175	515
175	631
175	677
175	730
175	757
175	778
175	787
175	842
175	861
175	888
175	950
175	970
176	269
176	281
176	284
176	295
176	316
176	581
176	787
176	839
176	842
176	875
176	879
176	918
176	982
177	269
177	361
177	471
177	511
177	534
177	579
177	616
177	692
177	784
177	815
177	850
177	915
177	946
178	191
178	260
178	394
178	397
178	425
178	504
178	624
179	279
179	314
179	353
179	472
179	607
179	710
179	819
179	994
180	284
180	300
180	333
180	361
180	363
180	485
180	557
180	559
180	598
180	662
180	677
180	752
180	823
180	866
180	869
180	928
180	956
180	982
180	990
181	344
182	621
182	988
183	389
183	502
183	560
183	582
183	613
183	726
183	881
184	189
184	239
184	298
184	322
184	417
184	580
184	581
184	603
184	692
184	709
184	763
184	764
184	765
184	784
185	207
185	216
185	805
185	919
186	410
186	819
187	235
187	805
187	877
188	313
188	343
188	348
188	397
188	422
188	507
188	597
188	664
188	688
188	708
188	815
188	875
188	918
188	943
188	965
189	191
189	256
189	281
189	501
189	581
189	608
189	677
189	682
189	777
189	778
189	833
189	868
189	875
189	887
189	901
189	905
189	918
189	946
189	948
189	969
190	202
190	243
190	251
190	261
190	299
190	301
190	351
190	412
190	496
190	515
190	545
190	566
190	677
190	682
190	692
190	713
190	719
190	748
190	780
190	840
190	842
190	875
190	902
190	967
191	281
191	440
191	496
191	540
191	784
191	831
191	903
192	195
192	337
192	485
192	540
192	720
192	808
192	970
193	216
193	220
193	237
193	264
193	290
193	309
193	312
193	327
193	388
193	401
193	461
193	468
193	481
193	500
193	609
193	643
193	680
193	684
193	787
193	842
193	852
193	919
193	926
194	203
194	260
194	366
194	559
194	759
195	197
195	212
195	364
195	526
195	752
195	821
195	914
195	948
196	308
196	947
197	210
197	328
197	580
197	734
197	765
197	872
197	898
197	917
198	249
198	284
198	446
198	641
198	661
198	671
198	680
198	773
198	845
198	878
199	225
199	247
199	273
199	296
199	332
199	407
199	474
199	649
199	678
199	697
199	717
199	722
199	773
199	783
199	785
199	860
199	992
200	203
200	205
200	215
200	261
200	304
200	363
200	467
200	533
200	640
200	703
200	768
200	772
200	896
200	963
200	970
201	460
201	554
201	600
201	805
201	849
201	941
201	995
202	205
202	210
202	294
202	320
202	526
202	540
202	624
202	640
202	664
202	677
202	703
202	709
202	729
202	764
202	790
202	913
203	559
203	594
203	752
203	820
204	454
204	488
204	493
204	511
204	516
204	525
204	647
204	689
204	737
204	748
204	795
204	815
204	913
204	972
205	325
205	366
205	454
205	494
205	507
205	606
205	668
205	760
205	763
205	823
205	904
205	933
205	946
205	983
206	299
206	624
206	640
206	679
206	754
206	760
206	971
207	220
207	424
207	475
207	530
207	641
207	684
207	722
207	805
207	862
208	425
208	583
208	705
209	211
209	281
209	361
209	363
209	449
209	505
209	566
209	647
209	719
209	816
210	250
210	281
210	300
210	322
210	363
210	549
210	581
210	591
210	664
210	679
210	689
210	711
210	752
210	821
210	902
210	922
210	965
210	992
211	266
211	328
211	490
211	494
211	590
211	640
211	654
211	730
211	821
211	914
211	930
212	307
212	465
212	524
212	551
212	591
212	784
212	826
212	833
212	840
212	902
213	381
213	385
213	629
214	364
214	370
214	395
214	540
214	620
214	720
214	832
214	871
214	882
215	243
215	263
215	343
215	388
215	411
215	486
215	500
215	501
215	751
216	480
216	481
216	522
216	529
216	579
216	641
216	805
216	815
216	846
216	862
217	317
217	427
217	654
217	864
217	968
218	468
218	486
218	747
218	799
218	852
218	887
218	941
218	983
219	223
219	316
219	324
219	531
219	549
219	667
219	881
220	221
220	292
220	309
220	312
220	441
220	500
220	503
220	604
220	641
220	730
220	755
220	859
220	866
220	977
221	405
221	442
221	466
221	604
221	609
222	558
222	810
223	283
223	576
223	661
223	672
224	225
224	935
225	362
225	407
225	962
225	978
226	439
227	230
227	452
227	468
228	369
228	620
228	932
228	985
230	514
230	541
230	844
230	897
232	520
232	541
232	562
232	565
232	755
232	775
234	411
234	427
234	591
234	898
234	914
234	922
235	330
235	495
235	610
235	696
235	858
235	910
236	330
236	422
236	659
237	243
237	327
237	400
237	661
237	671
237	777
237	852
237	887
237	910
237	934
238	305
238	328
238	338
238	402
238	411
238	485
238	552
238	591
238	719
238	902
239	410
239	828
239	830
239	872
240	351
240	666
240	937
241	296
241	359
241	773
241	778
241	964
242	618
242	803
242	830
242	872
243	250
243	299
243	377
243	517
243	676
243	708
243	794
243	817
243	835
244	312
244	424
244	441
244	687
246	338
246	485
246	564
246	686
247	262
247	354
247	423
247	461
247	703
247	935
247	945
247	996
248	293
248	294
248	328
248	353
248	357
248	412
248	451
248	518
248	532
248	590
248	604
248	770
249	318
249	643
249	783
249	881
250	269
250	348
250	361
250	422
250	477
250	488
250	496
250	538
250	616
250	679
250	758
251	408
251	442
251	457
251	522
251	654
251	678
251	776
251	985
251	998
254	398
254	474
254	534
254	549
254	615
254	773
254	818
254	842
254	870
255	353
255	390
255	776
255	828
255	865
255	968
256	269
256	288
256	327
256	468
256	576
256	602
256	777
256	987
257	666
257	738
257	766
257	937
258	414
258	649
258	678
258	712
258	730
258	750
258	994
259	374
259	638
259	676
259	786
259	953
260	333
260	363
260	557
260	632
260	693
261	363
261	662
261	674
261	774
261	792
262	272
262	408
262	446
262	466
262	560
262	571
262	818
262	881
263	388
263	401
263	422
263	538
263	689
263	717
263	755
263	794
263	844
263	910
263	965
264	309
264	401
264	529
264	534
264	623
264	706
264	724
264	852
264	894
264	904
264	911
264	934
264	992
265	293
265	322
265	377
265	515
265	576
265	635
265	741
265	855
265	872
265	986
266	271
266	340
266	411
266	471
266	479
266	490
266	540
266	581
266	591
266	683
266	689
266	702
266	783
266	784
266	794
266	812
266	821
266	940
267	804
268	392
268	870
268	881
269	281
269	501
269	556
269	579
269	585
269	731
269	737
269	763
269	794
269	887
269	896
269	969
269	987
270	377
270	423
270	442
270	599
270	740
270	810
270	847
270	851
270	855
270	962
270	997
271	438
271	471
271	556
271	664
271	717
271	743
271	836
271	842
271	879
271	918
271	942
271	987
272	359
272	428
272	627
272	726
272	919
272	950
272	995
273	472
273	582
273	615
273	793
273	962
273	964
274	286
274	298
274	424
274	480
274	904
276	491
277	650
277	669
277	696
277	748
277	877
277	899
278	335
278	410
278	427
278	552
278	573
278	654
278	709
278	746
278	812
278	826
278	969
279	322
279	377
279	509
279	654
280	289
280	465
280	569
280	932
281	301
281	307
281	340
281	524
281	578
281	648
281	662
281	679
281	765
281	823
281	842
281	846
281	922
281	934
282	298
282	358
282	362
282	414
282	481
282	551
282	595
282	642
282	667
282	678
282	736
282	738
282	778
282	957
282	992
283	438
283	715
283	722
283	773
283	785
283	836
284	298
284	327
284	374
284	398
284	488
284	556
284	610
284	680
284	695
284	737
284	796
284	861
284	868
284	941
285	299
285	339
285	809
285	874
285	884
286	290
286	391
286	571
286	602
286	931
287	338
287	477
287	486
287	516
287	525
287	526
287	688
287	711
287	884
287	933
287	972
288	456
288	547
288	849
288	915
288	928
288	979
289	453
289	457
289	631
289	694
289	746
289	832
289	838
289	900
289	972
290	356
290	360
290	406
290	499
290	636
290	669
290	756
291	656
292	428
292	521
292	643
292	672
292	695
292	717
292	818
292	833
292	847
292	985
293	302
293	337
293	490
293	570
293	654
293	776
293	784
293	832
293	917
294	320
294	496
294	606
294	903
295	298
295	438
295	509
295	549
295	631
295	678
295	778
295	836
295	846
295	957
296	316
296	407
296	506
296	695
296	715
296	726
296	738
296	773
297	482
298	311
298	340
298	353
298	377
298	451
298	490
298	528
298	540
298	545
298	604
298	683
298	738
298	743
298	752
298	860
299	494
299	835
299	891
299	933
300	304
300	437
300	510
300	587
300	713
300	764
300	768
300	774
300	786
300	831
300	946
301	307
301	424
301	664
301	703
301	717
301	760
301	768
301	784
301	946
302	372
302	840
303	310
303	352
303	399
303	447
303	508
303	593
303	824
303	844
303	856
303	862
303	920
303	961
303	993
304	399
304	614
304	693
304	752
304	808
304	882
304	903
305	540
305	676
305	837
305	848
305	988
306	329
306	335
306	372
306	532
306	580
306	776
306	907
307	327
307	380
307	417
307	564
307	772
307	778
307	811
307	946
307	967
307	999
308	690
308	901
309	330
309	360
309	486
309	657
309	737
309	899
310	352
310	386
310	684
310	844
310	862
310	913
310	915
310	920
311	343
311	348
311	363
311	488
311	493
311	529
311	590
311	662
311	760
311	763
311	817
311	823
311	863
311	911
311	918
312	384
312	408
312	446
312	502
312	756
312	845
312	847
312	894
313	352
313	399
313	494
313	516
313	574
313	742
313	862
313	882
313	915
313	961
314	382
315	321
315	773
315	810
316	560
316	613
316	687
316	717
317	404
317	427
317	546
318	726
318	829
319	563
320	624
320	848
320	901
321	453
321	660
321	750
321	781
321	793
322	337
322	357
322	417
322	451
322	528
322	575
322	736
322	853
322	869
322	888
322	940
322	957
322	984
323	489
324	424
324	860
324	996
325	565
325	588
325	749
325	762
325	908
325	973
325	993
326	414
326	582
326	635
326	697
326	764
326	836
326	842
326	911
327	388
327	470
327	481
327	509
327	534
327	556
327	602
327	604
327	610
327	706
327	722
327	724
327	778
327	817
327	956
327	967
328	411
328	490
328	524
328	570
328	581
328	689
328	948
329	357
329	453
329	524
329	551
329	580
329	734
329	784
329	794
329	853
329	898
329	952
329	975
330	495
330	579
330	595
330	799
330	904
330	931
331	350
331	694
331	797
331	853
332	531
332	641
332	738
333	401
333	494
333	538
333	631
333	676
333	794
333	798
333	896
333	990
334	554
334	806
335	395
335	427
335	765
335	802
336	447
336	562
336	799
336	920
336	929
337	426
337	448
337	485
337	702
337	728
337	816
337	821
337	842
337	885
337	946
338	546
338	728
338	743
338	826
338	828
338	975
339	588
339	668
339	876
340	423
340	438
340	461
340	519
340	528
340	570
340	571
340	581
340	631
340	676
340	677
340	770
340	883
340	898
340	940
341	914
342	396
342	630
342	666
343	361
343	364
343	534
343	661
343	664
343	755
343	787
343	895
343	950
343	967
344	548
344	611
344	679
344	742
344	788
344	993
345	381
345	437
345	569
345	632
345	762
345	938
346	660
346	732
346	800
347	390
347	410
347	453
347	555
347	974
348	363
348	493
348	548
348	557
348	595
348	676
348	777
348	831
348	946
348	967
349	620
349	719
349	838
349	912
350	573
350	709
350	840
351	506
351	649
351	793
352	360
352	365
352	794
352	973
353	390
353	410
353	544
353	743
353	790
353	812
353	853
353	855
353	872
353	945
353	986
354	471
354	518
354	738
354	743
354	778
354	781
354	790
354	852
355	482
355	767
356	386
356	388
356	398
356	470
356	516
356	757
356	778
356	815
356	841
356	852
356	995
357	409
357	524
357	776
357	823
357	833
358	417
358	649
358	666
358	710
358	828
358	974
360	480
360	499
360	669
360	671
360	756
360	899
360	931
360	950
360	983
361	493
361	517
361	529
361	586
361	597
361	616
361	677
361	730
361	777
361	787
361	794
361	815
361	817
361	896
361	928
362	431
362	575
362	706
362	736
362	818
362	839
362	942
362	969
363	591
363	928
363	972
364	763
364	977
365	432
365	447
365	471
365	517
365	623
365	862
366	385
366	422
366	675
366	708
366	742
366	788
366	809
366	972
367	769
368	469
368	919
370	372
370	479
370	564
370	612
370	912
370	932
371	440
371	510
371	559
371	577
371	585
371	651
371	953
372	465
372	546
372	900
373	771
374	408
374	417
374	481
374	576
374	630
374	648
374	717
374	777
374	778
374	783
374	833
374	839
374	847
374	879
374	942
375	494
375	557
375	787
375	859
375	913
375	972
375	973
375	987
376	378
376	547
376	565
376	843
377	410
377	480
377	522
377	610
377	630
377	740
377	769
377	800
377	957
377	984
377	998
378	454
378	973
379	614
379	820
380	533
380	616
380	826
380	830
380	883
380	939
380	944
380	952
381	786
384	530
384	534
384	829
384	964
385	467
385	471
385	541
385	608
385	752
385	915
385	971
386	401
386	452
386	517
386	608
386	617
386	888
386	910
386	934
386	979
386	981
386	987
387	543
387	714
387	749
387	914
388	398
388	461
388	481
388	534
388	586
388	641
388	650
388	757
388	861
388	934
388	982
389	506
390	410
390	464
390	524
390	575
390	628
390	741
390	857
390	952
390	998
391	892
392	582
394	425
394	537
394	577
394	583
395	403
395	451
395	573
395	746
395	797
396	851
396	940
396	998
397	418
397	507
397	585
397	606
397	770
397	837
397	871
397	882
397	885
397	886
398	486
398	511
398	557
398	592
398	661
398	671
398	777
398	787
398	892
398	977
398	987
399	541
399	562
400	495
400	672
400	887
400	919
400	983
400	995
401	447
401	517
401	549
401	664
401	678
401	756
401	877
401	894
401	972
402	580
402	640
402	855
402	871
402	895
402	914
403	532
403	710
403	776
403	840
403	951
404	766
404	770
404	872
404	907
405	511
405	661
405	748
405	787
405	867
405	931
405	942
405	984
406	931
406	964
407	568
407	697
407	712
407	773
407	793
407	964
408	441
408	521
408	642
408	847
408	868
408	875
408	935
409	522
409	605
409	674
409	685
409	736
410	463
410	564
410	729
410	861
410	865
410	974
411	412
411	479
411	515
411	551
411	581
411	590
411	616
411	677
411	686
411	744
411	764
411	883
411	946
411	967
411	982
412	434
412	689
412	770
412	902
412	914
412	970
413	698
414	649
414	695
414	717
414	783
414	880
414	940
415	976
416	666
416	740
416	781
417	490
417	518
417	528
417	591
417	879
417	918
418	670
418	685
420	469
420	919
421	663
421	810
422	676
422	913
423	515
423	635
423	639
423	654
423	741
423	842
424	441
424	500
424	697
424	879
425	606
425	779
426	427
426	448
426	606
426	620
426	713
426	886
427	453
427	709
427	761
427	780
427	840
427	872
428	471
428	715
428	769
428	911
428	935
429	711
429	730
430	555
430	639
430	939
430	968
431	522
431	545
431	648
431	683
431	685
431	711
431	736
431	763
431	836
431	880
431	945
432	554
432	574
432	603
432	856
432	927
433	465
433	567
433	714
433	917
434	540
434	557
434	606
434	682
434	949
434	988
435	438
435	734
435	783
435	785
435	790
437	440
437	638
437	714
437	786
437	874
437	898
437	953
438	449
438	493
438	595
438	640
438	729
438	790
438	846
438	905
438	957
439	542
439	583
439	616
439	629
440	449
440	594
440	749
440	882
440	901
441	446
441	530
441	657
441	661
441	845
441	870
442	509
442	518
442	609
442	678
442	992
443	955
444	486
444	676
444	837
444	882
444	886
444	988
445	491
445	989
446	470
446	502
446	560
446	610
446	724
446	785
446	852
447	452
447	517
447	547
447	565
447	593
447	724
447	799
447	939
447	979
448	694
448	949
449	585
449	614
449	624
449	689
449	763
449	798
451	570
451	595
451	692
451	703
451	903
451	905
451	914
451	940
451	945
451	967
452	815
452	941
453	552
453	573
453	864
453	946
454	486
454	553
454	574
454	617
454	730
454	731
454	755
454	763
454	792
454	896
454	908
454	928
456	578
456	755
456	884
456	973
457	784
457	812
457	821
457	902
458	812
459	551
459	642
459	649
459	701
459	717
459	725
459	846
460	498
460	623
461	509
461	573
461	683
461	717
461	736
461	778
461	787
461	942
461	957
461	987
462	487
462	546
462	832
463	599
463	701
463	725
463	909
464	701
464	729
464	853
464	974
465	485
465	765
466	506
466	560
466	695
466	715
466	805
466	919
466	962
467	494
467	505
467	541
467	604
467	624
467	668
467	817
467	911
467	971
467	990
468	481
468	794
468	852
468	913
468	918
468	934
468	983
470	474
470	528
470	530
470	641
470	642
470	658
470	755
470	805
470	842
470	924
470	926
470	997
471	493
471	553
471	595
471	639
471	846
471	875
471	939
471	957
471	977
472	502
472	615
472	667
472	962
474	679
474	687
474	846
474	894
474	919
475	495
475	657
475	756
477	598
477	651
477	731
478	578
478	718
478	876
478	938
479	488
479	515
479	551
479	552
479	570
479	616
479	631
479	682
479	695
479	703
479	709
479	743
479	905
479	917
479	997
480	531
480	572
480	595
480	642
480	950
480	957
481	521
481	610
481	623
481	641
481	672
481	737
481	744
481	774
481	856
481	866
481	879
481	913
481	915
481	942
484	582
484	850
485	580
485	612
485	719
485	766
485	853
485	868
485	968
485	975
486	488
486	500
486	501
486	650
486	852
486	888
486	915
486	926
486	931
486	977
486	996
487	555
487	912
488	574
488	603
488	772
488	787
488	817
488	920
488	987
490	524
490	581
490	644
490	692
490	757
490	784
490	905
490	940
491	599
491	725
491	819
492	889
493	501
493	509
493	648
493	664
493	713
493	760
493	783
493	816
493	817
493	861
493	888
493	939
493	985
493	990
494	659
494	675
494	792
494	823
494	844
494	971
495	756
495	904
496	546
496	587
496	662
496	676
496	679
496	692
496	764
496	792
496	863
496	949
497	704
498	844
498	856
499	593
499	867
499	941
500	517
500	518
500	556
500	609
500	667
500	722
500	887
500	904
501	792
501	794
501	868
501	888
503	794
503	878
503	892
503	934
503	981
504	567
504	620
504	871
505	614
505	624
505	768
505	788
505	817
505	874
505	922
506	582
506	829
506	995
507	537
507	591
507	606
507	647
507	764
507	792
507	876
507	885
507	939
508	548
508	671
508	877
508	897
509	549
509	557
509	595
509	642
509	738
510	516
510	679
510	730
510	862
510	971
511	592
511	593
511	595
511	609
511	661
511	815
511	910
511	987
512	678
512	793
514	515
514	533
514	545
514	635
514	685
514	854
514	857
515	528
515	544
515	612
515	729
515	776
515	880
515	975
516	541
516	626
516	664
516	891
516	990
517	579
517	617
517	748
517	856
517	877
517	910
517	928
518	631
518	642
518	817
518	967
519	533
519	609
519	610
519	758
519	795
519	841
519	842
519	865
519	942
519	967
520	562
520	565
520	579
520	653
520	884
520	983
521	556
521	560
521	678
521	778
521	926
521	950
522	649
522	734
522	851
524	572
524	709
524	923
525	598
525	759
525	835
525	863
525	888
525	933
525	971
526	537
526	570
526	640
526	719
526	743
526	766
526	914
526	922
527	771
527	886
527	903
528	556
528	689
528	800
528	945
529	717
529	733
529	831
529	868
529	875
529	888
529	915
529	985
529	992
530	553
530	560
530	604
530	687
530	717
530	792
530	977
531	601
531	667
531	680
531	783
531	899
531	924
532	573
532	674
532	853
532	940
532	968
533	734
533	743
533	776
533	855
533	905
534	603
534	657
534	740
534	879
534	883
534	946
534	969
534	972
535	617
535	657
535	799
535	844
535	904
536	746
536	912
536	925
537	570
537	647
538	578
538	794
538	959
538	973
538	993
540	546
540	647
540	692
540	733
540	764
540	816
540	848
540	868
540	946
541	562
541	653
541	755
541	823
542	632
543	611
544	561
544	573
544	628
544	766
544	872
544	951
545	551
545	780
545	967
546	694
546	709
546	761
546	871
546	902
546	948
547	609
547	927
548	843
548	929
549	604
549	605
549	689
549	715
549	717
549	833
549	861
549	913
549	918
549	931
550	806
550	950
550	973
551	580
551	616
551	689
551	706
551	821
551	914
551	963
552	590
552	720
552	970
552	972
552	986
553	556
553	581
553	586
553	595
553	602
553	757
553	763
553	774
553	799
553	815
553	888
553	898
553	918
553	934
553	969
553	985
554	646
554	653
554	721
554	849
554	979
555	686
555	692
555	766
555	840
555	986
556	595
556	597
556	605
556	763
556	790
556	868
556	883
556	918
556	965
557	587
557	608
557	640
557	758
557	763
557	774
557	792
557	866
557	916
559	624
559	837
559	886
559	949
560	649
560	859
560	942
560	987
561	573
561	670
562	731
562	824
562	993
563	622
564	606
564	621
564	874
564	972
565	578
565	675
565	843
565	929
565	971
566	590
566	900
566	963
567	874
567	882
567	917
568	599
568	909
569	647
569	751
569	788
569	823
569	876
570	580
570	689
570	692
570	730
570	922
570	968
570	982
571	687
571	695
571	906
572	677
572	682
572	772
572	792
572	905
573	654
573	702
573	710
573	905
574	817
574	915
574	956
574	979
575	738
575	773
575	800
575	818
575	846
575	992
576	590
576	641
576	642
576	650
576	678
576	702
576	785
576	861
576	869
576	997
577	632
578	731
578	908
578	929
579	592
579	604
579	617
579	641
579	650
579	658
579	774
579	794
579	845
579	895
579	896
579	904
580	810
580	970
581	752
581	776
581	784
581	883
581	895
581	896
581	923
581	945
581	969
583	886
584	633
585	648
585	742
585	817
585	823
585	918
585	956
586	592
586	617
586	755
586	817
586	904
586	992
587	640
587	662
587	758
588	611
588	762
588	891
589	609
589	867
590	752
590	853
590	923
590	926
590	963
591	647
591	733
591	761
591	853
592	643
592	777
592	805
592	815
592	845
592	866
592	887
592	895
592	913
593	815
593	824
594	751
594	886
595	631
595	641
595	738
595	950
595	957
595	985
597	664
597	744
597	749
597	838
597	914
597	969
597	979
598	700
598	742
598	928
598	990
598	993
599	660
600	623
600	661
600	913
601	613
601	769
601	830
601	957
602	756
602	847
602	913
602	924
602	972
602	977
603	668
603	895
604	610
604	738
604	757
604	869
604	894
604	985
605	741
605	836
605	857
605	945
605	962
606	770
606	848
606	930
606	943
607	639
607	986
608	971
609	610
609	661
609	680
609	787
609	792
609	796
609	852
609	887
609	931
610	650
610	661
610	706
610	764
610	878
610	926
610	934
610	942
610	992
611	638
611	700
612	719
612	743
612	837
613	789
613	836
613	962
614	693
614	728
614	882
614	890
614	903
615	739
615	753
615	773
615	881
615	994
616	631
616	777
616	842
617	737
617	845
617	878
617	981
618	686
618	791
620	922
621	848
621	886
623	646
623	657
623	849
623	981
624	647
624	676
624	815
624	901
624	908
625	974
626	688
626	762
628	670
628	685
628	819
628	865
629	632
629	903
630	744
630	750
630	800
630	830
630	851
630	984
631	636
631	658
631	711
631	903
631	969
633	843
634	921
635	740
635	836
635	942
635	984
637	991
638	693
638	788
638	938
639	813
639	830
639	851
639	853
639	905
639	952
640	689
640	728
640	883
640	988
641	671
641	815
641	844
641	915
642	678
642	715
642	785
642	937
642	982
642	994
643	680
643	897
644	658
644	728
644	768
644	922
645	834
646	653
646	858
646	981
647	742
647	816
647	876
647	922
647	933
648	664
648	713
648	744
648	768
648	869
648	946
648	982
649	715
649	738
649	937
649	944
649	950
649	984
650	657
650	661
650	693
650	706
650	738
650	841
650	859
650	875
650	897
650	910
650	950
650	977
650	983
651	675
651	973
652	701
653	659
653	754
654	740
654	776
654	821
654	840
654	902
654	957
654	984
656	729
657	748
657	866
657	910
657	916
657	924
658	744
658	757
658	777
658	811
658	861
658	977
658	985
659	795
659	843
659	929
660	666
660	753
660	813
661	755
661	972
662	689
662	744
662	752
662	869
662	922
662	956
662	979
664	743
664	758
664	760
664	798
664	815
664	863
664	868
664	888
664	979
664	985
666	741
668	928
668	929
668	971
668	973
669	724
669	887
669	919
670	685
670	770
670	855
670	968
670	984
671	680
671	695
671	696
671	722
671	748
671	910
671	931
671	977
672	722
672	839
672	841
672	866
674	689
674	709
674	854
674	975
675	679
675	708
675	863
675	896
675	915
675	961
676	742
676	823
677	730
677	737
677	758
677	764
677	790
677	831
677	869
677	988
678	706
678	708
678	783
678	790
678	839
678	852
678	880
678	962
678	985
679	742
679	755
679	971
679	972
680	684
680	716
680	787
680	815
680	852
680	926
680	983
682	689
682	700
682	728
682	760
682	772
682	790
682	869
682	965
683	709
683	830
683	999
684	722
685	766
685	865
687	695
687	870
687	894
688	742
688	835
688	876
688	971
688	972
689	692
689	869
689	967
689	970
692	703
692	778
692	790
692	937
692	985
693	751
693	970
693	988
694	790
694	998
695	724
695	852
695	860
695	997
696	748
696	805
696	877
696	892
696	931
697	712
697	783
697	992
698	995
700	742
700	763
700	913
700	971
701	813
701	909
702	816
702	826
702	900
702	923
702	970
703	734
703	743
703	784
703	857
703	896
703	967
704	727
706	760
706	778
706	808
706	880
706	916
706	918
707	736
707	813
708	787
708	792
708	823
708	915
708	988
709	719
709	761
709	821
709	879
709	948
710	865
711	744
711	759
711	772
711	851
711	883
711	928
712	732
712	818
712	977
713	903
713	922
713	923
714	884
714	921
716	807
717	780
717	785
717	839
717	990
719	784
719	912
719	922
720	900
722	796
722	852
722	894
722	931
723	820
724	748
724	847
725	951
726	860
726	978
728	943
729	813
729	826
729	828
729	865
729	984
730	758
730	760
730	869
730	918
730	946
730	987
731	795
731	817
731	961
731	973
732	781
732	793
732	850
733	869
733	882
734	780
734	802
734	853
734	869
734	912
734	925
736	738
736	743
736	920
736	945
736	972
736	984
736	985
737	792
737	794
737	839
737	866
737	913
738	744
738	842
738	950
738	992
741	813
741	850
741	880
743	796
743	857
743	868
743	882
744	787
744	875
744	933
747	767
747	806
747	849
748	756
749	759
749	792
751	775
751	875
751	876
751	913
751	915
752	763
752	772
752	792
752	794
752	831
752	883
752	972
752	988
752	990
755	887
755	928
755	982
757	758
757	763
757	787
757	800
757	866
757	911
757	967
757	969
757	982
757	997
758	811
758	833
758	863
758	883
758	969
760	875
760	895
760	965
761	882
761	902
761	963
763	772
763	798
763	911
763	918
763	933
763	982
764	808
764	949
764	972
764	990
765	902
765	914
765	957
765	975
766	840
766	853
767	841
767	919
768	798
768	823
768	871
768	922
769	793
770	826
771	907
772	792
772	818
772	869
772	969
772	972
772	982
772	990
773	783
773	860
773	937
774	792
774	863
774	878
774	879
774	882
774	934
774	967
774	992
776	780
776	839
776	840
776	857
776	905
777	787
777	792
777	934
777	939
778	833
778	842
778	857
778	942
778	979
778	992
780	800
780	830
780	952
780	986
783	818
783	847
783	911
783	997
785	818
785	952
785	997
786	874
786	990
787	861
787	915
787	965
787	977
787	982
788	823
788	884
790	851
790	857
792	808
792	843
793	813
793	964
794	798
794	896
794	934
794	965
794	969
795	961
796	805
796	815
796	859
796	957
796	992
797	828
799	852
799	910
799	941
800	905
801	826
802	821
802	826
802	832
802	914
805	815
805	841
805	845
805	919
805	965
806	824
806	844
807	897
808	843
808	863
808	970
810	857
810	880
811	895
811	939
811	950
811	965
812	923
813	999
815	817
815	896
815	928
815	934
816	863
816	869
818	957
819	909
819	984
820	876
820	929
821	914
821	922
823	863
823	957
824	887
824	981
828	940
828	974
828	984
829	976
830	836
830	838
830	940
830	974
830	986
831	863
831	934
831	972
833	839
833	842
833	861
833	922
833	939
833	992
833	996
835	913
836	880
837	930
837	949
838	853
838	871
839	857
839	869
840	975
841	892
841	931
842	897
842	967
842	969
842	972
842	985
844	983
845	887
845	910
846	855
846	972
846	986
847	860
847	919
847	926
848	882
848	947
849	858
850	880
851	945
851	974
852	931
852	965
852	985
852	995
852	997
853	898
854	865
854	980
856	862
856	883
856	931
856	973
857	967
857	984
861	903
861	972
862	897
862	929
863	883
863	914
864	980
866	915
867	919
867	995
868	946
868	970
869	879
869	896
869	911
869	982
870	881
871	930
872	905
872	974
873	886
874	882
874	885
874	898
875	937
875	939
875	987
876	891
876	971
876	993
878	983
878	987
879	992
880	999
882	885
882	917
882	953
882	956
882	970
882	975
883	934
883	969
883	972
884	993
885	917
885	949
886	890
887	913
888	946
888	987
892	899
894	996
895	920
895	990
896	913
896	965
896	969
896	972
897	929
898	922
898	975
902	972
904	920
905	914
905	952
909	950
910	985
911	934
911	939
911	992
911	999
913	992
914	970
915	979
915	983
915	987
918	965
920	939
922	943
922	946
923	975
924	931
928	977
929	961
929	981
930	943
933	946
937	940
937	945
937	967
937	998
938	971
939	985
940	999
942	967
942	987
942	992
943	953
945	984
946	965
950	957
952	984
952	986
952	999
957	972
961	971
963	970
964	978
965	982
968	974
969	971
969	977
970	982
972	990
972	999
974	986
977	981
977	992
